"V1" "V2" "V3" "V4" "V5" "V6" "V7" "V8" "V9" "V10" "V11" "V12" "V13" "V14" "V15" "V16" "V17" "V18" "V19" "V20" "V21"
"1" 0 0 0.0740001708950855 0 0 0 0.272564142452548 0 0 0.0878634669209674 0.107996191351194 0.0815143456034714 0 0.0498117704214374 0 0.0560879553596629 0 0 0 0 0
"2" 0 0 0 0 0.057307268466528 0 0 0.228263492864083 0 0.0796091939845572 0 0 0 0.0835079178032079 0.132889372527992 0 0 0.0780088434661583 0 0.0796298335079268 0.0834217868356033
"3" 0.11248448937962 0 0 0.0837900004959925 0 0 0.307523581090104 0 0.0929338724440747 0.0794447503542002 0.149912481279066 0.0803301759857843 0.0907120753291895 0.0659043346244414 0 0.0647476714270396 0.171100564783153 0 0 0 0
"4" 0 0 0.093778362870729 0 0.081721674115442 0 0 0 0.106110378401264 0 0.139599061840225 0.0576541028728684 0.0788916786118617 0.043717825445423 0 0.0742073526037187 0.109233870793813 0 0.0767637360127849 0.0546836512517273 0
"5" 0 0.0914617854592195 0 0.0638504036247485 0 0.151398951530432 0 0 0 0.0805394436138119 0 0.0706681741749686 0.0942081964725072 0.0534504978158715 0.108336261278776 0.0694918293284259 0 0.0748215920648976 0.0882425754622038 0.0569865070805601 0.0926071155622765
"6" 0 0 0 0 0.0970293153573414 0 0 0 0 0 0 0 0 0 0 0 0 0.109148079534045 0.112578008833958 0.0528739028219055 0.0579919448670516
"7" 0.125032715593161 0 0.108873924530696 0 0 0 0 0 0 0.0752888218502592 0.125806018702039 0 0 0 0 0 0 0 0 0 0
"8" 0 0.112773232581716 0 0 0 0 0 0 0 0.0873435655343742 0 0 0 0 0.155072235989186 0 0 0.0622174088248038 0 0 0
"9" 0 0 0.0945348428780451 0.0830354769504598 0 0 0 0 0 0 0.133712215885038 0.0836183862772866 0.0854733987796 0.0402175709405719 0 0.0759254438191571 0.116692262024297 0 0.0885397280541266 0.0782086542996149 0
"10" 0.156768716375966 0.115677697594551 0.0891034372820087 0 0.0895131145360066 0 0.226263808507218 0.246079222763313 0 0 0 0 0 0.0454663074893371 0.161931899740241 0.0660419752958217 0 0.100437332597656 0 0.0739957244151249 0.0989946292732362
"11" 0.141014894716806 0 0.0702367247420004 0.0849915737543166 0 0 0.206950463573716 0 0.0890784535958618 0 0 0.095352765167053 0 0.0796790505783669 0 0.0720241533150168 0.120106508271489 0 0 0 0
"12" 0.157075152589765 0 0.0993057877051563 0.0944942446606951 0.0662705154400559 0 0 0 0.0979464531474379 0 0.108201628852476 0 0.101986087440507 0.043223244124097 0 0.0721701322632221 0.135053702459096 0 0.0869410899238795 0.0654665689259416 0
"13" 0 0 0.115104973076286 0.0695819533458642 0.0610157352892948 0 0 0 0.116576609776499 0 0 0.0973170092079493 0 0.0631652450578926 0 0.0935629799933115 0.0888740771154878 0 0.123401581368004 0.0883880847814592 0.0807707379108611
"14" 0.157703911229162 0.129361088265475 0.105528325352261 0.0977488870302394 0.0425477739194035 0 0 0 0.146654347830184 0.0774704490981196 0.107122963664196 0.109566258025979 0.0550303848634251 0 0 0.0467394728683947 0.0994092727253086 0.0779401483311144 0.0605930127983621 0.0607582778809999 0.0981963387043699
"15" 0 0.12123277568547 0 0 0.0866049309202434 0 0 0.325648889945768 0 0.103710200665629 0 0 0 0 0 0 0 0.104748683383324 0 0 0.070956655905835
"16" 0.147156951318401 0 0.0916969161286961 0.0998338822223671 0.0689162347564071 0 0 0 0.0947428254158129 0.0696081615368232 0.0932356538858376 0.086800804279959 0.06777500290092 0.0723541224919639 0 0 0.128799162292827 0.090092887947674 0.0674050069995723 0.10272182756602 0.0689716146962996
"17" 0 0 0.0796015283569637 0.0596410882173041 0 0 0 0 0.0911077025714025 0 0.127441256184997 0.0731723476730313 0.0837228896878405 0.0678315713699468 0 0.0808454394888408 0 0 0 0 0
"18" 0 0.113958541180606 0 0 0.0640983925066759 0.21611023884961 0 0.250543145359697 0 0.0751007860466064 0 0 0 0.0585945199815306 0.171697803065467 0.0590713212414736 0 0 0.101605936035445 0.0952651489551127 0.101950136380379
"19" 0 0 0 0.0909218533181495 0.0879551418502836 0.185730370946689 0 0 0.12228190941286 0 0 0.0888859270742521 0.0850992594705863 0.0760243210470129 0 0.0856519770330176 0 0.102918548095302 0 0.0686932557822671 0.0825598076833331
"20" 0 0.163374949454889 0 0.0982320916844359 0.0967308257428231 0.192312893975936 0 0 0.10930532763988 0.0861188565384297 0 0.0939292177847848 0.0734233057905222 0.0403499022060012 0 0.0380749420631813 0 0.0724131550600938 0.0823090715747379 0 0.0984614985141109
"21" 0 0.0980905813663191 0 0 0.0791353593501064 0.209725261063071 0 0 0 0.120284875758289 0 0 0.0660511601798087 0.0541267373333816 0.196225291128841 0.0558917036541892 0 0.0824449393751435 0.0921519608185689 0.0433286833708084 0
