"V1" "V2" "V3" "V4" "V5" "V6" "V7" "V8" "V9" "V10" "V11" "V12" "V13" "V14" "V15" "V16" "V17" "V18" "V19" "V20" "V21" "V22" "V23" "V24" "V25" "V26" "V27" "V28" "V29" "V30" "V31" "V32" "V33" "V34" "V35" "V36" "V37" "V38" "V39" "V40" "V41" "V42"
"1" 0 0 0 0 0 0.286863305960388 0 0 0 0 0 0 0 0 0 0.277438846170139 0 0 0 0 0.189823867465455 0 0.17491244901747 0 0 0 0 0 0 0 0 0 0 0 0.164942751249389 0 0.164971624149514 0 0 0 0 0
"2" 0 0 0 0 0 0 0 0 0.128069196546666 0 0 0 0 0 0.222087935178567 0 0 0.0914752419614012 0 0 0 0 0 0 0.160018877171733 0 0 0.194655255288851 0 0 0 0 0 0 0 0 0 0 0 0 0 0
"3" 0 0 0 0.155806574125111 0 0 0 0 0 0 0.123632371506383 0 0 0 0 0 0 0 0 0 0 0.195430557656201 0 0 0 0 0 0 0 0 0 0 0 0 0.139832786320607 0 0 0 0 0 0 0.330888011219078
"4" 0 0 0.241858179438384 0 0 0 0 0 0 0 0 0 0 0.272910500930968 0 0.290819571780454 0 0 0 0 0 0 0 0 0.115633350846668 0 0 0 0 0 0 0 0 0 0.160255587221957 0 0 0 0 0.174473316146793 0 0
"5" 0 0 0 0 0 0 0 0 0.135817902693362 0 0 0 0 0 0.224935162819869 0 0 0.170151958761236 0 0 0 0 0 0 0 0 0 0 0 0 0 0 0 0 0 0 0.163722168885412 0 0 0 0.252087743038068 0
"6" 0.183163505526888 0 0 0 0 0 0 0 0 0.193792625132822 0 0 0 0 0 0 0 0 0 0 0 0 0 0 0 0 0 0 0 0 0 0 0 0 0 0 0 0.138561183960348 0 0 0 0.211305205133394
"7" 0 0 0 0 0 0 0 0 0 0 0.130260752946078 0 0.149457636693491 0 0 0 0 0 0 0 0.205421588956058 0 0 0 0 0 0 0 0 0 0 0 0 0 0 0 0 0.121570715847583 0 0 0.224400908984545 0
"8" 0 0 0 0 0 0 0 0 0 0 0 0 0 0 0 0 0 0 0 0 0 0.245195613092289 0.135883908437687 0 0.185965890197122 0 0 0.128300861551289 0 0 0.225436223557363 0 0 0 0.0662821134827217 0 0 0.172888718501138 0 0.137928954948433 0 0
"9" 0 0.195847355593239 0 0 0.276818278975644 0 0 0 0 0 0 0 0 0 0 0 0 0 0 0 0 0 0.170843962877044 0 0 0 0 0 0 0.301450383071236 0.248777217027206 0 0 0 0 1.06025113203916 0 0 0 0 0 0
"10" 0 0 0 0 0 0.208103391246911 0 0 0 0 0 0 0 0 0 0 0 0 0 0.119272601708052 0.149037270437597 0 0 0 0 0 0 0 0 0 0 0 0 0 0 0 0.258848714498334 0.135864971050104 0 0 0.21117094285013 0.222934374764979
"11" 0 0 0.229408048049188 0 0 0 0.17249710155037 0 0 0 0 0 0 0 0 0 0 0.120376205656639 0.263656755534194 0.12462733341126 0 0 0 0 0 0.23656282359057 0 0 0 0 0 0 0.134222678102468 0 0 0 0 0 0.139111420857747 0 0 0
"12" 0 0 0 0 0 0 0 0 0 0 0 0 0 0 0.237001555693176 0 0 0 0 0 0 0 0 0 0 0 0 0 0 0.308109980163438 0 0 0.136328429753102 0 0 0 0 0.141329423760405 0 0 0.260068010283965 0
"13" 0 0 0 0 0 0 0.177698221023118 0 0 0 0 0 0 0 0 0.228867080307433 0 0.166399149727509 0.126256351236349 0.153106191867819 0 0.226611005341702 0 0 0 0 0 0 0 0 0 0 0.134237708945239 0 0 0 0 0 0 0 0 0
"14" 0 0 0 0.194908640504374 0 0 0 0 0 0 0 0 0 0 0 0 0 0 0 0 0.244916590861028 0 0 0 0 0 0 0.151909438708846 0 0 0 0 0 0.199093570388105 0.129495919083417 0 0 0 0 0 0 0
"15" 0 0.150692608498381 0 0 0.185753182413531 0 0 0 0 0 0 0.248356972375936 0 0 0 0 0 0 0 0 0 0 0 0 0 0 0 0 0.617161848747466 0 0 0 0 0 0 0 0.197725039904415 0 0 0 0 0
"16" 0.158876110116867 0 0 0.183756706911328 0 0 0 0 0 0 0 0 0.165009462039493 0 0 0 0 0 0 0 0 0 0 0 0 0 0 0 0 0 0 0 0 0 0 0 0 0.130400719677462 0 0 0 0
"17" 0 0 0 0 0 0 0 0 0 0 0 0 0 0 0 0 0 0.147233944773729 0 0 0 0 0 0 0 0 0 0 0 0 0 0 0 0.197557041220811 0 0 0 0 0 0 0 0
"18" 0 0.234172133112731 0 0 0.222943841901753 0 0 0 0 0 0.138473779183329 0 0.170531053643165 0 0 0 0.484205967971574 0 0 0 0.15003592725328 0 0 0 0 0 0 0 0 0.352501357683543 0 0 0 0 0 0 0 0 0 0 0 0
"19" 0 0 0 0 0 0 0 0 0 0 0.108561197147512 0 0.158078400440986 0 0 0 0 0 0 0.128154327802309 0 0 0 0 0 0 0 0 0 0 0 0 0 0 0 0 0 0 0.0960101359313407 0 0 0
"20" 0 0 0 0 0 0 0 0 0 0.131290393861797 0.116022869227493 0 0.131326154310602 0 0 0 0 0 0.233477269593147 0 0 0 0 0 0 0 0 0.106918140998147 0 0.211665694401914 0 0 0 0 0 0 0 0 0.135239493409206 0 0 0
"21" 0.101228227496145 0 0 0 0 0 0.247393484501549 0 0 0.147258254376537 0 0 0 0.194043864438278 0 0 0 0.143492349720695 0 0 0 0 0 0 0 0 0 0 0 0 0 0 0.116261506644064 0 0 0 0 0 0 0 0 0
"22" 0 0 0.213647449909416 0 0 0 0 0.15098174371652 0 0 0 0 0.10323902761115 0 0 0 0 0 0 0 0 0 0 0 0 0 0 0 0 0 0 0 0 0 0 0 0 0 0.166247968184789 0 0.245085213664505 0
"23" 0.16409613758851 0 0 0 0 0 0 0.104326368035872 0.188529639245336 0 0 0 0 0 0 0 0 0 0 0 0 0 0 0.254413707424873 0.168198834458757 0 0 0 0 0 0 0.335872401976338 0 0 0 0 0 0 0 0 0 0
"24" 0 0 0 0 0 0 0 0 0 0 0 0 0 0 0 0 0 0 0 0 0 0 0.144451808801552 0 0 0 0 0 0 0 0 0.247061903452776 0 0 0.11791665722411 0 0 0.0991771332930755 0 0 0 0
"25" 0 0.233135668877155 0 0.133737402987964 0 0 0 0.0836305569491384 0 0 0 0 0 0 0 0 0 0 0 0 0 0 0.131891271447254 0 0 0 0 0 0 0 0.230859779995259 0 0 0 0.123410359975011 0 0 0 0 0 0 0
"26" 0 0 0 0 0 0 0 0 0 0 0.110951288619572 0 0 0 0 0 0 0 0 0 0 0 0 0 0 0 0 0.16526085940006 0 0 0 0 0 0.176076500575341 0 0 0 0 0 0 0 0
"27" 0 0 0 0 0 0 0 0 0 0 0 0 0 0 0 0 0 0 0 0 0 0 0 0 0 0 0 0 0 0 0 0 0 0 0 0 0 0 0 0.137531922972582 0 0
"28" 0 0.161237920067261 0 0 0 0 0 0.128247668247258 0 0 0 0 0 0.182809119795501 0 0 0 0 0 0.121200846654323 0 0 0 0 0 0.308225698868793 0 0 0 0 0 0 0 0 0 0 0 0 0.119924466409355 0.266820245190802 0 0
"29" 0 0 0 0 0 0 0 0 0 0 0 0 0 0 0.182360654621809 0 0 0 0 0 0 0 0 0 0 0 0 0 0 0 0.162186554156881 0 0 0 0 0 0 0 0 0 0 0
"30" 0 0 0 0 0 0 0 0 0.192555267584172 0 0 0.221245841233545 0 0 0 0 0 0.207603606878039 0 0.146703531859414 0 0 0 0 0 0 0 0 0 0 0 0 0 0 0 0 0 0 0 0 0 0
"31" 0 0 0 0 0 0 0 0.137210250228738 0.253107637683714 0 0 0 0 0 0 0 0 0 0 0 0 0 0 0 0.189469334957508 0 0 0 0.664122060435288 0 0 0 0 0 0 0 0 0.114969536198025 0 0 0 0
"32" 0 0 0 0 0 0 0 0 0 0 0 0 0 0 0 0 0 0 0 0 0 0 0.193577516740462 0.195058462067038 0 0 0 0 0 0 0 0 0 0 0 0 0 0 0 0 0 0.234141787912227
"33" 0 0 0 0 0 0 0 0 0 0 0.103470974822706 0.11426975983181 0.154313568960518 0 0 0 0 0 0 0 0.210182617659275 0 0 0 0 0 0 0 0 0 0 0 0 0.123899426334888 0 0 0.162936402730391 0 0.181705225326869 0 0 0
"34" 0 0 0 0 0 0 0 0 0 0 0 0 0 0.322358778880915 0 0 0.433097190607057 0 0 0 0 0 0 0 0 0.266223316834761 0 0 0 0 0 0 0.174087674942923 0 0 0 0 0 0 0.24748381486645 0 0
"35" 0.160826647870082 0 0.19361465386206 0.145899991253918 0 0 0 0.127813271438657 0 0 0 0 0 0.237594903255978 0 0 0 0 0 0 0 0 0 0.250133226649315 0.13428966728928 0 0 0 0 0 0 0 0 0 0 0 0 0 0.11991208007426 0 0 0
"36" 0 0 0 0 0 0 0 0 0.15710606377036 0 0 0 0 0 0 0 0 0 0 0 0 0 0 0 0 0 0 0 0 0 0 0 0 0 0 0 0 0 0 0 0 0
"37" 0.163454677505889 0 0 0 0.131192990505321 0 0 0 0 0.138642069842798 0 0 0 0 0.170267784512498 0 0 0 0 0 0 0 0 0 0 0 0 0 0 0 0 0 0.160063257102095 0 0 0 0 0 0 0 0 0
"38" 0 0 0 0 0 0.206539488385129 0.173074619327926 0.160109044478698 0 0.154999441399231 0 0.199991901344235 0 0 0 0.238513229032065 0 0 0 0 0 0 0 0.152730498225544 0 0 0 0 0 0 0.220993776743443 0 0 0 0 0 0 0 0 0 0 0
"39" 0 0 0 0 0 0 0 0 0 0 0.0737530431237358 0 0 0 0 0 0 0 0.205614122962834 0.117543757658179 0 0.189566122075646 0 0 0 0 0 0.161676733254325 0 0 0 0 0.16031960177125 0 0.142565767027483 0 0 0 0 0 0 0
"40" 0 0 0 0.175790452744719 0 0 0 0.127201441035219 0 0 0 0 0 0 0 0 0 0 0 0 0 0 0 0 0 0 0.800406837882348 0.248724641980313 0 0 0 0 0 0.19727102476083 0 0 0 0 0 0 0 0
"41" 0 0 0 0 0.190045056174292 0 0.180202249615469 0 0 0.0848692564805154 0 0.190081681267757 0 0 0 0 0 0 0 0 0 0.192231501808279 0 0 0 0 0 0 0 0 0 0 0 0 0 0 0 0 0 0 0 0
"42" 0 0 0.196436904899671 0 0 0.297133771429065 0 0 0 0.130336292289246 0 0 0 0 0 0 0 0 0 0 0 0 0 0 0 0 0 0 0 0 0 0.4770923261157 0 0 0 0 0 0 0 0 0 0
