"V1" "V2" "V3" "V4" "V5" "V6" "V7" "V8" "V9" "V10" "V11" "V12" "V13" "V14" "V15" "V16" "V17" "V18" "V19" "V20" "V21" "V22" "V23" "V24" "V25" "V26" "V27" "V28" "V29" "V30" "V31" "V32" "V33" "V34" "V35" "V36" "V37" "V38" "V39" "V40" "V41" "V42"
"1" 0 0 0 0 0 0 0 0 0 0 0 0.0702757700144655 0 0 0.102035658348124 0.0695709148596826 0 0 0 0 0 0 0 0 0 0 0 0 0 0.161027890381171 0 0 0 0 0 0.0928565232233772 0 0 0 0 0 0.225954649449111
"2" 0 0 0 0 0 0 0 0 0 0 0 0.0893884925377281 0 0 0 0.0761155017201317 0 0 0 0 0 0 0.0480582905815748 0 0 0.128269374731208 0.0652348354832404 0 0.089628276494262 0 0.143287156654924 0.159266448579722 0 0 0 0.126531918430439 0 0 0 0 0 0
"3" 0 0 0 0.12958315304594 0.402575323012089 0 0 0.170325934963575 0.350904628333455 0 0 0 0 0.0973712819596395 0 0 0 0.0925525161032964 0 0 0 0 0 0.165256851158785 0 0 0 0.362494175632784 0 0 0 0 0 0 0 0 0 0 0 0 0.0572589948181597 0
"4" 0 0 0.0988536679349328 0 0 0 0 0.1403842066374 0 0 0.0378716552087662 0 0 0.0777029359102136 0 0 0.0714688030110176 0.0863719268821016 0 0 0 0.0812010240729736 0.0548811716626643 0.0808766704530065 0.0672349160593924 0 0 0 0 0 0 0 0 0 0 0 0 0 0 0 0.0796731175594185 0
"5" 0 0 0.123777514978376 0 0 0 0 0 0.253795182784697 0 0 0 0 0 0 0 0 0 0 0 0 0 0 0 0 0 0 0.241383060892086 0 0 0 0 0 0 0 0 0 0 0 0 0 0
"6" 0 0 0 0 0 0 0 0 0 0 0.0715174845883366 0 0.0565925407084701 0 0 0 0 0 0.110011132999137 0.106040411973737 0.0896717465011457 0 0 0 0.0673817850749239 0 0 0 0 0 0 0 0.0452631719849108 0 0.388389440729415 0 0.0387107256976875 0.0804994899448409 0 0 0 0
"7" 0 0 0 0 0 0 0 0 0 0 0.0696098972479343 0.11557677986542 0.093320510432169 0 0 0 0.0621065559771112 0 0.0570085599198624 0.148107263491302 0 0.0803249790142354 0.0742460773186498 0 0.0455495658017886 0 0.0504751004024448 0 0.100791623447923 0 0 0 0.0606371484069874 0 0 0 0.060066333834372 0.0840358484739322 0 0 0.0773043315237111 0
"8" 0 0 0.0925008922814686 0.0780399492747575 0 0 0 0 0 0 0 0 0 0.0878923525386683 0 0 0 0.0742365205782549 0 0 0 0 0 0.134133971670747 0 0 0 0 0 0 0 0 0 0 0 0 0 0 0 0 0.0626490910890827 0
"9" 0 0 0.0608865342598709 0 0.237202625672763 0 0 0 0 0 0 0 0 0 0 0 0 0 0 0 0 0 0 0 0 0 0 0.298604171399846 0 0 0 0 0 0 0 0 0 0 0 0 0 0
"10" 0 0 0 0 0 0 0 0 0 0 0 0 0 0 0 0 0 0 0 0 0 0 0 0 0 0 0 0 0 0 0.196119404070921 0.110521175855391 0 0.157740597073971 0 0 0 0 0 0.233827890517805 0 0
"11" 0 0 0 0.134141266162928 0 0.111967439329841 0.061032456096022 0 0 0 0 0 0.086408657094693 0.0959093289863802 0 0 0.0644178632018149 0.117119653457414 0.106332515441436 0 0.108995532140274 0.0638459476819958 0.0757877239181912 0 0.0533566311637465 0 0.0636384247336502 0 0 0 0 0 0.0500490098661964 0 0 0 0.0687092906657856 0.0781767858180489 0 0 0.0846272821209628 0
"12" 0.196956878898211 0.0934083085901795 0 0 0 0 0.0314036364811195 0 0 0 0 0 0 0 0.141042599072153 0.0906137801149461 0 0 0 0 0 0 0 0 0 0.126316627374038 0.0608697942013141 0 0.0894011840750064 0 0 0 0.0732848815765068 0 0 0.177201717727623 0.0650760602159144 0 0 0 0 0
"13" 0 0 0 0 0 0.0920442841095946 0.0833677289107621 0 0 0 0.0585274871341357 0 0 0 0 0 0 0 0.080794865421162 0.124435789843334 0.0913120936118133 0.0836395391704585 0 0 0.0631627557212317 0 0.0737419415856942 0 0 0 0 0 0.0454493143879699 0 0 0 0.0514854870783256 0.0589307475102581 0 0 0 0
"14" 0 0 0.0800784298280262 0.0911662423770656 0 0 0 0.109029054596673 0 0 0.0453699316669748 0 0 0 0 0 0.0644132026524477 0.104411230409216 0 0 0 0.0715078947490551 0.0756337500660446 0.182797153497065 0.0442717201158847 0 0 0 0 0 0 0 0 0 0 0 0 0 0 0 0.0731038614660326 0
"15" 0.192765934751372 0 0 0 0 0 0 0 0 0 0 0.0626557584790974 0 0 0 0.0897790081615873 0 0 0 0.105264113860181 0 0 0 0 0 0 0 0 0 0.175070664320718 0 0 0 0 0 0.125247606246583 0.0661647491265854 0 0 0 0 0.21505737538135
"16" 0.172520383343961 0.0949453594417894 0 0 0 0 0 0 0 0 0 0.100339869266376 0 0 0.12165108295886 0 0 0 0 0 0 0 0 0 0 0.114847363822973 0 0 0.0646312081696291 0.165230832293979 0 0.160751968130349 0 0.159787209643301 0 0.0774065019289853 0 0 0 0.179383485952776 0 0.245631266346788
"17" 0 0 0 0.0598784686522148 0 0 0.0729786277937814 0 0 0 0.0449974312455976 0 0 0.110031963402443 0 0 0 0.0735288252664551 0 0 0 0.0419346344587195 0.0811136207061423 0 0.0559527250150399 0 0.053494250608931 0 0.0705043146890994 0 0 0 0.054171899227661 0 0 0 0.0564137837391782 0.0893995374610805 0 0 0.0599032209416462 0
"18" 0 0 0.112404804352493 0.0882884714830728 0 0 0 0.154356366164371 0 0 0.0616859306262507 0 0 0.10707335714495 0 0 0.0737019180880272 0 0 0 0 0.089772888777179 0 0.135378707471049 0.0662350432486637 0 0 0 0 0 0 0 0 0 0 0 0 0 0 0 0.0575602093225362 0
"19" 0 0 0 0 0 0.146669899124651 0.0708865251734827 0 0 0 0.0624721935495139 0 0.0790854796011029 0 0 0 0 0 0 0.0666241006827548 0.125746101186336 0 0 0 0.0488186171433804 0 0.0923972230718808 0 0 0 0 0 0.0430048322682332 0 0 0 0.0357790420285609 0.0732749730020991 0 0 0 0
"20" 0 0 0 0 0 0.10290362899533 0.0468585517241597 0 0 0 0 0 0.123561661393252 0 0.140080512467108 0 0 0 0.0675723559772947 0 0.110193960640037 0 0 0 0 0 0.0546073363063767 0 0 0 0 0 0.0536078950514792 0 0 0 0.05267629595035 0 0 0 0 0
"21" 0 0 0 0 0 0.117504535679905 0 0 0 0 0.0437132958964926 0 0.0965460442784738 0 0 0 0 0 0.0900116602180554 0.0608798019006576 0 0 0 0 0 0 0 0 0 0 0 0 0.0591885158470675 0 0 0 0.0568628671120801 0.0830351247442031 0 0 0 0
"22" 0 0 0 0.111211283131966 0 0 0.0632745887666718 0 0 0 0.0435213577569941 0 0.0557139515566817 0.0789711114836278 0 0 0.0506476590924787 0.0725260634662961 0 0 0 0 0.0675177534316847 0 0.052704332210117 0 0.0492510925567873 0 0.058091718798263 0 0 0 0.0649944982869407 0 0 0 0.0273982672025794 0.0693323672524386 0 0 0.0608430564332487 0
"23" 0 0.104215283667483 0 0.0617982108928572 0 0 0.0711575746045071 0 0 0 0.0527287291436686 0 0 0.107859061151347 0 0 0.0571372185256859 0 0 0 0 0.0824263990426719 0 0 0.0754943969277728 0.107234991398269 0.0529387949622912 0 0.107272152756814 0 0 0 0.0498329746110044 0 0 0 0.0772307613229075 0 0 0 0.0685094859083753 0
"24" 0 0 0.0987137255724383 0.0803888797998542 0 0 0 0.232181932334704 0 0 0 0 0 0.0816679318065142 0 0 0 0.0775361100399181 0 0 0 0 0 0 0 0 0 0 0 0 0 0 0 0 0 0 0 0 0 0 0.0764251768600202 0
"25" 0 0 0 0.109327040546383 0 0.105201379864198 0.0503095283577028 0 0 0 0.0568821009914979 0 0.0884023574057889 0.102776855059739 0 0 0.0730568657314562 0.104517237244769 0.0807844910982623 0 0 0.0637592892891953 0.0534440791610944 0 0 0 0.0592903647615311 0 0 0 0 0 0.0471256123302464 0 0 0 0.0338595341038848 0.08474103536955 0 0 0.0505055179099304 0
"26" 0 0.0924742497127193 0 0 0 0 0 0 0 0 0 0.0894418814266836 0 0 0 0.104963234940846 0 0 0 0 0 0 0.091131495344578 0 0 0 0 0 0.0804998142336713 0 0.129562073486156 0.130719570355085 0 0 0 0 0 0 0.357958064388917 0 0 0
"27" 0 0.15114343040607 0 0 0 0 0.0722465903254877 0 0 0 0.0350407727819324 0.105671248194583 0.07013496714071 0 0 0 0.0621801160455537 0 0.0973002327188578 0.0713116966149678 0 0.0576703018161554 0.0728791543986822 0 0.0582067707623532 0 0 0 0.0409366288311564 0 0 0 0.055475026141394 0 0 0 0.0474746302356979 0.0550679780798453 0 0 0.0648467741362961 0
"28" 0 0 0.112042064536038 0 0.227557117561418 0 0 0 0.33245940144009 0 0 0 0 0 0 0 0 0 0 0 0 0 0 0 0 0 0 0 0 0 0 0 0 0 0 0 0 0 0.279420755040536 0 0 0
"29" 0 0.12783167393545 0 0 0 0 0.0529907589739136 0 0 0 0 0.0677292112001057 0 0 0 0.0880415627800202 0.0999858019574238 0 0 0 0 0.0612147092125907 0.0686532210115228 0 0 0.123611947506427 0.0503870417322559 0 0 0 0 0 0.0780307675014442 0 0 0 0.0726244367714478 0 0.247156541714494 0 0.0701734275524125 0
"30" 0.170223402865792 0 0 0 0 0 0 0 0 0 0 0 0 0 0.187339739648073 0.0913154011378789 0 0 0 0 0 0 0 0 0 0 0 0 0 0 0 0 0 0.172014966238468 0 0.212208498936877 0 0 0 0.140505416297192 0 0.216399728877204
"31" 0 0.101093046566509 0 0 0 0 0 0 0 0.263158426239131 0 0 0 0 0 0 0 0 0 0 0 0 0 0 0 0.119328973807704 0 0 0 0 0 0.175976369424397 0 0.14930955968381 0 0 0 0 0.230059049390198 0.165121598391259 0 0
"32" 0 0.11763086776614 0 0 0 0 0 0 0 0.270040119341314 0 0 0 0 0 0.0735721334071748 0 0 0 0 0 0 0 0 0 0.0846080761579299 0 0 0 0 0.11795596585013 0 0 0.208394130224532 0 0 0 0 0 0.218469708895019 0 0
"33" 0 0 0 0 0 0.122171420254606 0.0843596237432521 0 0 0 0.0370644825200954 0.087644824632598 0.0565944462696368 0 0 0 0.0667892747792 0 0.0846368841588043 0.175388226982571 0.111657992677467 0.0608088701788152 0.0767362766373985 0 0.0723064923585346 0 0.0775467408515317 0 0.0785733846684262 0 0 0 0 0 0 0 0.0467343786566514 0.0789769021762328 0 0 0.0810821267369563 0
"34" 0 0 0 0 0 0 0 0 0 0.28901640706091 0 0 0 0 0 0.0677051196568764 0 0 0 0 0 0 0 0 0 0 0 0 0 0.155785245843359 0.132441667876792 0.14122375595859 0 0 0 0 0 0 0 0.148330777285203 0 0
"35" 0 0 0 0 0 0.0878494224764292 0 0 0 0 0 0 0 0 0 0 0 0 0 0 0 0 0 0 0 0 0 0 0 0 0 0 0 0 0 0 0 0.057659522548141 0 0 0 0
"36" 0.17558652244115 0.133057847737407 0 0 0 0 0 0 0 0 0 0.0614475221489662 0 0 0.118486053155477 0.0745739177843349 0 0 0 0 0 0 0 0 0 0 0 0 0 0.16765835043096 0 0 0 0 0 0 0 0 0 0 0 0.184280569778553
"37" 0 0 0 0 0 0.0964058624091654 0.0747334943169341 0 0 0 0.0630302586742259 0.0691229413980959 0.0906597830170359 0 0.117506167173094 0 0.0803913268410838 0 0.116610078865968 0.144989273702618 0.145982010703991 0.0718934827106729 0.0504977931496523 0 0.0645627516933323 0 0.0502014439678339 0 0.103810597964806 0 0 0 0.0508582278817486 0 0 0 0 0.0358143796960555 0 0 0.0683247726663844 0
"38" 0 0 0 0 0 0.0809172397382165 0.0750008479338979 0 0 0 0.0596253875525215 0 0.0874797744396131 0 0 0 0.0753798451789931 0 0.0975603712066216 0 0.167693131942524 0.07324074488568 0 0 0.0465585454669827 0 0.0817176842771269 0 0 0 0 0 0.0601193239742177 0 0.429664771567155 0 0.0578794318063444 0 0 0 0 0
"39" 0 0 0 0 0 0 0 0 0 0 0 0 0 0 0 0 0 0 0 0 0 0 0 0 0 0.110142155835069 0 0.256459937681679 0.0748030989779156 0 0.158900528703479 0 0 0 0 0 0 0 0 0 0 0
"40" 0 0 0 0 0 0 0 0 0 0.313818291408187 0 0 0 0 0 0.104308028841851 0 0 0 0 0 0 0 0 0 0 0 0 0 0.164115646006449 0.116207995921731 0.144166415350321 0 0.204179467168807 0 0 0 0 0 0 0 0
"41" 0 0 0.135567469523198 0.0990175300170138 0 0 0.0456598315406456 0.145970878369403 0 0 0.0699095177916094 0 0 0.108413018177866 0 0 0.0910057677176484 0.0934875989012115 0 0 0 0.0432717818400243 0.0878718150803864 0.238696020649472 0.0769929312540261 0 0.0603368348654519 0 0.0801445649613506 0 0 0 0.0567044639224664 0 0 0 0.0514700268057724 0 0 0 0 0
"42" 0.189635660545735 0 0 0 0 0 0 0 0 0 0 0 0 0 0.0890850588612613 0.0661096046505108 0 0 0 0 0 0 0 0 0 0 0 0 0 0.107408454664729 0 0 0 0 0 0.154319264955163 0 0 0 0 0 0
