"V1" "V2" "V3" "V4" "V5" "V6" "V7" "V8" "V9" "V10" "V11" "V12" "V13" "V14" "V15" "V16" "V17" "V18" "V19" "V20" "V21"
"1" 0 0 0 0 0 0 0 0 0 0 0 0 0 0 0 0 0 0 0 0.295225732149777 0
"2" 0 0 0.114003142739143 0 0 0 0.137341979532513 0 0 0 0 0 0.170423672296824 0.128346324890268 0 0 0 0 0 0 0.169228137909159
"3" 0 0.186103254411883 0 0.183983061705334 0 0.387723374296778 0.100814043461143 0 0 0 0 0 0 0.172134828208906 0.281670951622157 0 0 0 0.216437144590183 0 0.152463570150881
"4" 0 0 0.102151876961171 0 0 0 0 0 0 0 0 0.247247681908373 0 0.08190599312383 0 0 0.153666541663656 0 0 0 0.158940973668977
"5" 0 0 0 0 0 0 0.134571686249996 0 0 0 0 0 0 0 0.325220652255721 0 0 0 0 0 0
"6" 0 0 0.150492681086315 0 0 0 0 0 0 0 0 0 0 0 0 0 0.163956899169255 0 0 0 0.0936878168675535
"7" 0 0.175448073700453 0.097353800172229 0 0.310371034500047 0 0 0.206649958664442 0 0 0 0 0 0.158349674360501 0 0.455857819544853 0.187562496395556 0.189377856291638 0 0 0
"8" 0 0 0 0 0 0 0.1285963695721 0 0 0.319127253237109 0 0 0 0 0 0 0 0.22653240939752 0.201645460330853 0 0.138567336762842
"9" 0 0 0 0 0 0 0 0 0 0.222316020972085 0.555384118486146 0.329033689878711 0 0.118023379173028 0 0 0.264098766864888 0 0 0 0.140097585058313
"10" 0 0 0 0 0 0 0 0.190951976326825 0.130775291649667 0 0 0 0 0 0 0 0 0 0.160019859063064 0 0
"11" 0 0 0 0 0 0 0 0 0.201057508892338 0 0 0 0 0 0 0.305450058114202 0 0 0 0 0
"12" 0 0 0 0.191358406013893 0 0 0 0 0.161265572205064 0 0 0 0.181910599672957 0 0.199547031178071 0 0 0 0 0 0
"13" 0 0.215169029978469 0 0 0 0 0 0 0 0 0 0.321687679583075 0 0 0 0 0 0 0 0.463562009721248 0.0997707966524044
"14" 0 0.216125322188386 0.113655200526594 0.230213605628148 0 0 0.0991024606223737 0 0.120903458086771 0 0 0 0 0 0 0 0 0.19927181209474 0.176973426332425 0.31469200140479 0
"15" 0 0 0.135105863172974 0 0.555686247930734 0 0 0 0 0 0 0.256018897526855 0 0 0 0.408223979063237 0 0 0 0 0
"16" 0 0 0 0 0 0 0.18052367895202 0 0 0 0.465597318552777 0 0 0 0.22866748973814 0 0 0 0 0 0
"17" 0 0 0 0.229698361266709 0 0.385168173947849 0.0635443924449582 0 0.173153869359199 0 0 0 0 0 0 0 0 0.242557421068434 0 0 0
"18" 0 0 0 0 0 0 0.175519022687732 0.188486623577205 0 0 0 0 0 0.175603815364535 0 0 0.154870454953314 0 0.165026417751585 0 0
"19" 0 0 0.124426662372459 0 0 0 0 0.285560824506643 0 0.28325026724503 0 0 0 0.134757379458844 0 0 0 0.196452789599301 0 0 0
"20" 1.0978799318917 0 0 0 0 0 0 0 0 0 0 0 0.269856751676354 0.106205223758466 0 0 0 0 0 0 0
"21" 0 0.163820948236931 0.169660369569771 0.140310709835299 0 0.332351552145591 0 0.233669576147578 0.133094369669351 0 0 0 0.228832568439785 0 0 0 0 0 0 0 0
