"V1" "V2" "V3" "V4" "V5" "V6" "V7" "V8" "V9" "V10" "V11" "V12" "V13" "V14" "V15" "V16" "V17" "V18" "V19" "V20" "V21"
"1" 0 0.909041562376412 1.00326654556146 1.14221241400075 0.934859100480737 0.958229012883405 1.02298646635587 0.629152283055621 0.208497340014176 0.492753919178475 0.394290811459787 0.738880143576077 0.120937804693464 0.732648983731211 0.883996658211757 0.19040899016682 0.753898314288858 0.772608918564405 0.698137139441539 0.90068053056465 0.685723375891307
"2" 0.909041562376412 0 0.713088296214033 0.548634343267008 0.222517162885946 0.0885250002360887 0.354006910062491 0.488752202799827 0.70223919414728 0.931181776125201 0.519954053476672 0.446527771423671 0.87760631508268 0.539863415942812 0.361023430675047 0.724418343175428 0.165662086935485 0.989302570354567 0.210938764001415 0.154163649468787 0.276299496865541
"3" 1.00326654556146 0.713088296214033 0 0.315944789470147 0.500627923280594 0.798246873798759 0.411779694405962 0.413439259588817 0.883359513276503 0.651994774119992 0.724792517875151 0.340016337395408 1.059440743564 0.290198340764646 0.35213905056628 0.910728615530745 0.637412213566835 0.485851335991535 0.687179321961806 0.560262988267556 0.552270776252164
"4" 1.14221241400075 0.548634343267008 0.315944789470147 0 0.332336727923615 0.617541882094847 0.195100911274356 0.514407055459579 0.977854905768032 0.897414483423482 0.787553517735397 0.403630466131552 1.16812956966688 0.430065340302362 0.272866266571492 1.00584148418616 0.549523200462488 0.786095411554692 0.618892563164569 0.405073111848377 0.521502229919788
"5" 0.934859100480737 0.222517162885946 0.500627923280594 0.332336727923615 0 0.301746655196148 0.138275262416636 0.380231575585013 0.742668309805753 0.837435776680358 0.545264801494967 0.296729960906771 0.932113072187307 0.382962687104461 0.157529851033782 0.768944228403875 0.230434017864321 0.837065537034583 0.303449765583028 0.0727456948910651 0.250608903786578
"6" 0.958229012883405 0.0885250002360887 0.798246873798759 0.617541882094847 0.301746655196148 0 0.425693695667967 0.573831438445395 0.749878340530922 1.01053014944539 0.577336638560368 0.534797455559266 0.91714208116376 0.6281179941108 0.446792964397425 0.770180943394699 0.240362025755101 1.07640488121709 0.268937062769882 0.237983885861103 0.356914280344822
"7" 1.02298646635587 0.354006910062491 0.411779694405962 0.195100911274356 0.138275262416636 0.425693695667967 0 0.421327353154865 0.841427451629492 0.859926419894929 0.644902658986874 0.316219972859189 1.03269449964726 0.381327794191815 0.148562270936855 0.868707073233221 0.363480622090796 0.812478497327127 0.435294067721792 0.210724636484245 0.357836700697442
"8" 0.629152283055621 0.488752202799827 0.413439259588817 0.514407055459579 0.380231575585013 0.573831438445395 0.421327353154865 0 0.479765976290161 0.458054577351001 0.311431960691815 0.111261446579655 0.664790393852646 0.123636085337416 0.273089966165624 0.507750843048717 0.341649204613641 0.507067331665635 0.354848387179828 0.385675242205298 0.222925112077074
"9" 0.208497340014176 0.70223919414728 0.883359513276503 0.977854905768032 0.742668309805753 0.749878340530922 0.841427451629492 0.479765976290161 0 0.512453906030318 0.197552084254112 0.582134186325126 0.191372335083861 0.59688990106699 0.710210769858947 0.0281045427072262 0.550153263307536 0.757130797475879 0.491662500426785 0.702846842995837 0.492062742632357
"10" 0.492753919178475 0.931181776125201 0.651994774119992 0.897414483423482 0.837435776680358 1.01053014944539 0.859926419894929 0.458054577351001 0.512453906030318 0 0.514758938168574 0.547282863796299 0.598923185577644 0.480421784661655 0.713847445991384 0.5269406197907 0.770222980358377 0.285862478074365 0.756186461245133 0.842699149973119 0.654894702291287
"11" 0.394290811459787 0.519954053476672 0.724792517875151 0.787553517735397 0.545264801494967 0.577336638560368 0.644902658986874 0.311431960691815 0.197552084254112 0.514758938168574 0 0.402168555108285 0.388152720752732 0.434654022654152 0.517033347787748 0.224275380683914 0.360742510438174 0.700223189676901 0.310067484603377 0.50718653891995 0.294670140910709
"12" 0.738880143576077 0.446527771423671 0.340016337395408 0.403630466131552 0.296729960906771 0.534797455559266 0.316219972859189 0.111261446579655 0.582134186325126 0.547282863796299 0.402168555108285 0 0.769944854189403 0.0933374836741347 0.167963942112604 0.610236641624605 0.325390365615569 0.547170749463629 0.360774198720194 0.319182293249532 0.221178623040262
"13" 0.120937804693464 0.87760631508268 1.059440743564 1.16812956966688 0.932113072187307 0.91714208116376 1.03269449964726 0.664790393852646 0.191372335083861 0.598923185577644 0.388152720752732 0.769944854189403 0 0.777904781445239 0.901368236199694 0.163990717353971 0.732483308991724 0.871974405710747 0.669641633211308 0.889769167634376 0.681735758742592
"14" 0.732648983731211 0.539863415942812 0.290198340764646 0.430065340302362 0.382962687104461 0.6281179941108 0.381327794191815 0.123636085337416 0.59688990106699 0.480421784661655 0.434654022654152 0.0933374836741347 0.777904781445239 0 0.239621529524617 0.624611985300223 0.415378704373831 0.455693526550452 0.44523662053283 0.410715390482039 0.305674154151148
"15" 0.883996658211757 0.361023430675047 0.35213905056628 0.272866266571492 0.157529851033782 0.446792964397425 0.148562270936855 0.273089966165624 0.710210769858947 0.713847445991384 0.517033347787748 0.167963942112604 0.901368236199694 0.239621529524617 0 0.737983900195807 0.301209919277519 0.686278297038024 0.36311511137183 0.2091537581428 0.251034725114423
"16" 0.19040899016682 0.724418343175428 0.910728615530745 1.00584148418616 0.768944228403875 0.770180943394699 0.868707073233221 0.507750843048717 0.0281045427072262 0.5269406197907 0.224275380683914 0.610236641624605 0.163990717353971 0.624611985300223 0.737983900195807 0 0.574046472899409 0.776681759529626 0.514276399708927 0.728212714077523 0.518391575597589
"17" 0.753898314288858 0.165662086935485 0.637412213566835 0.549523200462488 0.230434017864321 0.240362025755101 0.363480622090796 0.341649204613641 0.550153263307536 0.770222980358377 0.360742510438174 0.325390365615569 0.732483308991724 0.415378704373831 0.301209919277519 0.574046472899409 0 0.84853429170175 0.0732133537445733 0.16837212235428 0.11928987003026
"18" 0.772608918564405 0.989302570354567 0.485851335991535 0.786095411554692 0.837065537034583 1.07640488121709 0.812478497327127 0.507067331665635 0.757130797475879 0.285862478074365 0.700223189676901 0.547170749463629 0.871974405710747 0.455693526550452 0.686278297038024 0.776681759529626 0.84853429170175 0 0.859077904024719 0.866179496044972 0.729992440454091
"19" 0.698137139441539 0.210938764001415 0.687179321961806 0.618892563164569 0.303449765583028 0.268937062769882 0.435294067721792 0.354848387179828 0.491662500426785 0.756186461245133 0.310067484603377 0.360774198720194 0.669641633211308 0.44523662053283 0.36311511137183 0.514276399708927 0.0732133537445733 0.859077904024719 0 0.24128459057508 0.139843588491531
"20" 0.90068053056465 0.154163649468787 0.560262988267556 0.405073111848377 0.0727456948910651 0.237983885861103 0.210724636484245 0.385675242205298 0.702846842995837 0.842699149973119 0.50718653891995 0.319182293249532 0.889769167634376 0.410715390482039 0.2091537581428 0.728212714077523 0.16837212235428 0.866179496044972 0.24128459057508 0 0.216821720954931
"21" 0.685723375891307 0.276299496865541 0.552270776252164 0.521502229919788 0.250608903786578 0.356914280344822 0.357836700697442 0.222925112077074 0.492062742632357 0.654894702291287 0.294670140910709 0.221178623040262 0.681735758742592 0.305674154151148 0.251034725114423 0.518391575597589 0.11928987003026 0.729992440454091 0.139843588491531 0.216821720954931 0
