"V1" "V2" "V3" "V4" "V5" "V6" "V7" "V8" "V9" "V10" "V11" "V12" "V13" "V14" "V15" "V16" "V17" "V18" "V19" "V20" "V21"
"1" 0 0 0 0 0.0998316669799498 0 0 0 0 0 0.13638927341422 0 0.200413234127368 0.232776461460528 0.207716364456737 0 0.218207610995522 0.244615978241314 0 0 0
"2" 0 0 0 0 0.0906630591718016 0 0 0 0.141769782389301 0.330977066302787 0 0 0 0 0 0 0 0 0 0 0.438071675949483
"3" 0 0 0 0 0 0.200073680618058 0 0 0 0 0 0.283066019571474 0 0 0 0 0 0 0 0 0.387254114776859
"4" 0 0 0 0 0.157646477912617 0 0 0 0 0 0 0 0 0 0.146189614203752 0 0 0 0.314279530971175 0 0
"5" 0.118930968613612 0.314118983394123 0 0.295472605081712 0 0 0.152974331673959 0.149054800182422 0 0 0 0 0 0.159144824960605 0.170109677623241 0 0.166637857587796 0 0.27052063709173 0 0
"6" 0 0 0.371059858704955 0 0 0 0 0.106076099151978 0 0.234046336275587 0.193783251555927 0 0 0 0 0 0 0 0 0 0
"7" 0 0 0 0 0.0952430472071223 0 0 0 0 0.238180242009798 0 0 0.141368303639844 0 0.196699288281344 0 0 0.175499012767411 0 0 0
"8" 0 0 0 0 0.12310828808397 0.282481382527822 0 0 0.220626287236024 0 0.125697343288321 0.374257088652234 0 0.204053554317335 0 0 0 0.224830575211311 0 0 0
"9" 0 0.178853433445124 0 0 0 0 0 0.133465786219566 0 0 0 0 0 0.220973403590723 0 0 0.209189006658372 0 0 0.360191589307434 0
"10" 0 0.225196758635921 0 0 0 0.139853935543574 0.216177585437189 0 0 0 0 0 0 0 0 0.478703067405581 0 0 0 0 0
"11" 0.0811020991735154 0 0 0 0 0.262992841220596 0 0.182358321611404 0 0 0 0 0.207784137950322 0 0 0 0.2150196686227 0.23528711644964 0 0 0
"12" 0 0 0.302862273091863 0 0 0 0 0.157115206108403 0 0 0 0 0.198264169793739 0 0 0 0 0 0 0.259713626393272 0
"13" 0.146581557879521 0 0 0 0 0 0.207377460406227 0 0 0 0.103707595325907 0.26475693223631 0 0 0.159156215841695 0 0 0 0.402667713603302 0 0
"14" 0.129128140086987 0 0 0 0.124510129467796 0 0 0.165399013403226 0.219688095449505 0 0 0 0 0 0 0 0 0 0 0.293903176736031 0
"15" 0.20083978917382 0 0 0.303551543659052 0.105897189992305 0 0.198083739504798 0 0 0 0 0 0.139395561729229 0 0 0.477857840796115 0 0 0 0 0
"16" 0 0 0 0 0 0 0 0 0 0.202281906498425 0 0 0 0 0.210682177685219 0 0 0 0 0 0
"17" 0.186747296571566 0 0 0 0.07496696651354 0 0 0 0.117836933655709 0 0.212599918336853 0 0 0 0 0 0 0 0 0 0
"18" 0.127077973783751 0 0 0 0 0 0.232010446322582 0.108477488906432 0 0 0.144156863425934 0 0 0 0 0 0 0 0 0.212455381185799 0
"19" 0 0 0 0.414404405100789 0.0688746169839741 0 0 0 0 0 0 0 0.178688724216227 0 0 0 0 0 0 0 0
"20" 0 0 0 0 0 0 0 0 0.164657855858385 0 0 0.227281003665994 0 0.233617862308571 0 0 0 0.232713925951425 0 0 0
"21" 0 0.197331585626609 0.250944862254312 0 0 0 0 0 0 0 0 0 0 0 0 0 0 0 0 0 0
