"V1" "V2" "V3" "V4" "V5" "V6" "V7" "V8" "V9" "V10" "V11" "V12" "V13" "V14" "V15" "V16" "V17" "V18" "V19" "V20" "V21" "V22" "V23" "V24" "V25" "V26" "V27" "V28" "V29" "V30" "V31" "V32" "V33" "V34" "V35" "V36" "V37" "V38" "V39" "V40" "V41" "V42"
"1" 0 0 0 0 0 0 0 0 0 0 0 0 0 0 0 0 0 0.143212766761918 0 0 0 0 0 0 0 0 0 0 0 0 0 0 0 0 0 0.127488801285992 0 0 0 0 0 0
"2" 0 0 0 0 0 0 0 0 0 0.180549477978842 0 0 0 0 0 0 0 0 0 0 0 0 0.115268910870606 0 0 0 0 0 0 0 0 0 0.192459070903036 0 0 0 0 0 0 0 0.129048350995003 0
"3" 0 0 0 0 0 0 0 0 0 0 0 0 0.0594157870537265 0 0 0 0 0 0 0 0 0 0 0 0 0 0 0 0 0 0 0 0 0 0 0 0 0 0 0 0.156791373046121 0
"4" 0 0 0 0 0.363366490628885 0 0 0 0 0 0 0 0 0 0 0 0 0 0 0 0 0 0 0 0 0 0 0 0 0 0 0 0 0 0 0 0 0.116485483345028 0 0 0 0
"5" 0 0 0 0.488177289141642 0 0 0.142022370237128 0 0 0.0522467523543519 0 0 0 0 0 0 0 0 0 0 0 0 0 0 0 0 0 0 0 0 0 0 0 0 0 0 0 0 0 0 0 0
"6" 0 0 0 0 0 0 0 0.120783660907522 0 0 0 0 0.118251993615152 0 0 0 0 0 0 0 0 0 0 0 0 0 0 0 0 0 0 0 0 0 0 0 0 0 0 0 0.107238630261782 0
"7" 0 0 0 0 0.387443089869785 0 0 0 0 0 0 0 0.108640811646029 0 0 0 0 0 0.284631173070514 0 0.14254392814151 0 0 0 0 0.146695801743959 0 0 0 0 0 0 0.148440983444033 0 0 0 0 0 0 0 0 0
"8" 0 0 0 0 0 0.399693891751018 0 0 0 0 0.268052716199476 0 0 0 0 0 0 0.146711557554728 0.326955804376821 0 0.0787222724794728 0 0 0 0 0 0.153893360634833 0 0 0 0 0 0 0 0 0.221118754109266 0 0 0 0 0 0
"9" 0 0 0 0 0 0 0 0 0 0 0 0 0.0775358177614141 0 0.176877716451444 0 0.189424632247202 0 0 0 0 0 0 0 0.49026653467794 0 0 0 0 0 0 0 0 0 0 0 0 0 0 0 0 0
"10" 0 0.207160573069553 0 0 0.347029917619935 0 0 0 0 0 0 0 0 0 0 0.226426354105747 0.115162383695576 0 0 0 0 0 0 0 0 0 0.145312792794854 0.181687897828631 0 0 0.168123885109467 0.197751290193538 0 0 0 0 0 0 0 0 0 0
"11" 0 0 0 0 0 0 0 0.176737278941338 0 0 0 0 0 0 0 0 0 0 0 0 0 0 0 0 0 0 0 0 0.611003019848632 0 0 0 0 0 0 0 0 0 0 0.14200854904406 0 0.177901219626684
"12" 0 0 0 0 0 0 0 0 0 0 0 0 0.174023226371832 0 0.211168118471151 0 0.181455025365476 0 0 0.196078094858965 0 0 0 0 0 0 0 0.136063767989197 0 0 0 0 0.185478820056947 0 0 0 0 0 0 0 0.182872503031078 0.180254421954659
"13" 0 0 0.534831037567677 0 0 0.38402997635632 0.186987126124883 0 0.143325430343127 0 0 0.15633601722582 0 0 0 0 0 0 0 0.237724660191524 0 0 0 0 0 0 0 0 0 0 0 0 0.160200103910388 0 0 0 0 0 0 0 0.137463708192483 0
"14" 0 0 0 0 0 0 0 0 0 0 0 0 0 0 0 0.174729627792967 0.252404878009335 0 0 0 0 0.272936040027479 0 0 0 0.218028796806502 0 0 0 0 0 0.185053998130795 0 0 0 0 0 0.197099056028681 0 0 0 0
"15" 0 0 0 0 0 0 0 0 0.311515990581955 0 0 0.115831076508891 0 0 0 0 0 0 0 0 0 0 0 0.320903736484406 0 0 0 0 0 0 0 0.206598421464126 0 0 0 0 0 0 0 0 0 0
"16" 0 0 0 0 0 0 0 0 0 0.115275533457219 0 0 0 0.128019579667013 0 0 0.187303108982407 0.184203411454856 0 0 0 0 0 0 0 0 0 0 0 0 0.183579945644812 0 0 0 0 0 0 0.168643047882818 0 0 0 0
"17" 0 0 0 0 0 0 0 0 0.307503690577815 0.135739277266191 0 0.0908571827271545 0 0.157579474202368 0 0.178148872874931 0 0 0 0 0 0 0 0 0 0 0 0 0 0 0 0 0 0 0 0 0 0 0 0 0.153343705499864 0
"18" 0.342521807259605 0 0 0 0 0 0 0.104874006567451 0 0 0 0 0 0 0 0.158239689866743 0 0 0 0 0 0 0 0 0 0 0.107765875195025 0 0 0 0 0 0 0.115350728464053 0 0 0 0.201378758966554 0.139789206712882 0 0 0
"19" 0 0 0 0 0 0 0.242378793036143 0.0854100113375574 0 0 0 0 0 0 0 0 0 0 0 0 0.0978798595759614 0 0 0 0 0 0.128077754490354 0 0 0 0 0 0 0 0 0 0 0 0 0 0 0
"20" 0 0 0 0 0 0 0 0 0 0 0 0.0921847070265712 0.131455781954175 0 0 0 0 0 0 0 0 0 0 0 0 0.254472362648208 0.128706724617154 0 0.434805463575493 0 0 0 0 0 0 0 0 0 0 0 0 0
"21" 0 0 0 0 0 0 0.0962990187579902 0.157829610780076 0 0 0 0 0 0 0 0 0 0 0.346830389167709 0 0 0 0 0 0 0 0 0 0 0 0.150204004914316 0.210880898537287 0.249877518576381 0.118568067988312 0 0 0 0 0.15330411687138 0.120598498405391 0 0
"22" 0 0 0 0 0 0 0 0 0 0 0 0 0 0.185013316142629 0 0 0 0 0 0 0 0 0.192433432547223 0 0 0 0 0 0 0 0 0 0 0.11386560845716 0 0 0 0.155913455311895 0 0 0 0
"23" 0 0.231337784444068 0 0 0 0 0 0 0 0 0 0 0 0 0 0 0 0 0 0 0 0.27716969675241 0 0 0 0 0 0 0 0 0 0 0 0 0.256479599652322 0.143629467403837 0 0 0.198835382410034 0 0.15787556863871 0
"24" 0 0 0 0 0 0 0 0 0 0 0 0 0 0 0.205069523477865 0 0 0 0 0 0 0 0 0 0 0 0 0 0 0 0 0 0 0.1079292787983 0.237722876883436 0 0 0 0 0 0 0
"25" 0 0 0 0 0 0 0 0 0.235577825906686 0 0 0 0 0 0 0 0 0 0 0 0 0 0 0 0 0 0.144213559051945 0 0 0 0 0 0 0 0 0 0 0 0 0 0 0
"26" 0 0 0 0 0 0 0.177514187549048 0 0 0 0 0 0 0.217774383174837 0 0 0 0 0 0.252909739808471 0 0 0 0 0 0 0 0 0 0 0 0 0 0 0.211010886070299 0 0 0 0.0830608147217376 0 0 0
"27" 0 0 0 0 0 0 0 0.137988666313259 0 0.179665646670334 0 0 0 0 0 0 0 0.118417824674964 0.257132704006018 0.0968669626211418 0 0 0 0 0.493392357587229 0 0 0 0 0 0 0 0 0.140492352191671 0 0 0 0 0 0.207438446835305 0 0
"28" 0 0 0 0 0 0 0 0 0 0.129525915698692 0 0.11005640986831 0 0 0 0 0 0 0 0 0 0 0 0 0 0 0 0 0 0 0 0 0 0.0917349019821821 0 0.200319310258547 0.337003052632511 0 0 0 0 0
"29" 0 0 0 0 0 0 0 0 0 0 0.240513356421425 0 0 0 0 0 0 0 0 0.214594315946522 0 0 0 0 0 0 0 0 0 0 0 0 0 0 0 0 0 0 0 0 0 0
"30" 0 0 0 0 0 0 0 0 0 0 0 0 0 0 0 0 0 0 0 0 0 0 0 0 0 0 0 0 0 0 0 0 0 0 0 0 0 0 0 0.192285292444138 0 0
"31" 0 0 0 0 0 0 0 0 0 0.112094777970614 0 0 0 0 0 0.127631930878299 0 0 0 0 0.0762900294787413 0 0 0 0 0 0 0 0 0 0 0 0 0.113970633601472 0 0.150592294072287 0 0 0 0 0 0
"32" 0 0 0 0 0 0 0 0 0 0.114683939900468 0 0 0 0.174369460475869 0.294606048364238 0 0 0 0 0 0.103031960097569 0 0 0 0 0 0 0 0 0 0 0 0 0 0 0 0 0.157523115041831 0 0 0 0
"33" 0 0.24027824671583 0 0 0 0 0.156230666859579 0 0 0 0 0.0956154490197571 0.124846944969049 0 0 0 0 0 0 0 0.145852744233996 0 0 0 0 0 0 0 0 0 0 0 0 0 0 0 0 0 0 0 0 0
"34" 0 0 0 0 0 0 0 0 0 0 0 0 0 0 0 0 0 0.157806386658093 0 0 0.0995509804430615 0.271946602578252 0 0.390006008176846 0 0 0.118460812230159 0.263819492990224 0 0 0.226545528574956 0 0 0 0 0 0 0 0.147911335506153 0 0 0.177767247268664
"35" 0 0 0 0 0 0 0 0 0 0 0 0 0 0 0 0 0 0 0 0 0 0 0.172914210804243 0.207741610008938 0 0.253613315773095 0 0 0 0 0 0 0 0 0 0 0.275888481415803 0 0 0 0 0
"36" 0.384079020742005 0 0 0 0 0 0 0.166357620356398 0 0 0 0 0 0 0 0 0 0 0 0 0 0 0.159999775798448 0 0 0 0 0.250814718719889 0 0 0.282085601484601 0 0 0 0 0 0 0 0 0 0 0.213098649540003
"37" 0 0 0 0 0 0 0 0 0 0 0 0 0 0 0 0 0 0 0 0 0 0 0 0 0 0 0 0.259613560529187 0 0 0 0 0 0 0.321451007643875 0 0 0 0.143423845244415 0 0 0
"38" 0 0 0 0.439685728666965 0 0 0 0 0 0 0 0 0 0.116663708025814 0 0.131498556691679 0 0.186606655430194 0 0 0 0.238212702437068 0 0 0 0 0 0 0 0 0 0.229138650473562 0 0 0 0 0 0 0 0 0 0
"39" 0 0 0 0 0 0 0 0 0 0 0 0 0 0 0 0 0 0.147077891938081 0 0 0.104121957060733 0 0.162193393675042 0 0 0.151868100507584 0 0 0 0 0 0 0 0.126036654280584 0 0 0.192076456131769 0 0 0.17845520070575 0 0
"40" 0 0 0 0 0 0 0 0 0 0 0.253406666295973 0 0 0 0 0 0 0 0 0 0.0884400495792855 0 0 0 0 0 0.140135972414487 0 0 0.987712150833122 0 0 0 0 0 0 0 0 0.172264893499344 0 0 0.199809913773494
"41" 0 0.182609518766538 0.464794980656248 0 0 0.222112028508314 0 0 0 0 0 0.12526318767875 0.156363366522359 0 0 0 0.142860489792575 0 0 0 0 0 0.180454030898274 0 0 0 0 0 0 0 0 0 0 0 0 0 0 0 0 0 0 0
"42" 0 0 0 0 0 0 0 0 0 0 0.219998878441034 0.164542406866568 0 0 0 0 0 0 0 0 0 0 0 0 0 0 0 0 0 0 0 0 0 0.115495748054974 0 0.173963255835871 0 0 0 0.19121528172977 0 0
