"V1" "V2" "V3" "V4" "V5" "V6" "V7" "V8" "V9" "V10" "V11" "V12" "V13" "V14" "V15" "V16" "V17" "V18" "V19" "V20" "V21" "V22" "V23" "V24" "V25" "V26" "V27" "V28" "V29" "V30" "V31" "V32" "V33" "V34" "V35" "V36" "V37" "V38" "V39" "V40" "V41" "V42" "V43" "V44" "V45" "V46" "V47" "V48" "V49" "V50" "V51" "V52" "V53" "V54" "V55" "V56" "V57" "V58" "V59" "V60" "V61" "V62" "V63" "V64" "V65" "V66" "V67" "V68" "V69" "V70" "V71" "V72" "V73" "V74" "V75" "V76" "V77" "V78" "V79" "V80" "V81" "V82" "V83" "V84"
"1" 0 0 0 0 0 0 0.153451994438499 0 0 0 0 0 0 0 0 0 0 0 0 0 0 0 0 0 0.14928895094318 0 0 0 0 0 0 0.131833248208467 0 0.134976199389848 0 0 0 0 0 0 0 0 0 0 0 0 0 0 0.217595836930479 0 0 0 0 0 0 0 0 0 0 0.150340701288179 0 0 0 0 0 0 0 0 0 0 0 0 0 0 0 0 0 0 0 0 0 0 0 0
"2" 0 0 0 0.230618842494196 0 0 0 0 0 0 0 0 0 0 0 0 0 0 0 0 0 0 0 0 0 0 0 0 0 0 0 0 0 0 0.0897346296735217 0 0 0 0 0 0 0 0 0 0 0 0 0 0 0 0 0.288318206403197 0 0 0 0 0 0 0 0 0 0 0 0 0 0 0 0 0 0 0 0 0 0 0 0 0 0 0 0 0 0 0 0
"3" 0 0 0 0 0 0 0 0 0 0 0 0 0 0 0 0 0 0 0.101249128290886 0 0 0 0 0 0 0 0 0 0 0 0 0 0 0 0 0 0 0 0 0 0 0 0 0 0 0 0 0 0 0 0 0 0 0 0 0 0 0 0 0 0 0 0 0 0 0 0.149326768292535 0 0 0 0 0 0 0 0 0.158986559299999 0 0 0 0 0 0.113558065745217 0 0
"4" 0 0.345224883883635 0 0 0.340213415620623 0 0 0 0 0 0 0 0 0 0 0 0 0 0 0 0 0 0 0 0 0 0 0 0 0 0 0 0 0 0 0 0 0 0 0 0 0 0 0 0 0 0 0 0 0 0 0 0 0 0 0 0 0 0 0 0 0 0 0 0 0 0 0.146586695301477 0 0 0 0 0 0 0 0 0 0 0 0 0 0 0 0
"5" 0 0 0 0.285787961747552 0 0 0 0 0 0 0 0 0 0 0 0 0 0 0 0 0 0 0 0 0 0 0 0 0 0 0 0 0.166009192612044 0 0 0 0 0 0 0 0 0 0 0 0 0 0 0 0 0 0 0 0 0 0 0 0 0 0 0 0 0 0 0 0 0.140019358491381 0 0 0 0 0 0 0 0 0 0 0 0 0 0 0 0 0 0
"6" 0 0 0 0 0 0 0 0 0 0 0 0 0 0 0 0.394250636773355 0 0 0 0 0 0 0 0 0 0 0 0 0 0.127532688997349 0 0 0 0 0 0 0 0 0 0 0.150349286151507 0 0 0 0 0 0 0 0 0 0.125143602531381 0 0 0.152392386284412 0.102879010017414 0 0 0 0.219969412075521 0.157835664435985 0 0 0 0 0 0 0 0 0.152440676956844 0 0 0 0 0 0 0 0 0 0 0 0.265545903351389 0.120977274229677 0 0
"7" 0.203593815154615 0 0 0 0 0 0 0 0 0 0 0 0 0 0 0 0 0 0 0 0 0 0 0 0.203213753361394 0 0 0 0.168634097817046 0 0 0 0 0 0 0 0.0978710686129239 0 0 0 0 0 0 0 0 0 0.158887209209254 0 0 0 0 0 0 0 0 0 0 0.286563640410203 0 0 0 0 0 0 0 0 0 0 0 0 0 0 0 0 0 0 0 0.157948085036498 0 0 0 0 0 0
"8" 0 0 0 0 0 0 0 0 0 0 0 0 0 0 0 0 0 0 0.0535200576257017 0 0 0.24702682317957 0 0 0 0 0 0 0 0 0 0 0 0 0 0 0 0 0 0 0 0 0 0 0 0 0 0 0 0 0 0 0.299435742285496 0 0 0 0 0 0 0 0 0 0 0 0 0 0 0 0 0 0 0 0 0 0 0 0 0 0 0 0 0 0 0
"9" 0 0 0 0 0 0 0 0 0 0 0 0 0 0 0 0 0 0 0 0 0 0 0 0 0 0 0 0 0 0 0 0 0 0 0.138310632455842 0.073358242657295 0 0 0 0 0 0 0 0 0 0.145300408181574 0 0.127669032299868 0 0 0 0 0 0 0 0 0 0 0 0 0 0 0 0 0.170788445268456 0 0 0 0 0 0 0.232971743155854 0 0 0 0 0 0 0 0.401636845956066 0 0 0 0
"10" 0 0 0 0 0 0 0 0 0 0 0 0 0 0 0 0 0 0 0 0 0 0 0 0 0 0 0 0 0 0 0 0 0 0 0.119723467844002 0 0 0 0 0 0.319552856417145 0 0 0 0 0 0 0.329992198837386 0 0 0 0 0 0 0 0 0 0 0.144603948615515 0 0 0 0 0 0 0 0 0 0 0 0 0 0 0 0 0 0 0 0 0 0 0 0 0
"11" 0 0 0 0 0 0 0 0 0 0 0 0 0 0 0 0 0 0 0 0 0 0 0 0 0.18966758753898 0.266079157592249 0 0.225887977031675 0 0 0 0 0 0 0 0 0 0 0 0 0 0 0 0 0 0.177504529494742 0 0 0 0 0 0 0 0 0 0 0 0 0 0 0 0 0 0 0 0 0 0 0 0 0 0 0.13363771821157 0 0 0 0 0 0 0 0 0 0 0
"12" 0 0 0 0 0 0 0 0 0 0 0 0 0 0 0 0 0 0 0 0 0 0 0 0 0 0 0 0 0 0 0 0 0 0.11462181130794 0 0 0 0 0 0 0 0 0 0 0 0 0 0 0 0.263310962316643 0 0 0 0 0 0 0 0 0 0 0 0 0 0 0 0 0 0.218088453041232 0 0 0 0 0 0 0 0 0 0 0 0 0 0 0 0.10783769178143
"13" 0 0 0 0 0 0 0 0 0 0 0 0 0 0 0 0 0 0.144608583755227 0.155276483262869 0 0 0.208389771451228 0 0 0 0 0 0 0 0 0 0 0 0 0 0 0 0 0 0 0 0 0 0 0 0 0 0 0.144440527470025 0 0 0 0 0 0 0 0 0 0 0 0 0.220058645777987 0 0 0.187871788127627 0.0921532935591626 0 0 0.111985746836916 0 0 0 0 0 0.177363282852376 0 0 0 0 0 0 0 0 0
"14" 0 0 0 0 0 0 0 0 0 0 0 0 0 0 0 0 0 0 0 0 0 0 0 0 0 0 0 0 0 0 0 0.173723156712426 0 0 0 0.0631709053401129 0 0 0 0 0 0 0 0 0 0 0 0 0 0 0 0 0 0.070062056790393 0 0 0 0 0.102841332063658 0 0 0 0 0 0 0 0 0 0 0 0 0 0 0 0 0 0 0 0 0 0 0 0 0
"15" 0 0 0 0 0 0 0 0 0 0 0 0 0 0 0 0 0 0 0 0 0 0 0 0 0 0 0 0 0 0 0 0 0 0 0 0 0 0 0 0 0 0 0 0 0 0 0 0 0 0 0 0 0 0 0 0 0 0 0 0 0 0 0 0 0 0 0 0 0 0 0 0 0 0 0 0.139937389254688 0.191096071327947 0 0 0 0 0 0 0
"16" 0 0 0 0 0 0.0850652637127135 0 0 0 0 0 0 0 0 0 0 0 0 0 0 0 0 0 0 0 0 0 0 0 0 0 0 0 0 0 0 0 0 0 0 0 0 0 0 0 0 0 0 0 0 0 0 0 0 0 0 0 0 0 0 0 0 0 0 0.226884917995457 0 0 0 0.168703259229004 0 0 0 0 0 0 0 0 0 0 0 0 0 0 0
"17" 0 0 0 0 0 0 0 0 0 0 0 0 0 0 0 0 0 0 0 0 0 0 0 0 0 0 0 0 0 0 0 0 0 0 0 0 0 0 0 0.396762839365422 0 0 0 0 0 0 0 0 0 0 0 0 0 0 0 0 0 0 0 0 0 0 0 0 0 0 0 0 0 0 0 0 0 0 0 0 0 0 0 0 0 0 0 0
"18" 0 0 0 0 0 0 0 0 0 0 0 0 0.117356050142025 0 0 0 0 0 0.150509054301263 0 0 0 0 0 0 0 0 0 0 0 0 0 0 0.106882537767375 0 0 0.139545232555138 0 0 0 0 0 0 0 0 0 0 0 0.146656829890205 0 0 0 0 0 0 0 0 0 0 0 0 0 0.166002765150789 0 0 0 0 0 0 0 0 0 0 0 0 0 0 0 0.220272393520918 0 0 0 0.205229262089236 0
"19" 0 0 0.265957253033894 0 0 0 0 0.518924608938623 0 0 0 0 0.134118583219747 0 0 0 0 0.14467750984914 0 0 0 0 0 0 0 0 0 0 0 0 0 0 0 0 0 0.0720868542477382 0 0 0 0 0 0 0 0 0 0 0 0 0 0 0 0 0 0 0.109099513754136 0 0 0 0 0 0 0 0 0 0 0 0 0 0 0 0 0 0 0 0 0 0.18536392509661 0 0 0 0 0 0 0.107050840035698
"20" 0 0 0 0 0 0 0 0 0 0 0 0 0 0 0 0 0 0 0 0 0 0 0 0 0 0 0 0 0 0 0 0 0 0 0 0 0.154124598815402 0 0.215348255824006 0 0 0 0.154502985888431 0 0 0 0 0 0 0 0 0 0 0 0 0 0 0 0 0 0 0 0 0 0 0 0 0 0 0 0 0 0 0 0 0 0 0 0 0 0 0 0 0
"21" 0 0 0 0 0 0 0 0 0 0 0 0 0 0 0 0 0 0 0 0 0 0 0 0 0 0 0 0 0 0 0 0 0 0 0 0 0 0 0 0 0 0 0 0 0 0 0 0 0.152174352737708 0 0 0 0 0 0 0 0 0 0 0 0.271891639405916 0 0 0 0 0 0 0 0 0 0 0 0 0 0 0 0 0 0 0 0 0 0 0
"22" 0 0 0 0 0 0 0 0.343258016977047 0 0 0 0 0.142417934764504 0 0 0 0 0 0 0 0 0 0 0 0 0 0 0 0 0 0 0 0 0 0 0.0800130921332078 0 0 0 0 0 0 0 0 0 0 0 0 0 0 0 0 0 0 0 0.380148658761986 0 0 0 0 0 0 0 0 0 0 0 0 0 0 0 0 0 0 0 0 0 0 0 0 0 0.107696513795853 0 0
"23" 0 0 0 0 0 0 0 0 0 0 0 0 0 0 0 0 0 0 0 0 0 0 0 0 0 0 0 0 0 0 0 0 0 0 0 0 0 0 0 0 0 0 0 0 0 0 0 0 0 0 0 0 0 0 0 0 0 0 0 0 0 0 0 0 0 0 0 0 0 0 0 0 0 0 0 0 0 0.196849988829238 0 0 0 0 0 0.120704885822717
"24" 0 0 0 0 0 0 0 0 0 0 0 0 0 0 0 0 0 0 0 0 0 0 0 0 0 0 0 0 0 0 0 0 0 0.129980326550999 0 0 0 0 0 0 0 0 0 0.45802985813535 0 0 0 0 0 0 0 0 0 0 0.0808041105292181 0 0 0 0 0 0 0 0 0 0 0.12627454411987 0 0 0 0 0 0 0 0 0 0 0 0 0 0 0 0 0 0
"25" 0.174729629510184 0 0 0 0 0 0.130359700238254 0 0 0 0.172808246356059 0 0 0 0 0 0 0 0 0 0 0 0 0 0 0 0 0 0 0 0 0 0 0 0 0 0 0 0 0.241134941325231 0 0 0 0 0 0 0 0 0 0 0 0 0 0 0 0 0 0 0 0 0 0 0 0 0 0 0.107401741274835 0 0 0 0 0 0 0 0 0 0 0 0 0 0 0 0 0
"26" 0 0 0 0 0 0 0 0 0 0 0.164333483642462 0 0 0 0 0 0 0 0 0 0 0 0 0 0 0 0 0 0 0 0 0.226415956797713 0 0 0 0 0 0 0 0 0 0 0 0 0 0 0 0.244674911266275 0 0 0 0 0 0 0 0.412003153889163 0 0 0 0 0 0 0 0 0 0 0 0 0 0 0 0 0 0 0 0 0 0 0 0 0 0 0 0
"27" 0 0 0 0 0 0 0 0 0 0 0 0 0 0 0 0 0 0 0 0 0 0 0 0 0 0 0 0 0.273552851887479 0.140871094357732 0 0 0 0 0 0 0 0 0 0 0 0 0 0 0 0 0 0 0 0 0 0 0 0 0 0 0 0 0 0 0 0.151843224478153 0 0 0 0 0 0 0 0 0 0 0 0 0 0 0 0 0 0 0 0 0 0
"28" 0 0 0 0 0 0 0 0 0 0 0.312024731644485 0 0 0 0 0 0 0 0 0 0 0 0 0 0 0 0 0 0 0.142562092028741 0 0 0 0 0 0 0 0 0 0 0 0 0 0 0 0 0 0 0 0 0 0 0 0 0.104620582381543 0.245569372786965 0 0 0 0 0.18747443378929 0 0 0 0 0 0 0 0 0 0 0 0 0 0 0 0 0 0 0 0 0 0 0.123659172085925
"29" 0 0 0 0 0 0 0.13618666797576 0 0 0 0 0 0 0 0 0 0 0 0 0 0 0 0 0 0 0 0.247116990140023 0 0 0 0 0 0.167045895574213 0 0 0 0 0 0 0 0 0 0 0 0 0 0 0 0 0 0 0 0 0 0 0 0 0 0 0 0 0 0 0.371269486003089 0 0 0 0 0 0 0 0 0 0 0.27139599020525 0 0 0 0 0 0 0 0 0
"30" 0 0 0 0 0 0.103516745676419 0 0 0 0 0 0 0 0 0 0 0 0 0 0 0 0 0 0 0 0 0.403823878889398 0.153389041289588 0 0 0 0 0.184418106462328 0 0 0 0 0 0 0 0 0 0 0 0 0 0 0 0 0 0 0 0 0 0 0 0 0.300212772377133 0 0.122892131220475 0 0 0 0.342730107035385 0 0 0 0 0 0 0 0 0 0 0 0 0 0 0 0 0 0 0 0
"31" 0 0 0 0 0 0 0 0 0 0 0 0 0 0 0 0 0 0 0 0 0 0 0 0 0 0 0 0 0 0 0 0 0.16559052928586 0 0.116018884698614 0 0 0 0 0 0 0 0 0 0 0 0 0 0 0 0.0902909603649562 0 0 0 0 0 0 0 0 0 0 0 0 0 0 0 0 0 0 0 0 0 0 0 0 0 0 0.184999741879066 0.181259217819314 0 0 0 0 0.117246060652432
"32" 0.128603609480316 0 0 0 0 0 0 0 0 0 0 0 0 0.221883832310746 0 0 0 0 0 0 0 0 0 0 0 0.21992933324204 0 0 0 0 0 0 0 0 0 0 0 0 0 0 0 0 0 0 0 0 0 0 0 0 0 0 0 0 0 0 0 0 0 0 0 0.205341649191777 0 0 0 0 0 0 0 0 0 0 0 0 0 0 0 0 0.176156194874093 0 0 0 0 0
"33" 0 0 0 0 0.318491283380464 0 0 0 0 0 0 0 0 0 0 0 0 0 0 0 0 0 0 0 0 0 0 0 0.199853331598549 0.127526041955583 0.144414142225935 0 0 0.136375577749397 0 0 0 0 0 0 0 0 0 0 0 0 0 0 0 0 0 0 0 0 0 0 0 0 0 0 0 0 0 0 0 0.152884815381142 0 0 0 0 0 0.270167225858877 0 0 0 0 0 0 0 0 0 0 0 0
"34" 0.150508877904071 0 0 0 0 0 0 0 0 0 0 0.310971987564799 0 0 0 0 0 0.150353828369393 0 0 0 0 0 0.306892076457205 0 0 0 0 0 0 0 0 0.148366350224753 0 0.126464575274406 0 0 0 0 0 0 0 0 0 0 0 0 0 0 0 0 0 0 0.0860124145681864 0 0 0 0 0 0 0 0 0 0 0 0 0 0 0 0 0 0 0 0 0 0 0.126501353336732 0 0 0 0 0 0 0
"35" 0 0.445296706144432 0 0 0 0 0 0 0.122041357256158 0.21026766138578 0 0 0 0 0 0 0 0 0 0 0 0 0 0 0 0 0 0 0 0 0.127346279051926 0 0 0.111916009609019 0 0 0 0 0 0 0.228532244793287 0 0 0 0 0 0 0 0 0 0 0 0 0 0 0 0 0 0.12991383400224 0 0 0 0 0 0 0 0 0 0 0 0 0 0 0 0 0 0 0 0.137097695926757 0 0 0 0 0
"36" 0 0 0 0 0 0 0 0 0.180558024900949 0 0 0 0 0.227904471823677 0 0 0 0 0.133990527863786 0 0 0.195889971348025 0 0 0 0 0 0 0 0 0 0 0 0 0 0 0 0 0.376044668571584 0 0 0 0 0.277118777045917 0 0 0.13205941683266 0 0 0 0 0 0 0.104978268425319 0 0 0 0 0.171545471985146 0 0.256460712724318 0 0 0 0 0 0 0.236241890907606 0 0 0 0 0 0 0 0 0 0 0 0 0 0 0.168313626222143 0.119406773659398
"37" 0 0 0 0 0 0 0.148210595322228 0 0 0 0 0 0 0 0 0 0 0.177413504814866 0 0.414624667850263 0 0 0 0 0 0 0 0 0 0 0 0 0 0 0 0 0 0 0 0 0 0 0 0 0.308961452748061 0 0 0 0 0 0 0 0.324444757268074 0 0 0 0 0 0 0 0 0 0 0 0 0.131257138077432 0 0 0.174108180345377 0 0 0 0 0 0.206388646245626 0 0 0 0 0 0 0 0 0
"38" 0 0 0 0 0 0 0 0 0 0 0 0 0 0 0 0 0 0 0 0 0 0 0 0 0 0 0 0 0 0 0 0 0 0 0 0 0 0 0.182033773521848 0 0 0 0 0 0 0 0 0 0 0 0 0 0 0 0 0 0 0 0 0 0 0 0 0 0 0 0 0 0 0 0 0 0 0 0 0 0.19982808717162 0 0 0 0 0 0 0
"39" 0 0 0 0 0 0 0 0 0 0 0 0 0 0 0 0 0 0 0 0.339106193152068 0 0 0 0 0 0 0 0 0 0 0 0 0 0 0 0.0590982975324775 0 0.618192718122011 0 0 0 0 0 0 0 0 0 0 0 0 0 0 0 0 0 0 0 0 0 0 0 0 0 0 0 0 0 0 0 0 0 0 0 0 0 0 0 0 0 0 0 0 0 0
"40" 0 0 0 0 0 0 0 0 0 0 0 0 0 0 0 0 1.09053619794125 0 0 0 0 0 0 0 0.207869838074255 0 0 0 0 0 0 0 0 0 0 0 0 0 0 0 0 0 0 0 0 0 0 0 0 0 0 0 0 0 0 0 0 0 0 0 0 0.242222878471718 0 0 0 0 0 0 0 0 0 0 0 0 0 0 0 0 0 0 0 0 0 0
"41" 0 0 0 0 0 0.106991886040421 0 0 0 0.262568880913757 0 0 0 0 0 0 0 0 0 0 0 0 0 0 0 0 0 0 0 0 0 0 0 0 0.134338039454164 0 0 0 0 0 0 0 0 0 0 0 0 0 0 0 0 0 0 0 0 0 0 0.260017405865638 0 0 0 0 0 0 0 0 0 0 0 0 0 0 0 0 0 0 0 0 0 0 0 0 0 0.0995081066107888
"42" 0 0 0 0 0 0 0 0 0 0 0 0 0 0 0 0 0 0 0 0 0 0 0 0 0 0 0 0 0 0 0 0 0 0 0 0 0 0 0 0 0 0 0 0 0 0 0 0 0.187425169204493 0.280772592035444 0.0892264438247132 0 0 0 0 0 0 0 0 0 0 0 0 0 0 0 0 0 0 0 0 0.272465519623431 0 0 0 0 0 0 0 0 0 0 0 0
"43" 0 0 0 0 0 0 0 0 0 0 0 0 0 0 0 0 0 0 0 0.3792202484831 0 0 0 0 0 0 0 0 0 0 0 0 0 0 0 0 0 0 0 0 0 0 0 0 0 0 0 0 0 0 0 0 0 0 0 0 0 0 0 0 0 0.256659856761359 0.151265966886961 0 0 0 0.152701504039554 0 0 0 0 0 0 0 0 0.146196632885351 0 0 0 0 0 0 0 0
"44" 0 0 0 0 0 0 0 0 0 0 0 0 0 0 0 0 0 0 0 0 0 0 0 0.234923205046195 0 0 0 0 0 0 0 0 0 0 0 0.0692193100082255 0 0 0 0 0 0 0 0 0 0 0 0 0 0 0 0 0 0 0 0 0 0 0 0 0 0 0 0 0 0 0 0 0 0 0 0 0 0 0 0 0 0 0 0 0 0.0929373707954569 0 0
"45" 0 0 0 0 0 0 0 0 0 0 0 0 0 0 0 0 0 0 0 0 0 0 0 0 0 0 0 0 0 0 0 0 0 0 0 0 0.156678473167868 0 0 0 0 0 0 0 0 0 0 0 0 0 0 0 0 0 0 0 0 0 0 0.186628162062115 0 0 0 0 0 0 0 0 0 0 0 0 0 0 0 0 0 0 0 0.378940768271011 0 0.118543715483624 0 0
"46" 0 0 0 0 0 0 0 0 0.140548742021865 0 0.200984165736883 0 0 0 0 0 0 0 0 0 0 0 0 0 0 0 0 0 0 0 0 0 0 0 0 0 0 0 0 0 0 0 0 0 0 0 0.0540792693709101 0 0 0 0 0 0 0 0 0 0 0 0 0 0 0 0 0 0 0 0 0 0.142476275059561 0 0 0 0 0 0 0 0 0 0 0 0 0.0677413761827801 0 0
"47" 0 0 0 0 0 0 0.111677866021905 0 0 0 0 0 0 0 0 0 0 0 0 0 0 0 0 0 0 0 0 0 0 0 0 0 0 0 0 0.0778934377919587 0 0 0 0 0 0 0 0 0 0.187921036695335 0 0 0 0 0 0 0 0 0.10299872031891 0 0 0 0 0 0 0 0 0 0 0 0 0 0 0 0 0 0.145604880826332 0 0 0.0957006021597994 0 0 0 0 0 0.123022414794557 0 0
"48" 0 0 0 0 0 0 0 0 0.112513966089604 0.276411663141969 0 0 0 0 0 0 0 0 0 0 0 0 0 0 0 0.306632204633247 0 0 0 0 0 0 0 0 0 0 0 0 0 0 0 0 0 0 0 0 0 0 0 0 0 0 0 0 0 0 0 0 0 0 0 0 0.179271829043928 0 0 0 0 0 0 0 0 0 0 0 0 0 0 0 0 0 0 0 0 0
"49" 0.109642654989116 0 0 0 0 0 0 0 0 0 0 0 0.121497548289667 0 0 0 0 0.107397508790125 0 0 0.62284539310769 0 0 0 0 0 0 0 0 0 0 0 0 0 0 0 0 0 0 0 0 0.203612753373864 0 0 0 0 0 0 0 0 0 0 0 0 0 0 0 0 0 0 0 0 0 0 0 0 0 0 0 0 0 0 0 0 0 0 0 0 0 0 0.316425429445371 0 0 0
"50" 0 0 0 0 0 0 0 0 0 0 0 0.219745288939579 0 0 0 0 0 0 0 0 0 0 0 0 0 0 0 0 0 0 0 0 0 0 0 0 0 0 0 0 0 0.199996442288218 0 0 0 0 0 0 0 0 0.0853368875686139 0 0 0 0 0 0 0 0 0 0 0 0 0 0 0 0 0 0 0 0 0 0 0 0 0 0 0 0 0 0 0 0 0
"51" 0 0 0 0 0 0.120402495824324 0 0 0 0 0 0 0 0 0 0 0 0 0 0 0 0 0 0 0 0 0 0 0 0 0.209985684329713 0 0 0 0 0 0 0 0 0 0 0.198390223598678 0 0 0 0 0 0 0 0.395064857094575 0 0 0 0 0.129766964022834 0 0 0 0 0 0 0 0 0 0 0.100637335254044 0 0 0 0 0.332678765844465 0 0 0.519641208681087 0 0 0 0 0 0 0 0 0 0
"52" 0 0.375301091146862 0 0 0 0 0 0 0 0 0 0 0 0 0 0 0 0 0 0 0 0 0 0 0 0 0 0 0 0 0 0 0 0 0 0 0 0 0 0 0 0 0 0 0 0 0 0 0 0 0 0 0 0 0 0 0 0 0 0 0 0 0 0 0 0 0 0.188965124149351 0 0 0 0 0 0 0 0.136454873969137 0 0.182672490111665 0 0 0 0 0 0
"53" 0 0 0 0 0 0 0 0.297393282454367 0 0 0 0 0 0 0 0 0 0 0 0 0 0 0 0 0 0 0 0 0 0 0 0 0 0 0 0 0.105705744254937 0 0 0 0 0 0 0 0 0 0 0 0 0 0 0 0 0 0 0 0 0 0 0 0 0 0 0 0 0 0 0 0 0 0 0 0.127210076123309 0 0 0 0 0 0 0 0 0 0 0
"54" 0 0 0 0 0 0.0914211525816992 0 0 0 0 0 0 0 0.25363111185055 0 0 0 0 0 0 0 0 0 0 0 0 0 0 0 0 0 0 0 0.153686346962128 0 0.053609473803041 0 0 0 0 0 0 0 0 0 0 0 0 0 0 0 0 0 0 0 0 0 0 0 0 0 0 0 0 0 0 0 0 0 0 0 0 0.0724010527766772 0 0.178614487351517 0 0 0.254514942817187 0.181180137874841 0 0 0 0 0.106880560554402
"55" 0 0 0 0 0 0.0713829095150057 0 0 0 0 0 0 0 0 0 0 0 0 0.103309068340525 0 0 0 0 0.224941940523955 0 0 0 0.206955882663867 0 0 0 0 0 0 0 0 0 0 0 0 0 0 0 0 0 0 0.224294467146577 0 0 0 0.133972288770958 0 0 0 0 0 0 0 0 0 0 0 0 0 0 0 0.14899951653829 0.217535496596239 0 0 0 0 0.0914209368424267 0 0 0 0 0 0 0 0 0 0 0
"56" 0 0 0 0 0 0 0 0 0 0 0 0 0 0 0 0 0 0 0 0 0 0.22190010280448 0 0 0 0.236650465277381 0 0.172441181586051 0 0 0 0 0 0 0 0 0 0 0 0 0 0 0 0 0 0 0 0 0 0 0 0 0 0 0 0 0 0 0 0 0 0 0 0 0 0 0 0 0 0 0 0 0 0 0 0 0 0 0 0 0 0 0 0
"57" 0 0 0 0 0 0 0 0 0 0 0 0 0 0 0 0 0 0 0 0 0 0 0 0 0 0 0 0 0 0 0 0 0 0 0 0 0 0 0 0 0 0 0 0 0 0 0 0 0 0 0 0 0 0 0 0 0 0 0 0 0 0 0 0 0 0 0 0 0 0 0.307853508711986 0 0.0925488141207373 0 0 0 0 0 0 0 0 0 0 0
"58" 0 0 0 0 0 0 0.122874771377729 0 0 0 0 0 0 0 0 0 0 0 0 0 0 0 0 0 0 0 0 0 0 0.140163181958433 0 0 0 0 0 0 0 0 0 0 0.209745133288331 0 0 0 0 0 0 0 0 0 0 0 0 0 0 0 0 0 0 0 0 0 0 0 0 0.0934416372308857 0 0 0 0 0 0 0 0 0 0 0 0 0 0 0 0 0 0
"59" 0 0 0 0 0 0.0731232994845972 0 0 0 0.31433853188514 0 0 0 0.31063792867937 0 0 0 0 0 0 0 0 0 0 0 0 0 0 0 0 0 0 0 0 0.141005944893256 0.089341922706104 0 0 0 0 0 0 0 0 0 0 0 0 0 0 0 0 0 0 0 0 0 0 0 0 0 0 0 0 0 0 0 0 0 0 0 0 0 0 0.262190323345137 0 0 0 0 0 0 0 0 0
"60" 0.160215539062729 0 0 0 0 0.13766777261571 0 0 0 0 0 0 0 0 0 0 0 0 0 0 0 0 0 0 0 0 0 0 0 0.14989640680372 0 0 0 0 0 0 0 0 0 0 0 0 0 0 0.273996363157847 0 0 0 0 0 0 0 0 0 0 0 0 0 0 0 0 0 0 0.342254560585675 0 0 0 0 0 0 0 0 0 0 0 0.127653527369813 0 0 0 0 0 0.110539328498614 0 0
"61" 0 0 0 0 0 0 0 0 0 0 0 0 0 0 0 0 0 0 0 0 0.633446112974275 0 0 0 0 0 0 0.184075917933234 0 0 0 0 0 0 0 0.0724050047420782 0 0 0 0 0 0 0 0 0 0 0 0 0 0 0 0 0 0 0 0 0 0 0 0 0 0 0 0 0 0 0 0 0 0 0 0 0.10892304302756 0 0 0 0 0 0 0 0 0 0 0
"62" 0 0 0 0 0 0 0 0 0 0 0 0 0.0677624069525272 0 0 0 0 0 0 0 0 0 0 0 0 0 0.270861785921317 0 0 0 0 0.137456525447087 0 0 0 0 0 0 0 0.407467596344341 0 0 0.20623704728401 0 0 0 0 0 0 0 0 0 0 0 0 0 0 0 0 0 0 0 0 0 0 0 0 0 0 0 0 0 0 0 0 0 0 0 0 0 0 0 0 0
"63" 0 0 0 0 0 0 0 0 0 0 0 0 0 0 0 0 0 0.127081046594064 0 0 0 0 0 0 0 0 0 0 0 0 0 0 0 0 0 0 0 0 0 0 0 0 0.228915194303908 0 0 0 0 0.260487722856364 0 0 0 0 0 0 0 0 0 0 0 0 0 0 0 0 0 0 0.128808503682758 0 0 0 0 0 0 0 0 0 0 0 0 0 0.23581200274568 0 0.158864235369477 0
"64" 0 0 0 0 0 0 0 0 0 0 0 0 0 0 0 0 0 0 0 0 0 0 0 0 0 0 0 0 0.17933760762985 0.121458966002126 0 0 0 0 0 0 0 0 0 0 0 0 0 0 0 0 0 0 0 0 0 0 0 0 0 0 0 0 0 0.0848624118619255 0 0 0 0 0 0 0 0 0 0 0 0 0 0 0 0 0 0 0 0 0 0 0 0
"65" 0 0 0 0 0 0 0 0 0.161651400424862 0 0 0 0.107381792782582 0 0 0.361835393202407 0 0 0 0 0 0 0 0 0 0 0 0 0 0 0 0 0 0 0 0 0 0 0 0 0 0 0 0 0 0 0 0 0 0 0 0 0 0 0 0 0 0 0 0 0 0 0 0 0 0 0.107357835672332 0 0 0 0 0 0 0 0 0 0 0 0 0.394723904723444 0 0 0 0
"66" 0 0 0 0 0.249116709896751 0 0 0 0 0 0 0 0.0844390191341815 0 0 0 0 0 0 0 0 0 0 0.225936288739561 0 0 0 0 0 0 0 0 0.192100845834187 0 0 0 0.131597256330131 0 0 0 0 0 0 0 0 0 0 0 0 0 0.112799663374177 0 0 0 0 0 0 0.221889223063726 0 0 0 0 0 0 0 0 0 0 0 1.43241307804687 0 0 0 0 0 0 0 0 0 0 0 0 0 0
"67" 0 0 0.293075032970293 0 0 0 0 0 0 0 0 0 0 0 0 0 0 0 0 0 0 0 0 0 0.204643888044411 0 0 0 0 0 0 0 0 0 0 0 0 0 0 0 0 0 0.2171336940437 0 0 0 0 0 0 0 0 0 0 0 0.098910832123107 0 0 0 0 0 0 0 0.162966019919126 0 0.230541738067122 0 0 0 0 0 0 0 0 0 0 0 0 0 0 0 0 0 0 0.137307129721694
"68" 0 0 0 0.307205410830861 0 0 0 0 0 0 0 0.211738851237139 0 0 0 0 0 0 0 0 0 0 0 0 0 0 0 0 0 0 0 0 0 0 0 0.058331383481148 0 0 0 0 0 0 0 0 0 0 0 0 0 0 0 0.234257951563838 0 0 0.131476979487331 0 0 0 0 0 0 0 0 0 0 0 0 0 0 0 0 0 0 0 0 0 0 0 0 0 0 0 0 0
"69" 0 0 0 0 0 0.0711296767394587 0 0 0 0 0 0 0.166615059849165 0 0 0.217198801508396 0 0 0 0 0 0 0 0 0 0 0 0 0 0 0 0 0 0 0 0 0.0682663479587422 0 0 0 0 0 0 0 0 0.13537109796148 0 0 0 0 0 0 0 0 0 0 0 0 0 0 0 0 0 0 0 0 0 0 0 0 0 0 0 0.386748868175816 0 0.113102204116998 0 0 0 0 0 0 0 0
"70" 0 0 0 0 0 0 0 0 0 0 0 0 0 0 0 0 0 0 0 0 0 0 0 0 0 0 0 0 0 0 0 0 0 0 0 0 0 0 0 0 0 0 0 0 0 0 0 0 0 0 0 0 0 0 0 0 0 0 0 0 0 0 0 0 0 0.151286161199907 0 0 0 0 0 0 0 0 0 0 0 0 0 0 0 0 0 0
"71" 0 0 0 0 0 0 0 0 0 0 0 0 0 0 0 0 0 0 0 0 0 0 0 0 0 0 0 0 0 0 0 0 0 0 0 0 0 0 0 0 0 0 0 0 0 0 0 0 0 0 0.117565262169314 0 0 0 0 0 0.442094892600116 0 0 0 0 0 0 0 0 0 0 0 0 0 0 0 0 0 0 0 0 0 0 0 0.27857383999521 0 0 0
"72" 0 0 0 0 0 0 0 0 0.202855768975994 0 0 0 0 0 0 0 0 0 0 0 0 0 0 0 0 0 0 0 0 0 0 0 0.183739652412676 0 0 0 0 0 0 0 0 0.223408608563623 0 0 0 0 0 0 0 0 0 0 0 0 0 0 0 0 0 0 0 0 0 0 0 0 0 0 0 0 0 0 0 0 0 0 0 0 0 0 0 0.116914292131791 0 0
"73" 0 0 0 0 0 0 0 0 0 0 0.215035190860418 0 0 0 0 0 0 0 0 0 0 0 0 0 0 0 0 0 0 0 0 0 0 0 0 0 0 0 0 0 0 0 0 0 0 0 0.146693750270352 0 0 0 0 0 0.266666192734424 0.112121862258859 0.126507455014603 0 0.628838194981272 0 0 0 0.231323023868566 0 0 0 0 0 0 0 0 0 0 0 0 0 0 0 0.0964939209365319 0 0 0 0 0 0 0
"74" 0 0 0 0 0 0 0 0 0 0 0 0 0 0 0 0 0 0 0 0 0 0 0 0 0 0 0 0 0 0 0 0 0 0 0 0 0 0 0 0 0 0 0 0 0 0 0 0 0 0 0.131949229785506 0 0 0 0 0 0 0 0 0 0 0 0 0 0 0 0 0 0.0995658155548685 0 0 0 0 0 0 0 0 0 0 0 0 0 0 0
"75" 0 0 0 0 0 0 0 0 0 0 0 0 0.0926607881460752 0 0 0 0 0 0 0 0 0 0 0 0 0 0 0 0.237036040792325 0 0 0 0 0 0 0 0.163662352858124 0 0 0 0 0 0 0 0 0 0 0 0 0 0 0 0 0.160168155793601 0 0 0 0 0.175279403231402 0 0 0 0 0 0 0 0 0 0 0 0 0 0 0 0 0 0 0 0 0 0 0 0 0
"76" 0 0 0.199251479922747 0 0 0 0 0 0 0 0 0 0 0 0.494126507770525 0 0 0 0 0 0 0 0 0 0 0 0 0 0 0 0 0 0 0 0 0 0 0 0 0 0 0 0.232567644899664 0 0 0 0.122270933774413 0 0 0 0 0.315157771613517 0 0 0 0 0 0 0 0.17214638507522 0 0 0 0 0 0 0 0 0.119284849523487 0 0 0 0 0 0 0 0.192697919643458 0 0 0 0 0 0 0
"77" 0 0 0 0 0 0 0 0 0 0 0 0 0 0 0.459681546520568 0 0 0 0.132760357340551 0 0 0 0 0 0 0 0 0 0 0 0 0 0 0.129456140529611 0 0 0 0.551075833643439 0 0 0 0 0 0 0 0 0 0 0 0 0 0 0 0 0 0 0 0 0 0 0 0 0 0 0 0 0 0 0 0 0 0 0.0837970801939922 0 0 0.11461637186495 0 0 0 0 0 0 0.230375380008063 0
"78" 0 0 0 0 0 0 0.134456772599711 0 0 0 0 0 0 0 0 0 0 0 0 0 0 0 0.424497191141876 0 0 0 0 0 0 0 0.208108647240909 0 0 0 0 0 0 0 0 0 0 0 0 0 0 0 0 0 0 0 0 0.132048643391943 0 0.14501144774892 0 0 0 0 0 0 0 0 0 0 0 0 0 0 0 0 0 0 0 0 0 0 0 0 0 0 0 0 0 0
"79" 0 0 0 0 0 0 0 0 0 0 0 0 0 0 0 0 0 0.143712113434589 0 0 0 0 0 0 0 0 0 0 0 0 0.193826384843371 0.214755162181955 0 0 0.0984858406098491 0 0 0 0 0 0 0 0 0 0 0 0 0 0 0 0 0 0 0.115980041932125 0 0 0 0 0 0 0 0 0 0 0 0 0 0 0 0 0 0 0 0 0 0 0 0 0 0 0 0 0 0
"80" 0 0 0 0 0 0 0 0 0.137005960080762 0 0 0 0 0 0 0 0 0 0 0 0 0 0 0 0 0 0 0 0 0 0 0 0 0 0 0 0 0 0 0 0 0 0 0 0.364041669757786 0 0 0 0 0 0 0 0 0 0 0 0 0 0 0 0 0 0 0 0.149838733881279 0 0 0 0 0 0 0 0 0 0 0 0 0 0 0 0 0 0 0
"81" 0 0 0 0 0 0.117704213451048 0 0 0 0 0 0 0 0 0 0 0 0 0 0 0 0 0 0 0 0 0 0 0 0 0 0 0 0 0 0 0 0 0 0 0 0 0 0 0 0 0 0 0.159893927150544 0 0 0 0 0 0 0 0 0 0 0 0 0 0.141470702306365 0 0 0 0 0 0 0 0.452652444328691 0 0 0 0 0 0 0 0 0 0 0 0 0
"82" 0 0 0.215476832101195 0 0 0.0830798515506142 0 0 0 0 0 0 0 0 0 0 0 0 0 0 0 0.128771383996429 0 0 0 0 0 0 0 0 0 0 0 0 0 0 0 0 0 0 0 0 0 0.268897279495244 0.238646292717584 0.180454710092439 0.137786078148838 0 0 0 0 0 0 0 0 0 0 0 0 0.161755581335222 0 0 0 0 0 0 0 0 0 0 0 0.298910861633669 0 0 0 0 0 0 0 0 0 0 0 0
"83" 0 0 0 0 0 0 0 0 0 0 0 0 0 0 0 0 0 0.117187121176147 0 0 0 0 0 0 0 0 0 0 0 0 0 0 0 0 0 0.0774983287016135 0 0 0 0 0 0 0 0 0 0 0 0 0 0 0 0 0 0 0 0 0 0 0 0 0 0 0.172314737837361 0 0 0 0 0 0 0 0 0 0 0 0 0 0.130398024798824 0 0 0 0 0 0 0
"84" 0 0 0 0 0 0 0 0 0 0 0 0.189085447876412 0 0 0 0 0 0 0.159377211044247 0 0 0 0.61056340194538 0 0 0 0 0.214621758494076 0 0 0.201630225031775 0 0 0 0 0.067460825808806 0 0 0 0 0.202591025347202 0 0 0 0 0 0 0 0 0 0 0 0 0.116291936213871 0 0 0 0 0 0 0 0 0 0 0 0 0.118157999159673 0 0 0 0 0 0 0 0 0 0 0 0 0 0 0 0 0
