"V1" "V2" "V3" "V4" "V5" "V6" "V7" "V8" "V9" "V10" "V11" "V12" "V13" "V14" "V15" "V16" "V17" "V18" "V19" "V20" "V21"
"1" 0 0.267042731848815 0 0 0 0 0 0 0 0 0 0 0 0 0 0 0 0 0 0 0
"2" 0.693371685753431 0 0 0.301598501832152 0 0 0 0 0 0.356961228035081 0 0 0 0 0 0 0 0 0 0 0
"3" 0 0 0 0.23080829882352 0 0 0 0 0 0 0 0 0 0 0 0 0 0 0 0 0
"4" 0 0.344592658419687 1.1899285531107 0 0 0 0.333101280133895 0 0 0 0 0 0 0 0 0 0 0 0 0 0
"5" 0 0 0 0 0 0.381210735926384 0 0 0 0 0 0 0 0 0 0 0 0 0 0 0
"6" 0 0 0 0 0.691876649713497 0 0.444280597153028 1.09879121308104 0 0 0 0 0 0 0 0 0 0 0 0 0
"7" 0 0 0 0.284970751046266 0 0.403745948049471 0 0 0 0 0 0.850513326500157 0 0 0 0 0 0 0 0 0
"8" 0 0 0 0 0 0.441800090018308 0 0 0 0 0 0 0 0 0 0 0 0 0 0 0
"9" 0 0 0 0 0 0 0 0 0 0.25463980690567 0 0 0 0 0 0 0 0 0 0 0
"10" 0 0.254418283190331 0 0 0 0 0 0 1.0104352145933 0 0 0 0.281654907596088 0.34449158403709 0 0 0 0 0 0 0
"11" 0 0 0 0 0 0 0 0 0 0 0 0 0.310616016900922 0 0 0 0 0 0 0 0
"12" 0 0 0 0 0 0 0.387391197600178 0 0 0 0 0 0 0 0 0 0 0 0 0 0
"13" 0 0 0 0 0 0 0 0 0 0.246175596415382 0.950928753943071 0 0 0 0.260242606949422 0 0 0 0 0 0
"14" 0 0 0 0 0 0 0 0 0 0.330944112731097 0 0 0 0 0 0 0.968431664794501 0 0 0.976961192596052 0
"15" 0 0 0 0 0 0 0 0 0 0 0 0 0.400053135952497 0 0 0 0 1.64058388758317 0.408343936597297 0 0
"16" 0 0 0 0 0 0 0 0 0 0 0 0 0 0 0 0 0 0 0.306124068450106 0 0
"17" 0 0 0 0 0 0 0 0 0 0 0 0 0 0.368479813356381 0 0 0 0 0 0 0
"18" 0 0 0 0 0 0 0 0 0 0 0 0 0 0 0.349969666611949 0 0 0 0 0 0
"19" 0 0 0 0 0 0 0 0 0 0 0 0 0 0 0.385246984330749 1.10376145822329 0 0 0 0 0.622800193946079
"20" 0 0 0 0 0 0 0 0 0 0 0 0 0 0.407232213921249 0 0 0 0 0 0 0
"21" 0 0 0 0 0 0 0 0 0 0 0 0 0 0 0 0 0 0 0.386756642113929 0 0
