"V1" "V2" "V3" "V4" "V5" "V6" "V7" "V8" "V9" "V10" "V11" "V12" "V13" "V14" "V15" "V16" "V17" "V18" "V19" "V20" "V21"
"1" 0 0 0 0 0 0 0.118053440288636 0 0.213561072335015 0 0 0 0 0.135276505357505 0 0 0 0 0.183341599203049 0 0
"2" 0 0 0 0 0 0 0.127046148775668 0 0 0 0 0 0 0 0 0.150934656305267 0 0.158981457814176 0 0 0
"3" 0 0 0 0 0 0 0 0 0 0 0 0.220207172460397 0 0.1787221914373 0 0 0.200336117171302 0 0 0.182274753180934 0.264512459540491
"4" 0 0 0 0 0.270814785666455 0 0 0 0 0 0 0 0 0 0 0 0 0 0 0 0
"5" 0 0 0 1.18897089578603 0 0 0 0 0 0 0 0 0.17739499890488 0 0 0 0.0886100085032325 0 0 0 0
"6" 0 0 0 0 0 0 0.184666359557379 0 0 0.204434952372712 0.484794377003173 0 0 0.164718418512543 0 0 0 0 0.193535652235657 0 0
"7" 0.260922659570525 0.299212085845309 0 0 0 0.198804801034204 0 0.309016598407557 0 0 0 0 0 0.16215196112666 0 0 0 0.127378960352504 0.170751184299663 0 0
"8" 0 0 0 0 0 0 0.120754126417371 0 0 0 0 0 0 0 0 0 0 0 0 0.258542572049826 0
"9" 0.224134466542631 0 0 0 0 0 0 0 0 0 0 0 0.252837694071852 0 0.346738802810668 0.117553429957318 0.168960188405754 0.0587942645992517 0 0 0
"10" 0 0 0 0 0 0.25727003342754 0 0 0 0 0 0 0.183988574242508 0 0 0 0.120700888854041 0.126761601124941 0 0 0.316249847499351
"11" 0 0 0 0 0 0.131872876463503 0 0 0 0 0 0 0.214712645703581 0 0 0 0 0 0 0 0
"12" 0 0 0.236621756615847 0 0 0 0 0 0 0 0 0 0.170507365832393 0 0 0 0 0 0.102981951071819 0.215467786132353 0
"13" 0 0 0 0 0.345319380369781 0 0 0 0.157015306474765 0.151943383482656 0.688699889881756 0.303500027967225 0 0 0 0 0 0 0 0 0
"14" 0.265944064336028 0 0.16351494802695 0 0 0.248643530246217 0.0853136858731448 0 0 0 0 0 0 0 0 0 0 0.116604843414438 0 0 0
"15" 0 0 0 0 0 0 0 0 0.184609701108133 0 0 0 0 0 0 0 0.209064225901003 0.0741681410348763 0 0 0
"16" 0 0.28818627436938 0 0 0 0 0 0 0.169827296715469 0 0 0 0 0 0 0 0 0.152837416545669 0 0.217860533106518 0
"17" 0 0 0.220107969801438 0 0.280115864949123 0 0 0 0.173221352731095 0.208939621300011 0 0 0 0 0.239875150130528 0 0 0 0.221565188136195 0 0
"18" 0 0.34104945802939 0 0 0 0 0.168201027060002 0 0.122881705618693 0.187976363746398 0 0 0 0.203134041832473 0.306259103362357 0.273302004241154 0 0 0 0 0.364592682089686
"19" 0.251192540041273 0 0 0 0 0.194020218716524 0.146754120620758 0 0 0 0 0.288828734320709 0 0 0 0 0.182149915897372 0 0 0 0
"20" 0 0 0.186316076314682 0 0 0 0 0.489611811415147 0 0 0 0.20783340252398 0 0 0 0.242875659551659 0 0 0 0 0.253766206796344
"21" 0 0 0.209052663017124 0 0 0 0 0 0 0.261712307134336 0 0 0 0 0 0 0 0.131235407964472 0 0.131061133241905 0
