"V1" "V2" "V3" "V4" "V5" "V6" "V7" "V8" "V9" "V10" "V11" "V12" "V13" "V14" "V15" "V16" "V17" "V18" "V19" "V20" "V21"
"1" 0 0 0 0.0724881679945292 0 0 0.0671250882705792 0.170372974982871 0 0 0 0 0 0 0.0781828201625571 0 0.140794549436901 0.0792732187554508 0 0 0
"2" 0 0 0 0 0.0457101605171488 0.209287151952423 0.102789346328809 0 0 0 0.10678464577978 0 0.0400865100810906 0 0 0 0 0.0682444870626487 0 0.14551764691573 0
"3" 0 0 0 0 0 0 0 0 0.0841054786465783 0.183621873273605 0.0694761728952396 0.0515196926346073 0 0.100015591257745 0 0.235511001948118 0 0 0.0978052748866235 0 0.0688105277411748
"4" 0.144425629306702 0 0 0 0.0896180535662132 0 0.067845586669772 0.163610203044655 0.109051760599615 0 0.0885172929757545 0.089768558960488 0.109999849804126 0.101517683216111 0.0928308958466574 0 0.143238390974501 0.0460184904482695 0.0836431020606824 0 0.0721414466858385
"5" 0 0.163061000225647 0 0.0347528809384001 0 0.0644662487666341 0.0741604880267692 0 0 0 0.0681815948242226 0.0438285652070753 0.0903948651730572 0 0 0 0 0.0509975048697219 0.0700942886142169 0.181312277047987 0.0732276196504276
"6" 0 0.162283174612795 0 0 0.0728752269680906 0 0.0937223768133902 0.190423351715943 0 0 0 0 0.107498488928034 0 0 0 0 0.0513423282834236 0 0 0
"7" 0.200737250428667 0.11736550749588 0 0.0784431391543418 0.0623865733068398 0.226082969019474 0 0.209060025863255 0 0 0.0917292069538221 0.0948833123218465 0.0914787882072967 0 0.127757053344493 0 0 0.0600198238669044 0.0792268886731722 0 0
"8" 0.199425743955856 0 0 0.0514481387820194 0 0.124814472464815 0.0918819521043054 0 0 0 0 0 0 0 0.137961725935009 0 0 0.0795260662194435 0 0 0
"9" 0 0 0.113512976360206 0.0806550650055249 0 0 0 0 0 0.131506830714025 0.0729152612952876 0.0829000925711362 0 0.0877944788463719 0.118357059267916 0.188219713457921 0.147452080666599 0.0748769598381047 0.0565030395106303 0 0.0934605308972208
"10" 0 0 0.11312688069936 0 0 0 0 0 0.0879509766641273 0 0.0743632378952903 0.130997645699724 0 0 0 0.236365089382456 0 0 0.0669667489033924 0 0.0834855028783018
"11" 0 0.121628761983458 0.087981217069315 0.0731359117542492 0.0812671813019781 0 0.0975982074830685 0 0.0909196735249636 0.144517861304837 0 0.0832717504168694 0.0844905237002021 0.082295079812482 0 0 0 0.0886139510557778 0.073471117029985 0.248746716878776 0.0717762261852007
"12" 0 0 0.1284341131891 0.048407517833174 0.1193195832845 0 0.0857080961075725 0 0.0806960802815196 0.116989826625229 0.0581280989867301 0 0.0975635894063263 0.084162797654627 0 0 0 0.0550918060161521 0.0738533188414968 0.267063604535407 0.105996633780192
"13" 0 0.148927283263713 0 0.0721532717306027 0.0793469037162832 0.145174401340228 0.0977608373696959 0 0 0 0.0831716873743799 0.0873881499857116 0 0 0 0 0 0.0787172050622857 0.0977105522224866 0.176999722969944 0.103114582987373
"14" 0 0 0.131769574144011 0.0806214444332427 0 0 0 0 0.11111325021184 0 0.0472703754683529 0.0828511911803849 0 0 0.0711644807532828 0.205281400754529 0.181163713024699 0.0537198604792757 0.053086083330778 0 0.0591177741759355
"15" 0.216626073028706 0 0 0.0531441470058693 0 0 0.1119577118123 0.177303996836311 0.0849316448763145 0 0 0 0 0.0760802792483111 0 0 0.175798551664274 0.0597155096016965 0.0680531800899953 0 0
"16" 0 0 0.0798070921510078 0 0 0 0 0 0.128130583932025 0.12515633326185 0 0 0 0.114399828152972 0 0 0 0 0 0 0.0689278867862074
"17" 0.120637585344676 0 0 0.0534370840602848 0 0 0 0 0.122414432110143 0 0 0 0 0.0621070955480804 0.124818260215305 0 0 0 0.0669484933645545 0 0.0649451466719735
"18" 0.218384035690623 0.152389482769825 0 0.0608213190968952 0.116197036192565 0.143394375691705 0.0872906703095976 0.122692919908865 0.0816017882482578 0 0.0627095768710436 0.0926636746705889 0.092967941351805 0.0979614013502514 0.118889615466806 0 0 0 0.0654069470543209 0 0.106874723851682
"19" 0 0 0.107201409784194 0.087042217218422 0.116287991658452 0 0.0781717432004649 0 0.107120368358354 0.162418274340485 0.053947145864449 0.0755675823429549 0.105008132071584 0.078316512883338 0.105963924163475 0 0.116312842359721 0.0449223513662307 0 0 0.0832074390137312
"20" 0 0.19447419592015 0 0 0.0632059247753856 0 0 0 0 0 0.0580118981122214 0.05733938624775 0.0929988040612502 0 0 0 0 0 0 0 0
"21" 0 0 0.143344293059169 0.0688161935437481 0.0754570430503153 0 0 0 0.110987145605094 0.154611688046965 0.089697435405059 0.0793485782852518 0.0978797007230714 0.101958856561257 0 0.228720387636416 0.188947119446349 0.0930827947048598 0.0677938399503745 0 0
