"V1" "V2" "V3" "V4" "V5" "V6" "V7" "V8" "V9" "V10" "V11" "V12" "V13" "V14" "V15" "V16" "V17" "V18" "V19" "V20" "V21"
"1" 0 0.333639426352723 0 0 0 0 0 0 0 0 0 0 0 0 0 0 0 0 0 0 0
"2" 0.991005591395243 0 0 0.358242171984952 0.213111770937315 0 0 0 0 0 0 0 0 0 0 0 0 0 0 0 0
"3" 0 0 0 0 0.234008210817286 0 0 0 0 0 0 0 0 0 0 0 0 0 0 0 0
"4" 0 0.336737939048955 0 0 0 0 0 0 0 1.05820021412967 0 0 0 0.334262532467901 0 0 0 0 0 0 0
"5" 0 0.414701825964938 0.561603314347109 0 0 0 0.42849428595186 0 0 0 0 0.369413269032458 0 0 0 0 0 0 0 0 0
"6" 0 0 0 0 0 0 0.304078661497183 0 0 0 0 0 0 0 0 0 0 0 0 0 0
"7" 0 0 0 0 0.353982916398201 1.28137325751785 0 0 0.253046932881562 0 0 0 0 0 0 0 0 0 0 0 0
"8" 0 0 0 0 0 0 0 0 0.301048734284476 0 0 0 0 0 0 0 0 0 0 0 0
"9" 0 0 0 0 0 0 0.259113712659213 0.96423554447127 0 0 0 0 1.04519773132036 0 0 0 0 0 0 0 0
"10" 0 0 0 0.388963299505246 0 0 0 0 0 0 0 0 0 0 0 0 0 0 0 0 0
"11" 0 0 0 0 0 0 0 0 0 0 0 0.561541176570292 0 0 0 0 0 0 0 0 0
"12" 0 0 0 0 0.334314487697801 0 0 0 0 0 1.0519690573813 0 0 0 0.322179179153619 0 0 0 0 0 0
"13" 0 0 0 0 0 0 0 0 0.323941666651857 0 0 0 0 0 0 0 0 0 0 0 0
"14" 0 0 0 0.344866704020676 0 0 0 0 0 0 0 0 0 0 0 0 1.18361855803366 0.928451173070054 0 0 0
"15" 0 0 0 0 0 0 0 0 0 0 0 0.380494902802455 0 0 0 0.514904466416686 0 0 1.40882960510157 0 0
"16" 0 0 0 0 0 0 0 0 0 0 0 0 0 0 0.305900570455617 0 0 0 0 0.968166839995141 1.11154440017217
"17" 0 0 0 0 0 0 0 0 0 0 0 0 0 0.297113879774044 0 0 0 0 0 0 0
"18" 0 0 0 0 0 0 0 0 0 0 0 0 0 0.282299188413055 0 0 0 0 0 0 0
"19" 0 0 0 0 0 0 0 0 0 0 0 0 0 0 0.469068368175856 0 0 0 0 0 0
"20" 0 0 0 0 0 0 0 0 0 0 0 0 0 0 0 0.41056109427194 0 0 0 0 0
"21" 0 0 0 0 0 0 0 0 0 0 0 0 0 0 0 0.306984167948077 0 0 0 0 0
