"V1" "V2" "V3" "V4" "V5" "V6" "V7" "V8" "V9" "V10" "V11" "V12" "V13" "V14" "V15" "V16" "V17" "V18" "V19" "V20" "V21"
"1" 0 0 0 0.0413287869917004 0 0 0 0.126794052054277 0.118433682082854 0.103112630640651 0 0 0 0 0.10879268229274 0.0436714884270448 0 0.100400261595412 0 0 0
"2" 0 0 0.0635821886554955 0 0.137738569175826 0.135659453892363 0.178498004827844 0 0 0 0 0 0.0817858841064346 0.130519482801642 0 0.0490033714642739 0 0 0.0542087889545924 0.0947576133986958 0.16572024139713
"3" 0 0.0985372017035915 0 0.0934489197880205 0 0 0.20138269628302 0 0 0.113397901921599 0 0 0.0803195031452809 0 0.103084053736422 0.0551515172972096 0 0.10947985152267 0.0382848687496026 0.0658424584716949 0
"4" 0.137746551226104 0 0.126601468965182 0 0 0 0.231826801065934 0.135022213114947 0 0.0850573268168835 0 0 0.105836613647131 0 0.133443672194954 0.0485107013677044 0 0.0872208542065627 0.0656243517954609 0 0
"5" 0 0.127215683294691 0 0 0 0.0846436993894377 0 0 0.117733303413852 0 0.108002833012405 0.193114597739078 0 0.154901742570635 0 0.0725877067080474 0.149472373237145 0 0.0712286052493655 0.117001423162883 0.154342287322442
"6" 0 0.133243370208317 0 0 0.103910119687029 0 0 0 0.122755647849833 0 0.133137756404296 0.134666624230353 0 0.12093336705658 0 0.0582418813459812 0.121688169011828 0 0.0622786326987793 0.0986996835816008 0.132163133650372
"7" 0 0.100741931383286 0.12317363394301 0.0856084615484808 0 0 0 0 0 0.105376553923505 0 0 0.118399764379744 0 0 0 0 0 0 0 0
"8" 0.163684702548225 0 0 0.117616004550515 0 0 0 0 0.112063777647021 0.154377898542441 0.0906203494066058 0 0 0 0.111237732949598 0.0559802758572081 0 0.115236517884454 0 0 0
"9" 0.154290169917428 0 0 0 0.0965688124638517 0.140843130562855 0 0.141190936785928 0 0 0.0900568493591088 0.186824621834647 0 0 0.104397817826477 0.0325112022310577 0 0.101243388855583 0.0647972899040336 0 0
"10" 0.131830017370186 0 0.104879795924726 0.116566565731119 0 0 0.15235282080601 0.123762017227794 0 0 0 0 0.0780804113269001 0 0.105821703250787 0.0394885283767174 0 0.147497148023731 0.0343445773281069 0 0
"11" 0 0 0 0 0.0812554915597688 0.109548232319123 0 0.125570434959364 0.0501885101218008 0 0 0.195776932091 0 0 0.117613948585067 0.0623944050055992 0.0903562018882257 0.105472406893675 0.0563142105543393 0 0
"12" 0 0 0 0 0.112881030492596 0.111271453195005 0 0 0.0732699612807877 0 0.110133775908057 0 0 0 0 0.0470212053726478 0.0901176083215793 0 0 0 0
"13" 0 0.112531240525286 0.089212164267052 0.105458812392938 0 0 0.189857452552215 0 0 0.123666450198755 0 0 0 0.111384365617536 0 0.0724491038169521 0 0 0.0747990020684298 0.115390756265631 0.202725062368532
"14" 0 0.0673921428947249 0 0 0.0836373655286968 0.0931039377175131 0 0 0 0 0 0 0.0952590395173248 0 0 0.0714953782214832 0.132332937545728 0 0.067119004101786 0.09656023546436 0.104603742308716
"15" 0.103052317962119 0 0.131626563830735 0.0541660631513117 0 0 0 0.126769638677676 0.0826139654743906 0.0810547760488091 0.09136436665073 0 0 0 0 0.0617693272605071 0 0.0643885591042662 0.0674657067558369 0 0
"16" 0.157483925227047 0.112219517514681 0.0853222015156276 0.110018988235981 0.0926488122900695 0.0954665343019064 0 0.154552020343317 0.0934653273504008 0.109965686192707 0.111676234149021 0.186165933459349 0.0809241851820588 0.0837685641221031 0.103927887827165 0 0.149152078601477 0.0815552809991513 0.0401571745894722 0.12631713056822 0
"17" 0 0 0 0 0.0758274582196231 0.0797569603656366 0 0 0 0 0.0987382112304032 0.162819028442279 0 0.143142932900348 0 0.0490185246197744 0 0 0.0651883593272607 0.10983864203605 0
"18" 0.152751548149097 0 0.0841914411453944 0.0856172847358267 0 0 0 0.0729664402833743 0.0811243699008015 0.0724523947081574 0.100225201662869 0 0 0 0.0834109156982953 0.0633647133564938 0 0 0.0637502571539904 0 0
"19" 0 0.0879469772807223 0.0876105702263377 0.085376550624735 0.11176319892359 0.116406737951602 0 0 0.094368384094887 0.073161100666533 0.112960505898657 0 0.0955850487710694 0.110039291757029 0.111271027718077 0.0628775691375377 0.125171632694042 0.122633265177166 0 0.105361416224035 0.156928096135559
"20" 0 0.0999635056010437 0.100328241209768 0 0.0857462549020143 0.0631493154801229 0 0 0 0 0 0 0.0944386735710615 0.101030246468513 0 0.0607895347228169 0.0782997055822515 0 0.0545927000141998 0 0.162516627700028
"21" 0 0.0826075442297648 0 0 0.083064814001291 0.074772811532709 0 0 0 0 0 0 0.0946568926086727 0.117689949445266 0 0 0 0 0.0535193500117868 0.102391174592707 0
