"V1" "V2" "V3" "V4" "V5" "V6" "V7" "V8" "V9" "V10" "V11" "V12" "V13" "V14" "V15" "V16" "V17" "V18" "V19" "V20" "V21"
"1" 0 0 0.25 0 0 0 0.142857142857143 0 0 0 0.2 0 0 0 0 0.25 0 0 0.333333333333333 0 0
"2" 0 0 0 0 0.5 0 0.142857142857143 0 0 0 0 0 0 0 0 0 0.111111111111111 0 0 0 0
"3" 0.2 0 0 0 0 0 0.142857142857143 0 0 0 0 0 0 0 0 0 0 0.25 0 0 0.2
"4" 0 0 0 0 0 0 0 0.142857142857143 0 0 0 0.125 0 0 0 0.25 0.111111111111111 0 0 0 0
"5" 0 0.333333333333333 0 0 0 0 0.142857142857143 0 0 0 0 0 0 0 0 0 0 0 0 0 0
"6" 0 0 0 0 0 0 0 0 0 0 0 0 0.166666666666667 0 0 0 0.111111111111111 0 0 0.142857142857143 0.2
"7" 0.2 0.333333333333333 0.25 0 0.5 0 0 0 0 0 0 0.125 0 0 0 0 0 0.25 0.333333333333333 0 0
"8" 0 0 0 0.25 0 0 0 0 0.2 0.333333333333333 0.2 0 0 0.2 0 0.25 0.111111111111111 0 0 0 0
"9" 0 0 0 0 0 0 0 0.142857142857143 0 0 0 0 0.166666666666667 0.2 0 0 0.111111111111111 0 0 0 0.2
"10" 0 0 0 0 0 0 0 0.142857142857143 0 0 0 0 0.166666666666667 0 0 0 0 0 0 0.142857142857143 0
"11" 0.2 0 0 0 0 0 0 0.142857142857143 0 0 0 0 0 0 0 0.25 0.111111111111111 0 0 0.142857142857143 0
"12" 0 0 0 0.25 0 0 0.142857142857143 0 0 0 0 0 0.166666666666667 0 0.5 0 0.111111111111111 0.25 0.333333333333333 0 0.2
"13" 0 0 0 0 0 0.25 0 0 0.2 0.333333333333333 0 0.125 0 0.2 0 0 0 0 0 0.142857142857143 0
"14" 0 0 0 0 0 0 0 0.142857142857143 0.2 0 0 0 0.166666666666667 0 0 0 0.111111111111111 0 0 0.142857142857143 0
"15" 0 0 0 0 0 0 0 0 0 0 0 0.125 0 0 0 0 0 0 0 0 0.2
"16" 0.2 0 0 0.25 0 0 0 0.142857142857143 0 0 0.2 0 0 0 0 0 0 0 0 0 0
"17" 0 0.333333333333333 0 0.25 0 0.25 0 0.142857142857143 0.2 0 0.2 0.125 0 0.2 0 0 0 0 0 0.142857142857143 0
"18" 0 0 0.25 0 0 0 0.142857142857143 0 0 0 0 0.125 0 0 0 0 0 0 0 0.142857142857143 0
"19" 0.2 0 0 0 0 0 0.142857142857143 0 0 0 0 0.125 0 0 0 0 0 0 0 0 0
"20" 0 0 0 0 0 0.25 0 0 0 0.333333333333333 0.2 0 0.166666666666667 0.2 0 0 0.111111111111111 0.25 0 0 0
"21" 0 0 0.25 0 0 0.25 0 0 0.2 0 0 0.125 0 0 0.5 0 0 0 0 0 0
