"V1" "V2" "V3" "V4" "V5" "V6" "V7" "V8" "V9" "V10" "V11" "V12" "V13" "V14" "V15" "V16" "V17" "V18" "V19" "V20" "V21"
"1" 0 0.345153995599174 0 0 0 0 0 0 0 0 0 0 0 0 0 0 0 0 0 0 0
"2" 0.906663238013089 0 0 0 0.436964323629822 0 0.962696213348561 0 0 0 0 0 0 0 0 0 0 0 0 0 0
"3" 0 0 0 1.17298847689603 0.33598487494461 0.911203491792773 0 0 0 0 0 0 0 0 0 0 0 0 0 0 0
"4" 0 0 0.348386653437382 0 0 0 0 0 0 0 0 0 0 0 0 0 0 0 0 0 0
"5" 0 0.277048768199323 0.483960657552702 0 0 0 0 0.315774003100038 0 0 0 0 0 0 0 0 0 0 0 0 0
"6" 0 0 0.336745946069545 0 0 0 0 0 0 0 0 0 0 0 0 0 0 0 0 0 0
"7" 0 0.287196669132778 0 0 0 0 0 0 0 0 0 0 0 0 0 0 0 0 0 0 0
"8" 0 0 0 0 0.346519887935799 0 0 0 0 0.352464469340149 0.254317642615054 0 0 0 0 0 0 0 0 0 0
"9" 0 0 0 0 0 0 0 0 0 0 0.292780473076365 0 0 0 0 0 0 0 0 0 0
"10" 0 0 0 0 0 0 0 0.333604215403893 0 0 0 1.34999974551861 0 0.305302314504215 0 0 0 0 0 0 0
"11" 0 0 0 0 0 0 0 0.341240078624443 1.18424282470587 0 0 0 0.761904804790315 0 0.307290414204875 0 0 0 0 0 0
"12" 0 0 0 0 0 0 0 0 0 0.385255979096519 0 0 0 0 0 0 0 0 0 0 0
"13" 0 0 0 0 0 0 0 0 0 0 0.320964569820748 0 0 0 0 0 0 0 0 0 0
"14" 0 0 0 0 0 0 0 0 0 0.454588046378025 0 0 0 0 0 0 1.29316360945361 0.855803511473349 0 0 0
"15" 0 0 0 0 0 0 0 0 0 0 0.152521033186787 0 0 0 0 0 0 0 1.12969949810224 0.30294553092028 0
"16" 0 0 0 0 0 0 0 0 0 0 0 0 0 0 0 0 0 0 0 0.318610804086938 0
"17" 0 0 0 0 0 0 0 0 0 0 0 0 0 0.299852011577469 0 0 0 0 0 0 0
"18" 0 0 0 0 0 0 0 0 0 0 0 0 0 0.459336835709477 0 0 0 0 0 0 0
"19" 0 0 0 0 0 0 0 0 0 0 0 0 0 0 0.234024816232852 0 0 0 0 0 0
"20" 0 0 0 0 0 0 0 0 0 0 0 0 0 0 0.426610655677974 1.23274992170053 0 0 0 0 1.29313992538974
"21" 0 0 0 0 0 0 0 0 0 0 0 0 0 0 0 0 0 0 0 0.199251995615792 0
