"V1" "V2" "V3" "V4" "V5" "V6" "V7" "V8" "V9" "V10" "V11" "V12" "V13" "V14" "V15" "V16" "V17" "V18" "V19" "V20" "V21" "V22" "V23" "V24" "V25" "V26" "V27" "V28" "V29" "V30" "V31" "V32" "V33" "V34" "V35" "V36" "V37" "V38" "V39" "V40" "V41" "V42" "V43" "V44" "V45" "V46" "V47" "V48" "V49" "V50" "V51" "V52" "V53" "V54" "V55" "V56" "V57" "V58" "V59" "V60" "V61" "V62" "V63" "V64" "V65" "V66" "V67" "V68" "V69" "V70" "V71" "V72" "V73" "V74" "V75" "V76" "V77" "V78" "V79" "V80" "V81" "V82" "V83" "V84"
"1" 0 0.196282079072897 0 0.358330646074857 0 0 0 0 0 0 0 0.224135974103494 0 0 0 0 0 0 0 0 0 0 0 0 0 0 0 0 0 0 0 0 0 0 0 0 0 0 0 0 0 0 0 0 0 0 0 0 0 0 0 0 0 0 0 0 0 0 0 0 0 0 0 0 0 0 0 0 0 0 0 0.267793847335284 0 0 0 0 0 0 0 0 0 0 0 0
"2" 0.257321966930821 0 0 0 0 0 0 0 0 0 0 0 0 0 0 0 0 0 0 0 0 0 0 0 0 0 0 0 0 0 0 0 0 0 0 0 0 0.130560707364957 0 0 0 0 0 0 0 0 0 0.156045547094655 0 0 0 0 0 0 0 0 0 0 0 0 0 0 0 0 0 0.132686679587206 0 0 0 0 0 0 0 0 0 0 0 0 0 0.262641136166462 0 0 0 0
"3" 0 0 0 0 0 0 0 0 0 0.204548897042131 0 0 0 0.107083376291927 0 0 0 0 0 0 0 0 0 0 0 0 0 0 0 0 0 0 0 0 0 0 0 0.135875577020585 0 0 0 0 0 0 0 0 0 0 0 0 0 0 0 0 0 0 0 0 0 0 0 0 0 0 0 0 0 0 0 0 0 0.238837127241173 0 0 0 0 0 0 0 0 0 0 0.210707153014326 0
"4" 0.200246785609804 0 0 0 0 0 0 0 0 0 0 0 0 0 0 0 0 0 0 0 0 0 0 0 0 0 0 0 0 0 0 0 0 0 0 0 0 0 0 0 0 0 0 0.120760788501188 0 0 0 0 0.176403027743146 0 0 0 0 0 0 0 0 0 0 0 0 0 0 0 0 0 0 0 0 0 0 0 0 0 0 0 0 0 0 0 0 0 0 0
"5" 0 0 0 0 0 0 0 0 0 0 0 0 0 0 0 0 0.12711215747967 0 0.176555123024187 0.141562132028623 0 0 0 0 0 0 0 0 0 0 0 0 0 0 0 0.170091401634244 0 0 0 0 0 0 0 0 0 0 0 0 0 0 0 0 0 0 0 0 0 0 0.24479399392661 0 0 0 0 0 0 0 0.122679306349608 0 0 0 0 0 0 0 0 0 0 0 0 0 0 0 0 0
"6" 0 0 0 0 0 0 0.173576395415592 0.11804241528869 0 0 0 0 0 0 0 0 0 0 0 0 0 0 0 0 0 0.317585653115736 0 0 0 0 0 0 0 0 0 0 0 0 0.337405932613021 0 0 0 0 0 0 0 0 0 0 0 0 0 0 0 0 0 0 0 0 0 0 0 0 0 0 0 0 0 0 0 0 0 0 0 0 0 0 0 0 0 0 0 0 0
"7" 0 0 0 0 0 0.232045482060432 0 0 0 0 0 0 0 0.111971653168833 0 0 0 0 0 0 0 0 0 0 0 0 0 0 0 0 0 0 0 0 0 0 0 0 0 0 0 0 0 0 0 0 0 0.152337121756 0 0.108888373368131 0 0 0 0 0 0 0 0 0 0 0 0 0 0 0 0 0 0 0 0 0 0 0 0 0 0 0 0.122968377528309 0 0 0 0 0 0
"8" 0 0 0 0 0 0.263143590655622 0 0 0 0 0 0 0 0.144197959020232 0 0 0 0 0 0 0 0 0 0 0 0 0 0 0 0 0 0 0 0 0 0 0 0 0 0 0 0 0 0 0 0 0 0 0 0 0.104364512216192 0 0 0 0.156244740553916 0 0 0 0 0 0 0 0 0 0 0 0 0 0 0 0 0 0 0 0 0 0 0.12873491880979 0.191335073541798 0.13723894588614 0 0 0 0
"9" 0 0 0 0 0 0 0 0 0 0 0 0 0 0 0 0 0 0 0 0 0 0 0 0 0 0 0 0.242820568924187 0 0 0 0 0.205370641702156 0.20384929836099 0 0 0 0 0 0 0 0 0 0 0 0 0 0.12659696999699 0 0 0 0 0 0 0 0 0 0 0 0.246005237019768 0 0 0 0 0 0 0 0 0 0 0 0 0 0 0 0 0 0.142181400353421 0 0 0 0 0 0
"10" 0 0 0.20705707352127 0 0 0 0 0 0 0 0 0 0 0 0 0 0 0 0.199409217452775 0 0 0 0.17278724446752 0 0 0 0 0 0 0 0 0 0 0 0 0 0 0.101619287411362 0 0 0 0 0 0 0 0 0 0 0 0 0 0 0 0 0 0 0 0 0 0 0 0 0 0 0 0 0 0 0 0 0 0 0 0 0 0 0 0.147966402778314 0 0 0 0 0 0
"11" 0 0 0 0 0 0 0 0 0 0 0 0 0 0 0 0 0.0816240480982869 0 0 0 0 0 0 0 0 0 0 0 0 0 0 0 0 0 0 0 0 0 0 0 0 0.080944529361145 0 0 0 0 0 0 0 0 0.0613412948879643 0 0 0 0 0 0 0 0 0 0 0.274106137285205 0 0 0 0 0 0 0.468626933564312 0 0 0 0 0 0 0 0 0 0 0 0 0 0 0
"12" 0.244070468111019 0 0 0 0 0 0 0 0 0 0 0 0 0 0 0 0.0921783767499672 0 0 0 0 0 0 0 0 0 0 0 0 0 0 0 0 0 0 0 0 0 0 0 0 0 0 0 0 0 0 0.158615557081653 0 0 0 0 0 0 0 0 0 0 0 0 0 0 0 0 0 0.130231240804971 0 0 0 0 0 0 0.180046974884042 0 0 0 0 0 0 0 0 0 0 0
"13" 0 0 0 0 0 0 0 0 0 0 0 0 0 0 0 0 0 0 0 0 0 0 0 0 0 0 0 0 0 0 0 0 0 0 0 0 0 0 0 0 0 0 0 0 0 0 0 0 0 0 0 0.167425344231794 0 0 0 0 0 0 0 0 0 0 0 0 0 0 0 0 0 0 0.179586915822643 0 0 0 0 0 0 0 0.130284856134071 0 0 0.276354228583153 0 0
"14" 0 0 0.239334062169856 0 0 0 0.297664050221405 0.117333297209523 0 0 0 0 0 0 0 0 0 0 0 0 0 0 0.142782127102505 0 0.487882773863179 0 0.218011309655367 0 0 0 0 0 0 0 0 0 0 0 0 0 0 0.0832473548092764 0 0 0 0.16879905219188 0 0 0 0 0 0 0 0.0828909611854578 0 0 0 0 0 0 0 0 0 0 0 0 0 0 0 0 0 0 0 0 0 0 0 0 0 0 0 0 0 0
"15" 0 0 0 0 0 0 0 0 0 0 0 0 0 0 0 0 0 0 0 0 0 0 0 0 0 0 0 0 0 0 0 0 0 0 0 0 0 0 0.334871590624722 0 0 0 0 0 0 0 0 0 0 0 0 0 0 0 0 0 0 0 0 0 0 0 0 0.240337047758833 0 0 0 0 0 0 0 0 0 0 0 0 0 0 0 0 0 0 0 0
"16" 0 0 0 0 0 0 0 0 0 0 0 0 0 0 0 0 0.103096019380269 0 0 0.243720603580526 0 0 0 0.701440356282612 0 0 0 0.240268691242107 0 0 0 0 0 0 0 0 0 0 0.271677962094265 0 0 0 0 0 0 0 0 0 0.175153512162523 0 0 0 0 0 0 0 0.480365732910113 0 0 0 0 0 0 0 0.248751665553713 0 0 0 0 0 0 0 0 0 0.192784074087977 0 0 0 0 0 0 0 0 0
"17" 0 0 0 0 0.184665688616413 0 0 0 0 0 0.22572010533714 0.196740635930111 0 0 0 0.0819958819447447 0 0 0.139341050926044 0 0 0 0 0 0 0 0 0 0 0 0 0.642252587879644 0 0 0.17196508322851 0 0 0.128577611526189 0 0 0 0 0 0 0 0 0 0 0 0 0 0.12122607881917 0 0 0 0 0 0 0 0 0 0 0 0 0 0 0 0.196427498576579 0 0 0 0 0 0 0 0 0 0 0 0 0 0 0.272442958054321 0
"18" 0 0 0 0 0 0 0 0 0 0 0 0 0 0 0 0 0 0 0 0 0 0 0 0 0 0 0 0 0 0 0.23725144310743 0 0 0 0 0 0 0 0 0 0.308478798139071 0 0 0 0 0.247875195088392 0.176503485421129 0 0 0 0 0 0 0.092028832807792 0 0 0 0 0 0 0 0.278978413080673 0 0 0 0 0 0 0 0 0 0 0 0 0 0 0 0 0 0 0 0 0 0
"19" 0 0 0 0 0.126568113326872 0 0 0 0 0.170874991717187 0 0 0 0 0 0 0.101435534929597 0 0 0 0 0 0 0 0 0 0 0 0 0 0 0 0 0 0 0 0 0 0 0 0 0 0 0 0 0 0 0 0 0.146749878406253 0 0.14072752928933 0 0 0 0 0 0 0 0 0 0 0 0 0 0 0 0 0 0 0 0 0 0 0 0 0 0 0 0 0 0 0 0.497923026859932
"20" 0 0 0 0 0.188744660287112 0 0 0 0 0 0 0 0 0 0 0.113753367594216 0 0 0 0 0 0 0.200370355758499 0 0 0 0 0 0 0 0 0 0 0 0 0 0 0 0 0 0 0 0 0 0 0 0 0 0 0 0 0.140909135914655 0 0 0 0 0 0 0 0 0 0 0.41048898929227 0 0 0 0.0865136999630888 0 0 0 0 0 0 0 0 0 0 0 0 0 0 0 0 0
"21" 0 0 0 0 0 0 0 0 0 0 0 0 0 0 0 0 0 0 0 0 0 0 0 0 0 0 0 0 0 0 0 0 0 0 0 0 0 0.101318457572697 0 0 0 0 0 0 0 0 0 0 0 0 0 0 0 0 0 0 0 0 0 0 0 0 0.258265253156416 0 0 0 0 0 0 0 0 0 0 0 0 0 0 0 0 0 0 0 0 0
"22" 0 0 0 0 0 0 0 0 0 0 0 0 0 0 0 0 0 0 0 0 0 0 0 0 0 0 0 0 0 0 0 0 0 0 0 0 0 0 0 0 0 0 0 0 0 0 0 0 0 0 0 0 0 0 0 0 0 0 0 0 0 0 0 0 0 0 0 0 0 0 0 0 0 0 0 0 0 0 0.137605212321004 0 0 0 0 0
"23" 0 0 0 0 0 0 0 0 0 0.187117349038797 0 0 0 0.0913851133508355 0 0 0 0 0 0.133057063480857 0 0 0 0 0 0 0 0 0 0 0 0 0 0 0.206594167809926 0 0 0 0 0 0 0 0 0 0.159806530405778 0 0 0 0 0 0 0 0 0.0875874580084927 0 0 0 0 0 0 0 0 0 0 0 0 0 0 0 0 0 0 0 0 0 0 0 0 0 0 0 0 0 0
"24" 0 0 0 0 0 0 0 0 0 0 0 0 0 0 0 0.127933664132408 0 0 0 0 0 0 0 0 0 0 0 0 0 0 0 0 0 0 0 0 0 0 0 0 0 0 0 0 0 0 0 0 0 0 0 0 0 0 0 0 0 0 0 0 0 0 0 0 0 0 0 0 0 0 0 0 0 0 0 0 0 0 0 0 0 0 0 0
"25" 0 0 0 0 0 0 0 0 0 0 0 0 0 0.115926774669322 0 0 0 0 0 0 0 0 0 0 0 0 0 0 0 0 0 0 0 0 0 0 0 0 0 0 0 0 0 0 0 0 0 0 0 0 0 0 0 0 0 0 0 0 0 0 0 0 0 0 0 0 0 0 0 0 0 0 0 0 0.165272971955557 0 0 0 0 0 0 0 0 0
"26" 0 0 0 0 0 0.24556752708311 0 0 0 0 0 0 0 0 0 0 0 0 0 0 0 0 0 0 0 0 0 0 0 0 0 0 0 0 0 0 0 0 0 0 0 0 0 0.103557507372751 0 0 0 0.161450574766529 0 0 0 0 0 0 0 0 0 0 0 0 0 0 0 0 0 0 0 0 0 0 0 0 0 0 0 0 0 0 0 0 0 0 0 0
"27" 0 0 0 0 0 0 0 0 0 0 0 0 0 0.137216760739007 0 0 0 0 0 0 0 0 0 0 0 0 0 0 0 0 0 0 0 0 0 0 0 0 0 0 0 0.0786459087453662 0 0 0 0 0 0 0 0 0 0 0 0 0 0 0 0 0 0 0 0 0 0 0 0.183014202595891 0.130658533909671 0 0 0 0 0 0 0 0 0 0 0 0 0 0 0 0 0
"28" 0 0 0 0 0 0 0 0 0.119273094517111 0 0 0 0 0 0 0.108891824899853 0 0 0 0 0 0 0 0 0 0 0 0 0 0 0.364343931157 0 0 0 0 0 0 0 0 0 0 0 0.223442573150169 0 0 0 0 0 0 0 0 0 0 0 0 0.165520822721788 0 0 0 0 0 0 0 0 0 0 0 0 0 0 0 0 0 0 0 0 0 0 0 0 0 0 0 0
"29" 0 0 0 0 0 0 0 0 0 0 0 0 0 0 0 0 0 0 0 0 0 0 0 0 0 0 0 0 0 0 0 0 0 0 0 0 0 0 0 0 0 0 0 0 0 0 0.167108305199042 0 0 0 0 0 0 0 0 0 0 0 0 0 0 0 0 0 0 0 0 0 0 0 0 0 0 0 0 0 0 0 0 0 0 0 0.22080544553026 0
"30" 0 0 0 0 0 0 0 0 0 0 0 0 0 0 0 0 0 0 0 0 0 0 0 0 0 0 0 0 0 0 0 0 0 0 0 0 0 0 0 0 0 0 0 0 0 0 0 0 0 0.121619114602546 0 0 0 0 0 0 0 0 0 0 0 0 0 0 0 0.12533813125426 0 0 0 0 0.204065810294441 0 0 0 0 0 0 0 0 0 0 0 0 0
"31" 0 0 0 0 0 0 0 0 0 0 0 0 0 0 0 0 0 0.111904190008682 0 0 0 0 0 0 0 0 0 0.196269668623976 0 0 0 0 0 0 0 0 0 0 0 0 0 0 0 0 0 0 0 0 0 0 0 0 0 0 0 0 0 0 0 0 0 0 0 0 0 0 0 0 0 0 0 0 0 0.148953996780852 0 0 0 0 0 0 0 0 0 0
"32" 0 0 0 0 0 0 0 0 0 0 0 0 0 0 0 0 0.0897511631708692 0 0 0 0 0 0 0 0 0 0 0 0 0 0 0 0 0 0 0 0 0 0 0 0 0.0765965443323289 0 0 0 0 0 0 0 0 0 0 0 0 0 0 0 0 0 0 0 0 0 0 0 0 0 0 0 0 0 0 0 0 0 0 0 0 0 0 0 0 0 0
"33" 0 0 0 0 0 0 0 0 0.160186456608389 0 0 0 0 0 0 0 0 0 0 0 0 0 0 0 0 0 0 0 0 0 0 0 0 0 0 0 0 0 0 0 0 0 0 0 0 0 0 0 0 0 0 0 0.576459021737231 0 0 0 0 0 0 0 0 0 0 0 0 0 0 0 0 0 0 0 0 0 0 0 0.168694534895599 0.11603721215071 0 0 0.364338751165298 0 0 0
"34" 0 0 0 0 0 0 0 0 0.162650124514304 0 0 0 0 0 0 0 0 0 0 0 0 0 0 0 0 0 0 0 0 0 0 0 0 0 0 0 0 0 0 0 0 0.101814443353383 0 0 0 0 0 0 0 0 0 0 0 0 0 0 0 0 0 0.234153115346777 0 0 0 0 0 0 0 0 0 0 0 0.207734450688126 0 0 0 0 0 0 0 0 0.282228703003968 0 0 0
"35" 0 0 0 0 0 0 0 0 0 0 0 0 0 0 0 0 0.107064648082995 0 0 0 0 0 0.156114365560151 0 0 0 0 0 0 0 0 0 0 0 0 0 0 0 0 0 0 0 0 0 0 0 0 0 0 0 0 0 0 0 0 0 0 0 0 0 0.109821724246215 0 0 0 0 0 0 0 0 0 0 0 0 0 0 0.143268545317292 0 0 0 0.251007557100337 0 0 0 0
"36" 0 0 0 0 0.227067133946813 0 0 0 0 0 0 0 0 0 0 0 0 0 0 0 0 0 0 0 0 0 0 0 0 0 0 0 0 0 0 0 0.334188411403376 0 0 0 0 0.0950764032264804 0 0 0 0 0 0 0 0 0 0 0 0 0 0 0 0 0 0 0 0 0 0 0.282852935357877 0 0.0759145841250442 0 0 0 0 0 0 0 0.176197437392956 0 0 0 0 0 0 0 0 0.495301900874249
"37" 0 0 0 0 0 0 0 0 0 0 0 0 0 0 0 0 0 0 0 0 0 0 0 0 0 0 0 0 0 0 0 0 0 0 0 0.200124364824582 0 0 0 0 0 0 0 0 0 0 0 0 0.250623978869469 0 0 0.164576706162236 0 0 0 0 0 0 0 0 0 0 0 0 0 0 0 0 0 0 0 0 0 0 0 0 0 0 0 0 0 0 0 0
"38" 0 0.277567517289353 0.219044639142949 0 0 0 0 0 0 0.195822783605287 0 0 0 0 0 0 0.0737828202166046 0 0 0 0.578457504527056 0 0 0 0 0 0 0 0 0 0 0 0 0 0 0 0 0 0 0 0 0 0 0 0 0 0 0 0 0 0 0.123866590638083 0 0 0 0 0 0 0 0 0 0 0 0 0.238202674811628 0 0 0 0 0 0 0 0 0 0 0 0.238313886303188 0 0 0 0 0 0 0
"39" 0 0 0 0 0 0.235268110519515 0 0 0 0 0 0 0 0 0.520446041357715 0.0972852239087812 0 0 0 0 0 0 0 0 0 0 0 0 0 0 0 0 0 0 0 0 0 0 0 0 0 0 0 0 0 0 0 0 0 0 0 0 0 0 0 0 0 0 0 0 0 0 0 0 0 0 0 0 0 0 0 0 0 0 0 0 0 0 0 0 0 0 0 0
"40" 0 0 0 0 0 0 0 0 0 0 0 0 0 0 0 0 0 0 0 0 0 0 0 0 0 0 0 0 0 0 0 0 0 0 0 0 0 0 0 0 0 0.0751413748932123 0 0 0 0 0 0 0 0 0 0 0 0 0 0 0 0 0 0.219643252934933 0 0 0 0 0 0 0 0 0 0 0 0 0.193595913196031 0 0 0 0 0 0 0 0 0.31827452376609 0 0
"41" 0 0 0 0 0 0 0 0 0 0 0 0 0 0 0 0 0 0.138244664263316 0 0 0 0 0 0 0 0 0 0 0 0 0 0 0 0 0 0 0 0 0 0 0 0 0 0 0 0 0 0 0 0 0 0 0 0 0 0 0 0 0 0 0 0 0 0 0 0 0 0 0 0 0 0 0.142897821669494 0 0 0 0 0 0 0 0 0 0 0
"42" 0 0 0 0 0 0 0 0 0 0 0.185916770674606 0 0 0.0610568429335683 0 0 0 0 0 0 0 0 0 0 0 0 0.245357188254073 0 0 0 0 0.48345366162693 0 0.157975702884559 0 0.168377607014732 0 0 0 0.184274145996759 0 0 0 0 0 0 0 0 0 0 0 0 0 0.0872960608217044 0.115290461715091 0 0 0.507311571171772 0 0 0 0 0 0.334535464710044 0 0 0 0 0 0.162985459089799 0 0 0 0 0 0 0 0 0 0 0 0 0 0
"43" 0 0 0 0 0 0 0 0 0 0 0 0 0 0 0 0 0 0 0 0 0 0 0 0 0 0 0 0.170158936840831 0 0 0 0 0 0 0 0 0 0 0 0 0 0 0 0 0 0 0 0 0 0 0 0 0 0 0 0 0 0 0 0 0 0 0 0 0 0 0 0.158412421793746 0 0 0 0 0 0 0.178267013798734 0 0 0 0 0 0 0 0 0
"44" 0 0 0 0.272431654572964 0 0 0 0 0 0 0 0 0 0 0 0 0 0 0 0 0 0 0 0 0 0.233196270710783 0 0 0 0 0 0 0 0 0 0 0 0 0 0 0 0 0 0 0 0 0 0 0 0 0.144106465593733 0 0 0 0 0 0 0 0 0 0.167918980500607 0 0.351228626883111 0 0 0 0 0 0 0 0.17443062532213 0 0 0 0 0 0.214603922745758 0 0.328353614702316 0 0 0 0 0
"45" 0 0 0 0 0 0 0 0 0 0 0 0 0 0 0 0 0 0 0 0 0 0 0.182563151064937 0 0 0 0 0 0 0 0 0 0 0 0 0 0 0 0 0 0 0 0 0 0 0 0.230073636550505 0 0 0.156692779858304 0.0701440285456151 0 0 0.0994744282204407 0 0 0 0 0 0 0 0 0 0 0 0 0.0938092632695652 0 0 0 0 0 0 0 0 0 0 0 0 0.228556832149914 0 0 0 0
"46" 0 0 0 0 0 0 0 0 0 0 0 0 0 0.10410805078916 0 0 0 0.113133896456483 0 0 0 0 0 0 0 0 0 0 0 0 0 0 0 0 0 0 0 0 0 0 0 0 0 0 0 0 0 0 0 0 0 0 0 0.0761558132368657 0.203069159672224 0 0 0 0 0 0 0 0 0 0 0 0 0.188267068795712 0 0 0 0 0 0 0 0 0 0 0 0 0 0 0 0
"47" 0 0 0 0 0 0 0 0 0 0 0 0 0 0 0 0 0 0.16605672684746 0 0 0 0 0 0 0 0 0 0 0.40132332294541 0 0 0 0 0 0 0 0 0 0 0 0 0 0 0 0.195476299977908 0 0 0.148407401930339 0 0 0 0 0 0 0 0 0 0 0 0 0 0 0 0 0.277710086437191 0 0 0 0 0 0 0 0 0 0 0 0 0 0 0 0 0 0 0
"48" 0 0.190478785074177 0 0 0 0 0.243190062670876 0 0.160252467744393 0 0 0.142510439411109 0 0 0 0 0 0 0 0 0 0 0 0 0 0.465223208582091 0 0 0 0 0 0 0 0 0 0 0 0 0 0 0 0 0 0 0 0 0.250464214032109 0 0 0 0 0 0 0 0 0 0 0 0 0 0 0 0 0 0 0 0 0 0 0 0 0 0 0 0 0.156873691402013 0 0 0 0 0 0 0 0
"49" 0 0 0 0.20392249860101 0 0 0 0 0 0 0 0 0 0 0 0.135160626562721 0 0 0 0 0 0 0 0 0 0 0 0 0 0 0 0 0 0 0 0 0.406973104765438 0 0 0 0 0 0 0 0 0 0 0 0 0 0 0 0 0 0 0 0 0 0 0 0.178694412027965 0 0 0 0 0 0 0 0 0 0 0 0 0 0 0 0 0 0 0 0 0 0 0
"50" 0 0 0 0 0 0 0.198429444373258 0 0 0 0 0 0 0 0 0 0 0 0.188224525104981 0 0 0 0 0 0 0 0 0 0 0.388996072352205 0 0 0 0 0 0 0 0 0 0 0 0 0 0 0.17206771180308 0 0 0 0 0 0.140382652252198 0 0 0 0 0.147282621962924 0 0 0 0 0 0 0 0 0 0 0 0 0 0 0 0 0 0 0 0 0 0 0 0 0.270238660372806 0 0 0
"51" 0 0 0 0 0 0 0 0.153244100081681 0 0 0.112955593665345 0 0 0 0 0 0 0 0 0 0 0 0 0 0 0 0 0 0 0 0 0 0 0 0 0 0 0 0 0 0 0 0 0.0700530628993828 0.18102269514161 0 0 0 0 0.165466110711421 0 0 0 0 0 0 0 0 0.153779986009531 0 0 0 0 0 0 0 0 0 0 0 0.237918008759744 0 0 0 0 0 0 0.162900640296321 0 0 0 0 0 0
"52" 0 0 0 0 0 0 0 0 0 0 0 0 0.375247626307664 0 0 0 0.09789064969035 0 0.188477720947114 0.182693832356246 0 0 0 0 0 0 0 0 0 0 0 0 0 0 0 0 0.345172774181458 0.143016867256275 0 0 0 0 0 0 0 0 0 0 0 0 0 0 0 0 0 0 0 0 0 0 0 0 0 0 0 0 0.112070115073718 0 0 0 0 0 0 0 0 0 0 0 0 0 0 0 0 0
"53" 0 0 0 0 0 0 0 0 0 0 0 0 0 0 0 0 0 0 0 0 0 0 0 0 0 0 0 0 0 0 0 0 0.175784778689775 0 0 0 0 0 0 0 0 0 0 0 0 0 0 0 0 0 0 0 0 0 0.127968947379927 0 0 0 0 0 0 0 0 0 0 0 0 0 0 0 0 0 0 0 0 0 0 0 0 0 0 0 0 0
"54" 0 0 0 0 0 0 0 0 0 0 0 0 0 0.1199254603549 0 0 0 0.145158885065375 0 0 0 0 0.179961165401331 0 0 0 0 0 0 0 0 0 0 0 0 0 0 0 0 0 0 0.0767496604005049 0 0 0.101299679322659 0.176094397778771 0 0 0 0 0 0 0 0 0 0 0 0.406315609784563 0 0 0 0 0 0 0 0 0.102246777099412 0 0 0 0 0 0 0 0 0.181064089146953 0 0 0 0 0 0.235955394692615 0.205537616510963 0
"55" 0 0 0 0 0 0 0 0.1128993740543 0 0 0 0 0 0 0 0 0 0 0 0 0 0 0 0 0 0 0 0 0 0 0 0 0 0 0 0 0 0 0 0 0 0.076985517895607 0 0 0 0.204728318086844 0 0 0 0 0 0 0.535019700522249 0 0 0.128235828588785 0 0 0 0 0 0 0 0 0 0 0 0 0 0.401847344543056 0 0 0 0 0 0 0 0 0 0 0 0 0 0
"56" 0 0 0 0 0 0 0 0 0 0 0 0 0 0 0 0 0 0 0 0 0 0 0 0 0 0 0 0.223525479399303 0 0 0 0 0 0 0 0 0 0 0 0 0 0 0 0 0 0 0 0 0 0.172241685803842 0 0 0 0 0.168293401163626 0 0 0 0 0 0.200507192802527 0 0 0 0 0.181240426391754 0 0 0 0 0 0.178849027478275 0 0.172415436578715 0 0 0 0 0 0 0 0 0 0
"57" 0 0 0 0 0 0 0 0 0 0 0 0 0 0 0 0.116307028474272 0 0 0 0 0 0 0 0 0 0 0 0 0 0 0 0 0 0 0 0 0 0 0 0 0 0 0 0 0 0 0 0 0 0 0 0 0 0 0 0 0 0 0 0 0 0 0 0 0 0 0 0 0 0 0 0 0 0.196180706419152 0 0 0 0 0 0 0 0 0 0
"58" 0 0 0 0 0 0 0 0 0 0 0 0 0 0 0 0 0 0 0 0 0 0 0 0 0 0 0 0 0 0 0 0 0 0 0 0 0 0 0 0 0 0.0839935797410351 0 0 0 0 0 0 0 0 0 0 0 0.103389448834157 0 0 0 0 0 0 0 0 0 0 0 0 0 0 0 0 0 0 0 0 0 0 0 0 0 0 0 0 0 0
"59" 0 0 0 0 0.151111113763588 0 0 0 0 0 0 0 0 0 0 0 0 0 0 0 0 0 0 0 0 0 0 0 0 0 0 0 0 0 0 0 0 0 0 0 0 0 0 0 0 0 0 0 0 0 0.0963128198852423 0 0 0 0 0 0 0 0 0 0.171251463323308 0 0 0 0 0 0.112110753264862 0 0 0 0 0 0 0 0 0 0.141676441323659 0 0 0 0 0 0 0
"60" 0 0 0 0 0 0 0 0 0.1227048625241 0 0 0 0 0 0 0 0 0 0 0 0 0 0 0 0 0 0 0 0 0 0 0 0 0.224676106760002 0 0 0 0 0 0.304060739692702 0 0 0 0 0 0 0 0 0 0 0 0 0 0 0 0 0 0 0 0 0 0 0 0 0 0 0 0 0 0 0 0 0 0 0 0.156322487970017 0 0 0 0 0 0 0 0
"61" 0 0 0 0 0 0 0 0 0 0 0 0 0 0 0 0 0 0 0 0 0 0 0 0 0 0 0 0 0 0 0 0 0 0 0.147036771002223 0 0 0 0 0 0 0 0 0.192831521908236 0 0 0 0 0.228996613708193 0 0 0 0 0 0 0.153159259454887 0 0 0.171489400143241 0 0 0 0 0 0 0 0 0 0 0 0 0 0 0 0 0 0 0.0904591429382422 0 0 0 0 0 0
"62" 0 0 0 0 0 0 0 0 0 0 0.250471651703986 0 0 0 0 0 0 0.206346103647702 0 0 0 0 0 0 0 0 0 0 0 0 0 0 0 0 0 0 0 0 0 0 0 0 0 0 0 0 0 0 0 0 0 0 0 0 0 0 0 0 0 0 0 0 0 0.240777123360587 0 0 0 0 0 0 0 0 0 0 0 0 0 0 0 0 0 0 0 0
"63" 0 0 0 0 0 0 0 0 0 0 0 0 0 0 0 0 0 0 0 0.181425154892669 0.4232018405335 0 0 0 0 0 0 0 0 0 0 0 0 0 0 0 0 0 0 0 0 0 0 0.0994592271898521 0 0 0 0 0 0 0 0 0 0 0 0 0 0 0 0 0 0 0 0 0 0 0 0 0 0 0 0 0 0 0 0 0 0 0 0 0 0 0 0
"64" 0 0 0 0 0 0 0 0 0 0 0 0 0 0 0.584901314122115 0 0 0 0 0 0 0 0 0 0 0 0 0 0 0 0 0 0 0 0 0 0 0 0 0 0 0.075900894588233 0 0 0 0 0 0 0 0 0 0 0 0 0 0 0 0 0 0 0 0.430122924062137 0 0 0 0 0 0 0 0 0 0 0 0 0 0 0 0 0 0 0 0 0 0
"65" 0 0 0 0 0 0 0 0 0 0 0 0 0 0 0 0.110178928814498 0 0 0 0 0 0 0 0 0 0 0 0 0 0 0 0 0 0 0 0.120663262882889 0 0.180170384866954 0 0 0 0 0 0 0 0 0.231245572914213 0 0 0 0 0 0 0 0 0 0 0 0 0 0 0 0 0 0 0 0 0 0 0 0 0 0 0 0 0 0 0 0 0 0 0 0 0
"66" 0 0.225279410772072 0 0 0 0 0 0 0 0 0 0.182157805925859 0 0 0 0 0 0 0 0 0 0 0 0 0 0 0.24622065213281 0 0 0.310042009497001 0 0 0 0 0 0 0 0 0 0 0 0 0 0 0 0 0 0 0 0 0 0 0 0 0 0.133961361629929 0 0 0 0 0 0 0 0 0 0 0 0 0 0 0 0 0 0 0 0 0 0 0 0 0 0 0.227621316114551 0
"67" 0 0 0 0 0.168336554297715 0 0 0 0 0 0 0 0 0 0 0 0 0 0 0.152610140907199 0 0 0 0 0 0 0.192067680194932 0 0 0 0 0 0 0 0 0.148059401980437 0 0 0 0 0 0 0 0 0.0507151915794466 0 0 0 0 0 0 0.132063541675606 0 0.0657251448066595 0 0 0 0 0.200359684005969 0 0 0 0 0 0 0 0 0 0 0 0 0 0 0 0 0.182831925578894 0 0 0 0 0 0 0 0
"68" 0 0 0 0 0 0 0 0 0 0 0 0 0 0 0 0 0.0732111228132117 0 0 0 0 0 0 0 0 0 0 0 0 0 0 0 0 0 0 0 0 0 0 0 0 0 0.312677654456988 0 0 0.200504122321918 0 0 0 0 0 0 0 0 0 0 0 0 0 0 0 0 0 0 0 0 0 0 0 0 0 0 0 0.256624496258397 0.149397153813299 0 0 0 0 0 0 0 0 0
"69" 0 0 0 0 0 0 0 0 0 0 0.205636108573158 0 0 0 0 0 0 0 0 0 0 0 0 0 0 0 0 0 0 0 0 0 0 0 0 0 0 0 0 0 0 0 0 0 0 0 0 0 0 0 0 0 0 0 0 0 0 0 0 0 0 0 0 0 0 0 0 0 0 0 0 0 0 0 0.129618250353602 0 0 0 0 0 0 0 0 0
"70" 0 0 0 0 0 0 0 0 0 0 0 0 0 0 0 0 0 0 0 0 0 0 0 0 0 0 0 0 0 0 0 0 0 0 0 0 0 0 0 0 0 0.077777568629731 0 0 0 0 0 0 0 0 0 0 0 0 0.161094677746799 0 0 0 0 0 0 0 0 0 0 0 0 0 0 0 0 0 0 0 0 0 0.186374875223061 0 0 0 0 0 0 0
"71" 0 0 0 0 0 0 0 0 0 0 0 0 0.259734969744978 0 0 0 0 0 0 0 0 0 0 0 0 0 0 0 0 0.424894621638438 0 0 0 0 0 0 0 0 0 0 0 0 0 0.135059486687444 0 0 0 0 0 0 0.132863533108495 0 0 0 0 0 0 0 0 0 0 0 0 0 0 0 0 0 0 0 0 0 0.257524118453804 0 0 0 0 0 0 0 0 0 0 0
"72" 0.217625782390436 0 0.17326988226223 0 0 0 0 0 0 0 0 0 0 0 0 0 0 0 0 0 0 0 0 0 0 0 0 0 0 0 0 0 0 0.255535731922852 0 0 0 0 0 0 0 0 0 0 0 0 0 0 0 0 0 0 0 0 0 0.159570961212862 0 0 0 0 0 0 0 0 0 0 0 0 0 0 0 0 0 0 0 0 0 0 0 0 0 0 0 0
"73" 0 0 0 0 0 0 0 0 0 0 0 0.197914826679243 0 0 0 0 0 0 0 0 0 0 0 0 0 0 0 0 0 0 0 0 0 0 0 0 0 0 0 0.358263345348724 0.503992157531402 0 0 0 0 0 0 0 0 0 0 0 0 0 0 0 0 0 0 0 0 0 0 0 0 0 0 0 0 0 0.166328199457544 0 0 0 0 0 0 0 0 0 0 0.272201802590274 0 0
"74" 0 0 0 0 0 0 0 0 0 0 0 0 0 0 0 0 0 0 0 0 0 0 0 0 0 0 0 0 0 0 0.298773442658153 0 0 0 0 0 0 0 0 0 0 0 0 0 0 0 0 0 0 0 0 0 0 0 0 0.169040490370466 0.554648319211302 0 0 0 0 0 0 0 0 0 0 0.239418263182528 0 0 0 0 0 0 0 0.0999215832020149 0 0 0 0 0 0 0 0
"75" 0 0 0 0 0 0 0 0 0 0 0 0 0 0 0 0.0980163730418136 0 0 0 0 0 0 0 0 0.606706660349489 0 0 0 0 0 0 0 0 0 0 0.17859409354026 0 0 0 0 0 0 0.342146527352853 0 0 0 0 0 0 0 0 0 0 0 0 0 0 0 0 0 0 0 0 0 0 0 0 0.231577729961959 0.532873498740368 0 0 0 0 0 0 0 0 0 0 0 0 0 0 0
"76" 0 0 0 0 0 0 0 0 0 0 0 0 0 0 0 0 0 0 0 0 0 0 0 0 0 0 0 0 0 0 0 0 0 0 0.196753670343502 0 0 0 0 0 0 0 0 0 0 0 0 0.11784637342749 0 0 0 0 0 0.0911494410100374 0 0 0 0 0 0.288657153433462 0 0 0 0 0 0 0.116131614088102 0 0 0 0 0 0 0.251019155211403 0 0 0 0 0.201835808691495 0 0 0 0 0
"77" 0 0 0 0 0 0 0 0 0 0 0 0 0 0 0 0 0 0 0 0 0 0 0 0 0 0 0 0 0 0 0 0 0.225215114539914 0 0 0 0 0.0822113913545126 0 0 0 0 0 0.133910619461353 0 0 0 0 0 0 0 0 0 0 0 0 0 0 0.277498806089951 0 0 0 0 0 0 0 0 0 0 0.224576855983146 0 0 0 0 0 0 0 0 0 0 0 0 0 0
"78" 0 0 0 0 0 0 0.214084972243529 0.0944323872175968 0.174025932604154 0.212512622508983 0 0 0 0 0 0 0 0 0 0 0 0 0 0 0 0 0 0 0 0 0 0 0.208483815952318 0 0 0 0 0 0 0 0 0 0 0 0 0 0 0 0 0 0.127505231908718 0 0 0 0 0 0 0 0 0 0.190513655860727 0 0 0 0 0 0 0 0 0 0 0 0 0 0 0 0 0 0 0 0 0 0 0
"79" 0 0 0 0 0 0 0 0.159125090824226 0 0 0 0 0.265467019011469 0 0 0 0 0 0 0 0 0.811736892390762 0 0 0 0 0 0 0 0 0 0 0 0 0 0 0 0 0 0 0 0 0 0.134822212211926 0 0 0 0 0 0 0 0 0 0 0 0 0 0 0 0 0 0 0 0 0 0 0 0 0 0 0 0 0 0 0 0.0980151478514382 0 0 0 0 0 0 0 0
"80" 0 0.236857103476746 0 0 0 0 0 0.170999538848298 0 0 0 0 0 0 0 0 0 0 0 0 0 0 0 0 0 0 0 0 0 0 0 0 0 0 0.171760410944671 0 0 0 0 0 0 0 0 0 0.184985100903299 0 0 0 0 0 0 0 0 0 0 0 0 0 0 0 0 0 0 0 0 0 0 0 0 0 0 0 0 0 0 0 0 0 0 0 0 0 0 0
"81" 0 0 0 0 0 0 0 0 0 0 0 0 0 0 0 0 0 0 0 0 0 0 0 0 0 0 0 0 0 0 0 0 0.275331251650317 0.24149993793326 0 0 0 0 0 0 0 0 0 0 0 0 0 0 0 0.130473869351919 0 0 0 0 0 0 0 0 0 0 0 0 0 0 0 0 0 0 0 0 0 0 0 0 0 0 0 0 0 0 0 0 0 0
"82" 0 0 0 0 0 0 0 0 0 0 0 0 0.310807228483741 0 0 0 0 0 0 0 0 0 0 0 0 0 0 0 0 0 0 0 0 0 0 0 0 0 0 0.301003636589029 0 0 0 0 0 0 0 0 0 0 0 0 0 0.0899415295718375 0 0 0 0 0 0 0 0 0 0 0 0 0 0 0 0 0 0 0.220079651903752 0 0 0 0 0 0 0 0 0 0 0
"83" 0 0 0.163289495305822 0 0 0 0 0 0 0 0 0 0 0 0 0 0.0549097855354832 0 0 0 0 0 0 0 0 0 0 0 0.461565721723254 0 0 0 0 0 0 0 0 0 0 0 0 0 0 0 0 0 0 0 0 0 0 0 0 0.103592461907309 0 0 0 0 0 0 0 0 0 0 0 0.204888073737641 0 0 0 0 0 0 0 0 0 0 0 0 0 0 0 0 0 0
"84" 0 0 0 0 0 0 0 0 0 0 0 0 0 0 0 0 0 0 0.142339236820616 0 0 0 0 0 0 0 0 0 0 0 0 0 0 0 0 0.150650254025281 0 0 0 0 0 0 0 0 0 0 0 0 0 0 0 0 0 0 0 0 0 0 0 0 0 0 0 0 0 0 0 0 0 0 0 0 0 0 0 0 0 0 0 0 0 0 0 0
