"V1" "V2" "V3" "V4" "V5" "V6" "V7" "V8" "V9" "V10" "V11" "V12" "V13" "V14" "V15" "V16" "V17" "V18" "V19" "V20" "V21" "V22" "V23" "V24" "V25" "V26" "V27" "V28" "V29" "V30" "V31" "V32" "V33" "V34" "V35" "V36" "V37" "V38" "V39" "V40" "V41" "V42"
"1" 0 0 0 0 0 0 0 0 0 0 0 0 0.201809376130582 0 0.144022568788962 0 0 0.0974544277325134 0 0 0 0 0 0 0 0 0.106967762139373 0 0 0 0 0.142868083218054 0 0 0.267097866521342 0 0 0 0 0 0 0
"2" 0 0 0 0 0 0.1868854069784 0 0 0 0 0 0 0.255046224886268 0 0 0.239183330458831 0 0 0 0 0 0 0 0.150294397088185 0 0.190986808977931 0 0 0 0 0 0 0 0 0 0 0 0 0 0 0 0
"3" 0 0 0 0 0 0 0 0.154755019291589 0 0 0 0 0 0 0 0.24674055608372 0 0 0 0.116739541588182 0 0 0 0 0 0 0.102643552611265 0 0 0.451780898463745 0 0 0 0.547063066081572 0 0 0.383124383330421 0.0680254707270373 0 0.107299247338294 0 0
"4" 0 0 0 0 0.207281169361831 0 0 0 0.268774871557229 0 0 0 0 0.157730575517705 0 0 0.180667236785681 0 0 0.120202486086701 0 0 0 0 0 0 0 0 0 0 0 0 0 0 0 0 0 0.0877347157975272 0 0 0 0.194823953396214
"5" 0 0 0 0.161812319440303 0 0.174076769229502 0.406532046194241 0 0 0 0 0 0 0 0.129727571331716 0 0 0 0 0 0 0 0 0 0 0 0 0 0 0 0 0 0 0 0 0 0 0.0686481115889363 0 0 0 0
"6" 0 0.197550181960896 0 0 0.208566434887099 0 0 0 0 0 0 0 0 0 0 0 0 0 0 0 0 0 0 0 0 0 0 0 0 0 0 0.145493553567235 0 0 0.298296362113887 0 0 0 0.242168441206352 0 0.20849652555818 0
"7" 0 0 0 0 0.244746663125965 0 0 0 0 0 0 0 0 0 0 0 0 0 0 0 0 0.215390109288737 0 0.0969103806989807 0 0 0 0 0 0 0 0 0 0 0 0 0 0 0 0 0 0
"8" 0 0 0.141248825393435 0 0 0 0 0 0.279208449823422 0 0 0 0 0 0.110987809397007 0 0 0 0 0 0 0 0 0.0993207236043549 0 0.0929148621428682 0 0.250310052928788 0 0 0 0 0 0 0 0 0 0 0 0 0 0
"9" 0 0 0 0.120657738943083 0 0 0 0.202388795835672 0 0 0 0.199212776279754 0 0 0 0 0 0 0 0 0 0 0 0 0 0 0 0 0 0 0 0 0 0 0 0 0 0 0 0.110263994602356 0 0
"10" 0 0 0 0 0 0 0 0 0 0 0 0 0 0 0 0 0 0 0 0.130402804084703 0 0 0 0 0 0 0 0 0 0 0 0.0905747785560132 0 0 0.187032710892061 0 0 0 0 0 0 0
"11" 0 0 0 0 0 0 0 0 0 0 0 0 0 0 0 0 0.168027676153746 0 0 0.121058652408476 0 0 0 0 0 0 0 0 0 0.338525012736689 0.184247116508783 0.107029332358296 0 0 0 0 0 0.0743304306911658 0 0 0 0
"12" 0 0 0 0 0 0 0 0 0.24539748197065 0 0 0 0 0 0 0 0 0.160691171801033 0 0 0 0 0 0 0 0 0.145557209478396 0 0 0 0 0.103603958929982 0 0 0.21501183542464 0 0 0 0 0 0 0
"13" 0.185240068151237 0.268335455822839 0 0 0 0 0 0 0 0 0 0 0 0 0 0 0 0.130153311027557 0 0 0 0 0 0 0 0 0 0 0.246952714570491 0 0 0 0 0 0 0 0 0 0.48847999666687 0 0 0
"14" 0 0 0 0.143524616179322 0 0 0 0 0 0 0 0 0 0 0 0 0 0 0.334769975271414 0.0748703104999697 0 0.222423135654881 0 0 0 0 0 0 0 0 0 0 0 0 0 0 0 0 0 0 0 0
"15" 0.152770017865544 0 0 0 0.275644860705654 0 0 0.123994784762106 0 0 0 0 0 0 0 0.171743434004341 0 0 0 0 0.174505762839454 0 0 0 0 0 0 0 0 0 0 0 0.206569820753575 0 0 0 0 0.116062252799668 0 0 0 0
"16" 0 0.180597006534902 0.134915169632636 0 0 0 0 0 0 0 0 0 0 0 0.154612969365795 0 0 0 0 0.12321154276224 0 0 0 0 0 0 0 0 0 0 0 0 0.254350170609664 0 0 0 0 0 0 0.160727216117433 0 0
"17" 0 0 0 0.134470489348135 0 0 0 0 0 0 0.20333237699785 0 0 0 0 0 0 0 0 0 0 0 0.256751866538991 0 0.357035664206659 0 0 0 0.242164740434911 0 0 0 0 0 0 0 0 0 0 0 0 0
"18" 0.160181001638579 0 0 0 0 0 0 0 0 0 0 0.18769822545815 0.215685406491245 0 0 0 0 0 0.480976844340983 0 0.198452003043988 0.203813131808032 0 0 0 0 0.127978673522085 0.238043208129649 0 0 0 0 0 0 0 0 0 0 0 0 0 0.295670855951024
"19" 0 0 0 0 0 0 0 0 0 0 0 0 0 0.208607178132167 0 0 0 0.121557556621425 0 0 0 0 0 0 0 0 0 0 0 0 0 0 0 0 0 0 0 0 0 0 0 0
"20" 0 0 0.120271441827872 0.204738249960104 0 0 0 0 0 0.333659123948836 0.145743184486986 0 0 0.322986849397809 0 0.174588639096001 0 0 0 0 0.183404892261932 0 0 0.137778523706148 0 0 0 0 0 0 0 0 0 0 0 0 0 0.0972937778661888 0 0 0 0
"21" 0 0 0 0 0 0 0 0 0 0 0 0 0 0 0.129229315231699 0 0 0.105447325236002 0 0.0909568672445737 0 0.175440788990064 0 0.103040811065195 0 0 0 0 0 0 0 0 0.254863492462849 0 0 0 0 0 0 0 0 0
"22" 0 0 0 0 0 0 0.346178172080004 0 0 0 0 0 0 0.149115546358502 0 0 0 0.165325848005149 0 0 0.128821745478485 0 0 0 0 0 0 0 0 0 0 0 0 0 0 0.228851216354835 0 0 0 0 0 0
"23" 0 0 0 0 0 0 0 0 0 0 0 0 0 0 0 0 0.161257557577243 0 0 0 0 0 0 0.132270102597175 0 0 0.109947183176728 0 0 0 0 0 0 0 0 0 0 0 0 0 0.183236169714929 0
"24" 0 0.209741620076843 0 0 0 0 0.375138048357792 0.267797674538661 0 0 0 0 0 0 0 0 0 0 0 0.109922332047084 0.118500549511941 0 0.304778353620516 0 0.190814976480668 0 0 0 0 0 0 0.0773649955520598 0 0 0 0 0 0 0 0 0 0
"25" 0 0 0 0 0 0 0 0 0 0 0 0 0 0 0 0 0.139471417723857 0 0 0 0 0 0 0.102693121551201 0 0 0 0.202821547989104 0 0 0 0 0 0 0 0.171793829594531 0 0 0 0 0 0
"26" 0 0.192084529386781 0 0 0 0 0 0.195526875177425 0 0 0 0 0 0 0 0 0 0 0 0 0 0 0 0 0 0 0 0 0 0 0 0 0.218686908362826 0.49014925201658 0 0.16889801397248 0 0 0 0 0 0.339426822702386
"27" 0.206171695204756 0 0.0816636962153689 0 0 0 0 0 0 0 0 0.14663971004443 0 0 0 0 0 0.116912672257732 0 0 0 0 0.327877570724081 0 0 0 0 0 0.294077322657407 0.315876917971463 0 0 0 0 0 0 0 0.0811540171781575 0 0.147505129963904 0 0
"28" 0 0 0 0 0 0 0 0.199422691209359 0 0 0 0 0 0 0 0 0 0.115652150974602 0 0 0 0 0 0 0.220373266640195 0 0 0 0 0 0 0 0 0 0 0 0.227445370031687 0 0 0 0 0
"29" 0 0 0 0 0 0 0 0 0 0 0 0 0.165790118693569 0 0 0 0.172860655657281 0 0 0 0 0 0 0 0 0 0.0765689442035414 0 0 0 0 0 0 0 0 0 0 0 0 0 0.134611789089301 0
"30" 0 0 0.128450316792826 0 0 0 0 0 0 0 0.149650820338543 0 0 0 0 0 0 0 0 0 0 0 0 0 0 0 0.145405394572277 0 0 0 0 0 0 0 0 0 0 0 0 0 0 0
"31" 0 0 0 0 0 0 0 0 0 0 0.170821058889504 0 0 0 0 0 0 0 0 0 0 0 0 0 0 0 0 0 0 0 0 0 0 0 0 0 0 0.0917244528666246 0 0.0876304814834146 0.166277029774796 0
"32" 0.109431867791868 0 0 0 0 0.128967227143969 0 0 0 0.412321510751871 0.209273059813545 0.177319691196167 0 0 0 0 0 0 0 0 0 0 0 0.0982364292371736 0 0 0 0 0 0 0 0 0 0 0 0.186965558380343 0 0.0672228833544664 0 0 0 0
"33" 0 0 0 0 0 0 0 0 0 0 0 0 0 0 0.167313178541307 0.210835856392523 0 0 0 0 0.137274048567235 0 0 0 0 0.178723258310701 0 0 0 0 0 0 0 0 0 0 0 0 0.317500112932481 0 0 0
"34" 0 0 0.121941250780405 0 0 0 0 0 0 0 0 0 0 0 0 0 0 0 0 0 0 0 0 0 0 0.172401162262355 0 0 0 0 0 0 0 0 0 0 0 0 0 0 0 0
"35" 0.110979590395251 0 0 0 0 0.222638590638478 0 0 0 0.424865576012859 0 0.120382812357158 0 0 0 0 0 0 0 0 0 0 0 0 0 0 0 0 0 0 0 0 0 0 0 0 0 0 0 0 0 0
"36" 0 0 0 0 0 0 0 0 0 0 0 0 0 0 0 0 0 0 0 0 0 0.2240921442533 0 0 0.172296680625469 0.11107867245235 0 0 0 0 0 0.143153341641182 0 0 0 0 0 0.0951614018749055 0 0 0 0
"37" 0 0 0.131399079176077 0 0 0 0 0 0 0 0 0 0 0 0 0 0 0 0 0 0 0 0 0 0 0 0 0.348652682097149 0 0 0 0 0 0 0 0 0 0 0 0.144537080376633 0 0
"38" 0 0 0.085592065481072 0.174507752336965 0.235994478986825 0 0 0 0 0 0.142923395258336 0 0 0 0.155835477029569 0 0 0 0 0.106310841517849 0 0 0 0 0 0 0.136713357026683 0 0 0 0.240975563993461 0.103751005918157 0 0 0 0.179683029526907 0 0 0 0.0776193025917379 0 0.128334200309664
"39" 0 0 0 0 0 0.0978769715279724 0 0 0 0 0 0 0.194145014469669 0 0 0 0 0 0 0 0 0 0 0 0 0 0 0 0 0 0 0 0.235590412409766 0 0 0 0 0 0 0 0 0
"40" 0 0 0.0885765322175306 0 0 0 0 0 0.183227957391855 0 0 0 0 0 0 0.113238729193597 0 0 0 0 0 0 0 0 0 0 0.117925928088096 0 0 0 0.287528532354399 0 0 0 0 0 0.413144669412388 0.0575531934140363 0 0 0.19158865554941 0
"41" 0 0 0 0 0 0.227157233581714 0 0 0 0 0 0 0 0 0 0 0 0 0 0 0 0 0.209858172233652 0 0 0 0 0 0.247344890123207 0 0.334137058925175 0 0 0 0 0 0 0 0 0.0939283348573131 0 0
"42" 0 0 0 0.161858294710718 0 0 0 0 0 0 0 0 0 0 0 0 0 0.0796612688551103 0 0 0 0 0 0 0 0.167085356996514 0 0 0 0 0 0 0 0 0 0 0 0.078100980035315 0 0 0 0
