"V1" "V2" "V3" "V4" "V5" "V6" "V7" "V8" "V9" "V10" "V11" "V12" "V13" "V14" "V15" "V16" "V17" "V18" "V19" "V20" "V21" "V22" "V23" "V24" "V25" "V26" "V27" "V28" "V29" "V30" "V31" "V32" "V33" "V34" "V35" "V36" "V37" "V38" "V39" "V40" "V41" "V42" "V43" "V44" "V45" "V46" "V47" "V48" "V49" "V50" "V51" "V52" "V53" "V54" "V55" "V56" "V57" "V58" "V59" "V60" "V61" "V62" "V63" "V64" "V65" "V66" "V67" "V68" "V69" "V70" "V71" "V72" "V73" "V74" "V75" "V76" "V77" "V78" "V79" "V80" "V81" "V82" "V83" "V84"
"1" 0 0 0 0 0 0 0 0 0 0 0 0 0 0 0 0 0 0 0 0 0 0 0 0 0 0 0 0 0 0 0 0 0 0 0 0 0 0 0 0 0 0 0 0 0 0 0 0.0877689657156692 0.0492297330348983 0 0 0 0 0.0661118942579205 0 0 0 0 0 0 0.0371096548870703 0 0 0.06380303252597 0.0997087229056243 0 0 0 0.0822789595581593 0 0 0 0 0 0 0 0 0 0 0 0 0 0 0.129761381185232
"2" 0 0 0 0 0.0720967797724901 0 0.0754177425057045 0 0 0 0 0 0 0 0 0.0869177856135859 0 0 0 0 0.0879149974772136 0 0.0604295299123253 0 0 0.062877252171814 0 0 0.0974233148902377 0 0 0 0 0 0.0778417745326486 0 0 0 0 0.0809312915732976 0 0 0 0 0 0 0 0 0 0 0 0.12975758761337 0 0 0 0 0 0 0 0 0 0 0 0 0 0 0 0 0 0.0978030097540652 0 0 0 0.0816111128503116 0.0764692855329491 0 0.0945472478869061 0 0 0 0 0.0679253772657143 0 0
"3" 0 0 0 0 0 0 0 0.0753597561238779 0 0 0.0977110080736186 0 0 0.112465720981855 0.102329886285395 0 0 0 0 0 0 0 0 0 0.0859339724651601 0 0 0.210516901864629 0 0 0.134009125231592 0 0 0 0 0.0849751432838265 0 0 0 0 0 0.125284604856745 0 0 0 0 0 0 0 0 0 0 0 0 0 0 0 0 0 0 0 0 0 0 0 0 0 0 0 0 0 0.143035285684872 0 0 0 0 0 0 0.118531679294331 0 0.111574926617085 0 0 0
"4" 0 0 0 0 0 0 0 0 0 0 0 0 0 0 0 0 0 0 0 0 0.106412150942645 0 0.0557288333719746 0 0 0.0481087323687772 0.101504233228221 0 0 0 0 0 0 0.0834301724958108 0 0 0 0.0529180585077844 0 0.0809204858020124 0 0 0 0 0 0 0 0 0 0 0 0 0 0 0 0 0 0 0 0 0 0 0 0 0 0 0.164212375601844 0 0 0 0 0 0 0 0.0729999276331965 0 0.116870582071956 0 0 0 0 0.0617242847933425 0 0
"5" 0 0.0731321319641129 0 0 0 0 0 0 0 0 0 0 0.132982802129235 0 0 0 0 0 0 0 0.0774887576432898 0 0.0762631584967085 0.0589625832073231 0 0 0 0 0 0 0 0 0 0 0 0 0.0671705525371808 0 0.0577039756619312 0.0595088351493493 0 0 0 0 0.0720435303860723 0 0 0 0 0 0 0 0 0 0 0 0 0.0630238165868167 0.11987773274521 0 0 0 0 0 0 0 0 0 0 0 0 0 0.0686980821967854 0 0 0 0 0 0 0 0 0.07061764613169 0 0
"6" 0 0 0 0 0 0 0.0566800070144139 0 0 0 0 0.0681937560566111 0 0 0 0 0 0 0 0 0 0.0733223393817881 0 0 0 0 0 0 0 0.0899523512311665 0 0 0 0 0.069940733509516 0 0 0 0 0 0.0811579197574418 0 0 0 0 0 0 0 0 0 0.0720757385437257 0 0 0 0 0.0635034678517801 0.123220030710421 0 0 0.0833212289484986 0 0 0.0746985886357066 0 0 0 0 0.0826199444570929 0 0 0 0 0 0.0890639060965929 0 0.117664059141765 0 0 0 0.0459031424395091 0 0 0 0
"7" 0 0.0716744756808559 0 0 0 0.0692009011130312 0 0 0 0 0 0 0 0 0 0 0 0 0 0 0 0.0921849695384185 0 0 0 0 0 0 0.0832221698360449 0.0923331475346025 0 0 0 0 0.0892653923106078 0 0.0612296839405241 0 0 0 0.0715587141503812 0 0 0 0 0 0 0 0 0 0 0 0 0 0 0.0550252122326075 0 0 0 0.06410458036078 0 0 0 0 0 0 0 0 0 0.105142916323641 0 0 0 0.080130908691438 0 0 0 0 0 0.0792587562180619 0 0 0 0
"8" 0 0 0.0953637343499265 0 0 0 0 0 0 0 0 0 0 0.0936768819499385 0 0 0 0 0.0729046287513029 0 0 0 0 0 0.0915388022765532 0 0 0 0 0 0 0 0 0 0 0.0908692093195147 0 0 0 0 0 0 0 0 0 0 0 0 0 0 0 0 0 0 0 0 0 0 0 0.033735725104684 0 0 0 0 0 0 0 0 0 0 0.235656114084578 0.119698266999705 0 0 0 0 0 0 0 0.0734488628797617 0.114491700429179 0 0 0
"9" 0 0 0 0 0 0 0 0 0 0 0 0 0 0 0 0 0.099597137829235 0 0 0 0 0 0 0 0 0 0 0 0 0 0 0 0 0 0 0 0 0 0 0 0 0 0 0 0 0.383623027156856 0.112530073244777 0 0 0.0859241902940969 0 0 0 0 0.149544957741952 0 0 0 0 0 0 0 0 0 0 0.290644118341142 0 0.125465908292072 0 0 0 0 0 0 0 0 0 0 0 0 0 0 0 0
"10" 0 0 0 0 0 0 0 0 0 0 0 0 0 0 0 0 0.0869564707566808 0 0 0 0 0 0 0 0 0 0 0 0 0 0 0 0 0 0 0 0 0 0 0 0 0 0 0.142385634864648 0 0 0 0 0 0 0.0909071030120335 0 0 0 0 0 0.0785781482018878 0 0 0 0 0 0 0 0 0 0 0 0 0 0 0 0 0 0 0.106349308694516 0 0.160959023660375 0 0 0 0 0 0
"11" 0 0 0.0590105075182584 0 0 0 0 0 0 0 0 0 0 0.132393172548114 0 0 0 0 0 0 0 0 0 0 0.211817597509028 0 0 0.233653110339665 0 0 0 0 0 0 0 0 0 0 0 0 0 0.153927168000786 0 0 0 0 0 0 0 0 0 0 0 0 0 0 0 0 0 0 0 0 0 0 0 0 0 0 0 0 0 0.125236926135123 0 0 0 0 0 0 0.137777717182995 0 0.0980167438366748 0 0 0
"12" 0 0 0 0 0 0.0665648445021195 0 0 0 0 0 0 0 0 0.118332274101648 0 0 0 0 0 0 0.103981531911188 0 0 0 0 0 0 0 0 0.124704683820366 0 0.119205522644699 0 0 0.0911527144462806 0 0 0 0 0.0620734074996356 0 0 0 0 0 0 0 0 0 0.0721679841658349 0 0 0 0 0 0.0857088850638624 0 0 0 0 0 0.114062143628915 0 0 0 0 0 0 0 0 0 0 0 0 0.0852541461247861 0 0 0 0.0909170775133422 0 0 0 0
"13" 0 0 0 0 0.0617218346171926 0 0 0 0 0 0 0 0 0 0 0 0 0.111520696979931 0 0 0 0 0.0724088164117651 0.0673122138284344 0 0 0 0 0 0 0 0 0 0 0 0 0 0 0.0758879590270614 0 0 0 0 0 0 0 0 0 0 0 0 0 0 0.0706651871755994 0 0 0 0.0619413344820702 0.103639798190333 0 0 0.0730503595763966 0 0 0 0 0 0 0.101503460912131 0 0 0 0.0553235517653303 0 0 0 0 0 0 0 0 0 0 0
"14" 0 0 0.0839356391121477 0 0 0 0 0.122161235020334 0 0 0.133465500097122 0 0 0 0 0 0 0 0 0 0 0 0 0 0.146838182391881 0 0 0 0 0 0 0 0 0 0 0 0 0 0 0 0 0.145829480115542 0 0 0 0 0 0 0 0 0 0 0 0 0 0 0 0 0 0 0 0 0 0 0 0 0 0 0 0 0.173316022415631 0.141532241955406 0 0 0 0 0 0 0.0941544723086434 0 0.0741643973502975 0 0 0
"15" 0 0 0.0939445034776381 0 0 0 0 0 0 0 0 0.06679411773334 0 0 0 0 0 0 0 0 0 0 0 0 0 0 0 0 0 0 0.126275398170165 0 0.0923266914316277 0 0 0.0946811059484592 0 0 0 0 0 0 0 0 0 0 0 0 0 0 0 0 0 0 0 0 0 0 0 0 0 0 0.0730456707762568 0 0 0 0 0 0 0 0 0 0 0 0 0 0 0 0.10192067926658 0 0.0912415886731831 0 0.234191415080635 0
"16" 0 0.078752350345155 0 0 0 0 0 0 0 0 0 0 0 0 0 0 0 0 0 0 0.08355417919042 0 0 0 0 0.110530078987029 0 0 0.0656240694517569 0 0 0 0 0.108335381327422 0 0 0 0 0 0.0622527752985577 0 0 0.158891048827112 0 0 0 0 0 0 0 0 0.129234070333103 0 0 0 0 0 0 0 0 0 0 0 0 0 0 0 0 0 0 0 0 0 0 0.0752616623497024 0 0.0772607567286978 0 0 0 0 0.0647556866002256 0 0
"17" 0 0 0 0 0 0 0 0 0.178298149560241 0.177910079558082 0 0 0 0 0 0 0 0 0 0 0 0 0 0 0 0 0 0 0 0.0644954594457101 0 0 0 0 0 0 0 0 0 0 0.0805719642000404 0 0 0.116891360588971 0 0 0 0 0 0 0.076268200244085 0 0 0 0.190556685912897 0 0.0771352533811412 0 0 0 0 0 0 0 0 0 0 0.0820810256880567 0 0 0 0 0 0 0 0.0897689530578934 0 0.0928284506004483 0 0 0 0 0 0
"18" 0 0 0 0 0 0 0 0 0 0 0 0 0.0828178835625074 0 0 0 0 0 0 0 0 0 0 0.0603700562527645 0 0 0 0 0 0 0 0 0 0 0 0 0 0 0.0589816762154933 0 0 0 0 0 0 0 0 0 0.0938398361613127 0 0 0 0 0.076051511578632 0 0 0 0.0837378935164773 0.146403396549793 0 0 0.12486856347636 0 0.0843794363908433 0 0 0 0 0.0557818667207784 0 0 0 0 0 0 0 0 0 0 0 0 0 0 0
"19" 0 0 0 0 0 0 0 0.10564621023319 0 0 0 0 0 0 0 0 0 0 0 0 0 0 0 0 0 0 0 0 0 0 0 0.0763486735479045 0 0 0 0.113054739132583 0 0 0 0 0 0 0 0 0.0795013795669298 0 0 0.0674558874201661 0.0353499846450397 0 0 0 0 0 0 0.0796576042407549 0 0 0 0.0765684290829664 0.0782337843323483 0 0 0.0685194230651508 0 0 0 0 0 0 0 0 0 0 0 0 0 0 0 0.101015440852398 0 0 0 0
"20" 0 0 0 0 0 0 0 0 0 0 0 0 0 0 0 0 0 0 0 0 0 0 0 0 0 0 0 0 0 0 0 0 0 0 0 0 0 0 0 0 0 0 0 0 0 0 0 0 0 0 0 0 0.439733414072952 0 0 0 0 0 0 0 0 0 0 0 0.108141271760542 0 0 0 0 0 0 0 0 0 0 0 0 0 0 0 0 0 0 0.0960670273642253
"21" 0 0.0976275109001609 0 0.0850450278395411 0.0653456705669654 0 0 0 0 0 0 0 0 0 0 0.101144321750841 0 0 0 0 0 0 0.0762023473346023 0 0 0.0523054844498976 0.106945747844663 0 0 0 0 0 0 0.0971872781126672 0 0 0 0.0934537576189126 0 0.0641925998611118 0 0 0 0 0 0 0 0 0 0 0 0 0 0 0 0 0 0 0 0 0 0 0 0 0 0 0 0 0 0 0 0 0 0 0.0695681951977681 0 0.0902853102600194 0 0 0 0 0.0671895315172558 0 0
"22" 0 0 0 0 0 0.0660928309255792 0.100463903477509 0 0 0 0 0.0641153740098908 0 0 0 0 0 0 0 0 0 0 0 0 0 0 0 0 0 0.0908635930191404 0 0 0 0 0.0814185963279558 0.0578824534343917 0 0 0 0 0.0631666423461281 0 0 0 0.0688948176874382 0 0 0 0 0 0 0 0 0 0 0.108706960242314 0 0 0 0.124852551513943 0 0 0.107942141339892 0 0 0 0 0 0 0 0 0 0 0.0872313703920259 0 0 0 0 0 0.0899010317595427 0 0 0 0
"23" 0 0.0610205449082433 0 0.0999773439737274 0.0552743649516179 0 0 0 0 0 0 0 0.102448291894695 0 0 0 0 0 0 0 0.0795531782880638 0 0 0.0876394752335417 0 0.05571205652005 0.0688977904196164 0 0 0 0 0 0 0.0931691168599069 0 0 0 0.0775523878824348 0.0606388034407537 0.0460853776597083 0 0 0 0 0 0 0 0 0 0 0 0 0 0 0 0 0 0 0 0 0 0 0 0 0 0 0 0 0 0 0 0 0.0667487983477956 0 0.065088323259795 0 0.0900079055701532 0 0 0 0 0.0691838606404644 0 0
"24" 0 0 0 0 0.0938527065667381 0 0 0 0 0 0 0 0.108206282389175 0 0 0 0 0.0957606827312631 0 0 0 0 0.0825313807101 0 0 0 0.0964295853525697 0 0 0 0 0 0 0 0 0 0.0633458110903234 0 0.0647842057983412 0 0 0 0 0 0 0 0 0 0 0 0 0 0 0.0501400023660388 0 0 0 0.0566334397399362 0.0886506535097269 0 0 0.0946461800400562 0 0 0 0 0 0 0 0 0 0 0.0698373743223206 0 0 0 0 0 0 0 0 0.0518207317484342 0 0
"25" 0 0 0.103738579562544 0 0 0 0 0.0947509016581409 0 0 0.140598534302159 0 0 0.118349162755004 0 0 0 0 0 0 0 0 0 0 0 0 0 0 0 0 0 0 0 0 0 0 0 0 0 0 0 0 0 0 0 0 0 0 0 0 0 0 0 0 0 0 0 0 0 0 0 0 0 0 0 0 0 0 0 0 0.19427752515013 0.124351381742618 0 0 0 0 0 0 0 0 0.0950643682957415 0 0 0
"26" 0 0.0786564661965747 0 0.0897843138490866 0 0 0 0 0 0 0 0 0 0 0 0.102814758122598 0 0 0 0 0.0674001244865854 0 0.0744075762908207 0 0 0 0 0 0.0861054668123494 0 0 0 0 0.107436963548101 0 0 0 0.0915187650702331 0 0.0934735805391645 0 0 0 0 0 0 0 0 0 0 0 0.117448944118121 0 0 0 0 0 0 0 0 0 0 0 0 0 0 0 0 0 0 0 0 0 0 0.0648724238290644 0 0.0813215597961158 0 0 0 0 0.0514754971504573 0 0
"27" 0 0 0 0.0963432388889924 0 0 0 0 0 0 0 0 0 0 0 0 0 0 0 0 0.0880487966875554 0 0.0704114473155802 0.0638872317385838 0 0 0 0 0 0 0 0 0 0.0903160451895327 0 0 0 0.112703229641924 0 0.0565569811403871 0 0 0 0 0 0 0 0 0 0 0 0 0 0 0 0 0 0 0 0 0 0 0 0 0 0 0.177928034107304 0 0 0 0 0 0 0 0.0861546816116693 0 0.0806638472053906 0 0 0 0 0.0841700679176832 0 0
"28" 0 0 0.0559674118111576 0 0 0 0 0 0 0 0.17395575945191 0 0 0 0 0 0 0 0 0 0 0 0 0 0 0 0 0 0 0 0 0 0 0 0 0 0 0 0 0 0 0.149379090959295 0 0 0 0 0 0 0 0 0 0 0 0 0 0 0 0 0 0 0 0 0 0 0 0 0 0 0 0 0 0 0 0 0 0 0 0 0.0594377145636732 0 0.111931288777004 0 0.343078316718072 0
"29" 0 0.0696540370668486 0 0 0 0 0.081980149800014 0 0 0 0 0 0 0 0 0.108595941268001 0 0 0 0 0 0 0 0 0 0.0649248707087371 0 0 0 0 0 0 0 0 0 0 0 0 0 0.0832516027545174 0 0 0.226599717536636 0 0 0 0.082458567872656 0 0 0.134477192654405 0 0.149174746005177 0 0 0 0 0 0 0 0 0 0 0 0 0 0 0 0 0 0.060232875824124 0 0 0 0.111712558918447 0 0 0 0 0 0 0 0 0 0
"30" 0 0 0 0 0 0.0536752589794914 0.0383532809723838 0 0 0 0 0 0 0 0 0 0.103661971102801 0 0 0 0 0.082410032402802 0 0 0 0 0 0 0 0 0 0 0 0 0.0722507908742694 0 0 0 0 0 0.0937101429505229 0 0 0 0 0 0.108324580798402 0 0 0 0 0 0 0 0 0 0 0 0 0 0 0 0 0 0 0 0 0.0976805110402269 0 0.101497623136845 0 0 0 0.117054294228474 0 0 0 0 0 0 0 0 0 0
"31" 0 0 0.111559002398627 0 0 0 0 0 0 0 0 0.0745706967904582 0 0 0.0908659702634668 0 0 0 0 0 0 0 0 0 0 0 0 0 0 0 0 0 0.0908476835523697 0 0 0.0973414252438116 0 0 0 0 0 0 0 0 0 0 0 0 0 0 0 0 0 0 0 0 0 0 0 0 0 0 0.0861971405443383 0 0 0 0 0 0 0 0 0 0 0 0 0 0 0 0.152399041030155 0 0.078466980806146 0 0 0
"32" 0 0 0 0 0 0 0 0 0 0 0 0 0 0 0 0 0 0 0.075794263481512 0 0 0 0 0 0 0 0 0 0 0 0 0 0 0 0 0 0.0922286184700369 0 0.0448260795813077 0 0 0 0 0 0.0634852452000652 0 0 0.11400283759914 0.0610383577010745 0 0 0 0 0 0 0.108507115129416 0 0.0829316034412629 0 0.082509266497432 0.069404725705709 0 0 0.11175599937309 0 0 0 0 0.0601237981347609 0 0 0 0.0597049189601118 0 0 0 0 0 0 0 0 0 0 0
"33" 0 0 0 0 0 0 0 0 0 0 0 0.0573758374252736 0 0 0.119775204970983 0 0 0 0 0 0 0 0 0 0 0 0 0 0 0 0.151712473202016 0 0 0 0 0 0 0 0 0 0 0 0 0.162396004918504 0 0 0 0 0 0 0.0528933629254549 0 0 0 0 0 0.0741941578958761 0 0 0 0 0 0.0577036513687159 0 0 0 0 0 0 0 0 0 0 0 0 0.10889482141782 0 0.120111606460598 0 0 0 0 0 0
"34" 0 0 0 0.101082207778665 0 0 0 0 0 0 0 0 0 0 0 0.106176665041465 0 0 0 0 0.0638462442409973 0 0.0538094039942085 0 0 0.087333490284935 0.0738095582750766 0 0 0 0 0 0 0 0 0 0 0.0712175863963418 0 0.059014908657646 0 0 0 0 0 0 0 0 0 0 0 0 0 0 0 0 0 0 0 0 0 0 0 0 0 0 0.220298081286197 0 0 0 0 0 0 0 0.0801692649684512 0 0.090690954656973 0 0 0 0 0.0804134891887371 0 0
"35" 0 0.0849680066867425 0 0 0 0.0707739787171987 0.0949803690670641 0 0 0 0 0 0 0 0 0 0 0 0 0 0 0.0778265474102968 0 0 0 0 0 0 0 0.100464128115059 0 0 0 0 0 0 0.0726394997667197 0 0 0 0.0815726632905299 0 0 0 0.0702699642758547 0 0 0 0 0 0 0 0 0 0 0.0996366898196946 0 0 0 0.0914280175988856 0 0 0 0 0 0 0 0 0 0.0690353983924783 0 0 0 0.104511408793755 0 0 0 0 0 0.0954551306313018 0 0 0 0
"36" 0 0 0.0865822755473128 0 0 0 0 0.0776760099564 0 0 0 0.10539026567156 0 0 0.0975303316136404 0 0 0 0.0875454487090189 0 0 0.0828793614325728 0 0 0 0 0 0 0 0 0.142046332595267 0 0 0 0 0 0 0 0 0 0 0 0 0 0 0 0 0 0 0 0 0 0 0 0 0 0 0 0 0.059998744837554 0 0 0.0534058751946894 0 0 0 0 0 0 0 0 0.127380866986519 0 0 0 0 0 0 0 0.102933251145782 0.0959398892528616 0 0 0
"37" 0 0 0 0 0.0670325217820786 0 0.0710589445462085 0 0 0 0 0 0 0 0 0 0 0 0 0 0 0 0 0.11749087279784 0 0 0 0 0 0 0 0.0716700228375641 0 0 0.0824561740365883 0 0 0 0.0532614569401998 0 0 0 0 0 0.0667554660697655 0 0 0 0 0 0 0 0 0 0 0.0649410322634413 0 0.060864497630982 0 0.0956752344319413 0.0827979876318957 0 0 0 0 0 0 0 0 0 0 0 0.070117504857244 0 0 0 0 0 0 0 0 0.0909051903538843 0 0
"38" 0 0 0 0.107435362875491 0 0 0 0 0 0 0 0 0 0 0 0 0 0 0 0 0.0599326385065938 0 0.0403067485701492 0 0 0.109430355601909 0.0880018447746828 0 0 0 0 0 0 0.104578913299602 0 0 0 0 0 0.0756407378949508 0 0 0 0 0 0 0 0 0 0 0 0 0 0 0 0 0 0 0 0 0 0 0 0 0 0 0.267508402643239 0 0 0 0 0 0 0 0.0692289680121404 0 0.105024824216398 0 0 0 0 0.0706193741300363 0 0
"39" 0 0 0 0 0.0712122315285163 0 0 0 0 0 0 0 0.115102850838496 0 0 0 0 0.133349032903929 0 0 0 0 0.0628637679782608 0.0869636332971271 0 0 0 0 0 0 0 0.104355266257051 0 0 0 0 0.0791459407553527 0 0 0 0 0 0 0 0.0810419207030855 0 0 0 0.0582012278889323 0 0 0 0 0.0817949977678757 0 0 0 0.0716378093494552 0.111141396189172 0 0.051610834500249 0.085217919555757 0 0 0 0 0 0 0.0544346537735285 0 0 0 0.0634394701204228 0 0 0 0 0 0 0 0 0 0 0
"40" 0 0.0780822120538728 0 0.110114648156256 0.0688846937850852 0 0 0 0 0 0 0 0 0 0 0.114667876762687 0 0 0 0 0.0821943505452789 0 0.0752548797996671 0 0 0.0525445812663431 0.0553355022782932 0 0.103903472521079 0 0 0 0 0.0784756540629969 0 0 0 0.0778120968174326 0 0 0 0 0 0 0 0 0 0 0 0 0 0 0 0 0 0 0 0 0 0 0 0 0 0 0 0 0 0 0 0 0 0 0 0 0.0704380612591019 0 0.0638113684154064 0 0 0 0 0.063236663098915 0 0
"41" 0 0 0 0 0 0.0558321010786434 0.0828898425879819 0 0 0 0 0.0984035484710599 0 0 0 0 0.11083417084853 0 0 0 0 0.0855196502856399 0 0 0 0 0 0 0 0.113251880476789 0 0 0 0 0.0661085432779783 0 0 0 0 0 0 0 0 0 0 0 0 0 0 0 0.0874947822530323 0 0 0 0 0 0 0 0 0 0 0 0.0850222669899999 0 0 0 0 0.0800535310089865 0 0.0864583709899253 0 0 0 0.117946598944506 0 0.0806694271982602 0 0 0 0.0721164168063914 0 0 0 0
"42" 0 0 0.0673476580648707 0 0 0 0 0 0 0 0.134640139408758 0 0 0.109457811666673 0 0 0 0 0 0 0 0 0 0 0 0 0 0.22237522359391 0 0 0 0 0 0 0 0 0 0 0 0 0 0 0 0 0 0 0 0 0 0 0 0 0 0 0 0 0 0 0 0 0 0 0 0 0 0 0 0 0 0 0 0 0 0 0 0 0 0 0.106838379377199 0 0.11664254811217 0 0.30313850897171 0
"43" 0 0 0 0 0 0 0 0 0 0 0 0 0 0 0 0.0835823827659229 0 0 0 0 0 0 0 0 0 0 0 0 0.109985252404427 0 0 0 0 0 0 0 0 0 0 0 0 0 0 0 0 0 0.104209975763629 0 0 0.119179917068608 0 0.121287190211985 0 0 0 0 0 0 0 0 0 0 0 0 0 0 0 0 0 0 0 0 0 0 0 0 0 0 0 0 0 0 0 0
"44" 0 0 0 0 0 0 0 0 0 0.164988657363606 0 0 0 0 0 0 0.0833259361962549 0 0 0 0 0 0 0 0 0 0 0 0 0 0 0 0.151557956207188 0 0 0 0 0 0 0 0 0 0 0 0 0 0 0 0 0 0.0940324117320298 0 0 0 0 0 0.125987771949526 0 0 0 0 0 0.0788710004574351 0 0 0 0 0 0 0 0 0 0 0 0 0.0629252459860423 0 0.141044341545689 0 0 0 0 0 0
"45" 0 0 0 0 0.0971892078201594 0 0 0 0 0 0 0 0 0 0 0 0 0 0.0720903612836947 0 0 0.0452752532591352 0 0 0 0 0 0 0 0 0 0.0999147677496961 0 0 0.081301746163334 0 0.0491879538016317 0 0.0503558593888425 0 0 0 0 0 0 0 0 0.0907801957431582 0.0490482514611712 0 0 0 0 0 0 0.0761355507680036 0 0.0680376422306602 0 0.100045169668472 0.0575195247722455 0 0 0 0 0 0 0 0 0 0 0 0.0865126291666846 0 0 0 0 0 0 0.0669189340286482 0 0 0 0
"46" 0 0 0 0 0 0 0 0 0.193472840708573 0 0 0 0 0 0 0 0 0 0 0 0 0 0 0 0 0 0 0 0 0 0 0 0 0 0 0 0 0 0 0 0 0 0 0 0 0 0 0 0 0 0 0 0 0 0.196254508303322 0 0 0 0 0 0 0 0 0 0 0.174407470558557 0 0 0 0 0 0 0 0 0 0 0 0 0 0 0 0 0 0
"47" 0 0 0 0 0 0 0 0 0.117800062148504 0 0 0 0 0 0 0 0 0 0 0 0 0 0 0 0 0 0 0 0.0684414231811805 0.0935431032086981 0 0 0 0 0 0 0 0 0 0 0 0 0.149809378637324 0 0 0 0 0 0 0.116742369075582 0 0.137748001367341 0 0 0.139473098942576 0 0 0 0 0 0 0 0 0 0 0 0 0.093090462199561 0 0.0906192476854067 0 0 0 0.0638444508744519 0 0 0 0 0 0 0 0 0 0
"48" 0.125850212196036 0 0 0 0 0 0 0 0 0 0 0 0 0 0 0 0 0 0.0586231398619188 0 0 0 0 0 0 0 0 0 0 0 0 0.0669158509713279 0 0 0 0 0 0 0 0 0 0 0 0 0.0696615890321552 0 0 0 0.0684672821843635 0 0 0 0 0 0 0 0 0 0 0 0.0735412592054045 0 0 0.0927763744838937 0.132874876646538 0 0 0 0.0622994372570584 0 0 0 0 0 0 0 0 0 0 0 0 0 0 0.125836676528668
"49" 0.127695876270196 0 0 0 0 0 0 0 0 0 0 0 0 0 0 0 0 0.103233331198599 0.0885073415074463 0 0 0 0 0 0 0 0 0 0 0 0 0.091818281858397 0 0 0 0 0 0 0.0494774553547359 0 0 0 0 0 0.0806810416493167 0 0 0.0939012003592463 0 0 0 0 0 0.0856132615651498 0 0 0 0.0483721647142691 0 0 0.0633066572435012 0.0844790353761763 0 0.0998538258538906 0 0 0 0 0.0618246112722009 0 0 0 0 0 0 0 0 0 0 0 0 0 0 0.0879490301204462
"50" 0 0 0 0 0 0 0 0 0.0798097074657053 0 0 0 0 0 0 0 0 0 0 0 0 0 0 0 0 0 0 0 0.0814039006810036 0 0 0 0 0 0 0 0 0 0 0 0 0 0.163082416427324 0 0 0 0.0992181352988893 0 0 0 0 0.125130744035891 0 0 0.142820760702644 0 0 0 0 0 0 0 0 0 0 0.174909222607179 0 0.0834631095316772 0 0.104221176376297 0 0 0 0 0 0 0 0 0 0 0 0 0 0
"51" 0 0 0 0 0 0.052947381850565 0 0 0 0.120782883421289 0 0.11613480467233 0 0 0 0 0.0809429362880577 0 0 0 0 0 0 0 0 0 0 0 0 0 0 0 0.115122365596028 0 0 0 0 0 0 0 0.0461471539024462 0 0 0.110048119233458 0 0 0 0 0 0 0 0 0 0 0 0 0.111664465001377 0 0 0 0 0 0.0693892278818806 0 0 0 0 0.11438521139276 0 0 0 0 0 0 0 0.112277284710125 0 0.0891700415429999 0 0 0 0 0 0
"52" 0 0.0611067491368009 0 0 0 0 0 0 0 0 0 0 0 0 0 0.0631650847572717 0 0 0 0 0 0 0 0 0 0.0825386583508224 0 0 0.0911174592030003 0 0 0 0 0 0 0 0 0 0 0 0 0 0.172105157396788 0 0 0 0.107744070484729 0 0 0.102390603710891 0 0 0 0 0 0 0 0 0 0 0 0 0 0 0 0 0 0 0 0 0 0 0 0 0 0 0 0 0 0 0 0 0 0
"53" 0 0 0 0 0 0 0 0 0 0 0 0 0 0 0 0 0 0 0 0.337836488364046 0 0 0 0 0 0 0 0 0 0 0 0 0 0 0 0 0 0 0 0 0 0 0 0 0 0 0 0 0 0 0 0 0 0 0 0 0 0 0 0 0 0 0 0 0.174633815057794 0 0 0 0 0 0 0 0 0 0 0 0 0 0 0 0 0 0 0
"54" 0.07819829847953 0 0 0 0 0 0 0 0 0 0 0 0.0870544625162143 0 0 0 0 0.11830760848981 0 0 0 0 0 0.0607650772838768 0 0 0 0 0 0 0 0 0 0 0 0 0 0 0.0647535443720551 0 0 0 0 0 0 0 0 0 0.0651757509374775 0 0 0 0 0 0 0 0 0.0731807400999757 0.107140512895282 0 0.0374030991185908 0.0957594402807831 0 0.0991299551258532 0 0 0 0 0.0708005558139321 0 0 0 0 0 0 0 0 0 0 0 0 0 0 0.124202607852897
"55" 0 0 0 0 0 0 0 0 0.0937981524875112 0 0 0 0 0 0 0 0.117806480625558 0 0 0 0 0 0 0 0 0 0 0 0 0 0 0 0 0 0 0 0 0 0 0 0 0 0 0 0 0.352337644909393 0.0994204885197268 0 0 0.107431932701327 0 0 0 0 0 0 0 0 0 0 0 0 0 0 0 0.269377565844787 0 0.120510726913498 0 0 0 0 0 0 0 0 0 0 0 0 0 0 0 0
"56" 0 0 0 0 0 0.0677052888894655 0.0895496890999735 0 0 0 0 0 0 0 0 0 0 0 0.0954840439092531 0 0 0.0800041728821047 0 0 0 0 0 0 0 0 0 0.0961984901153815 0 0 0.0822316949629422 0 0.0638273206915301 0 0 0 0 0 0 0 0.0529517057287257 0 0 0 0 0 0 0 0 0 0 0 0 0 0 0.112908650307274 0.0824991572670885 0 0 0 0 0 0 0 0 0 0 0 0 0 0 0 0 0 0 0.100378293032722 0 0 0 0
"57" 0 0 0 0 0 0.0806698388773047 0 0 0 0.216375270081701 0 0.076487076700747 0 0 0 0 0.0521241324916599 0 0 0 0 0 0 0 0 0 0 0 0 0 0 0 0.0673375062707078 0 0 0 0 0 0 0 0 0 0 0.133413240234562 0 0 0 0 0 0 0.0898335686579799 0 0 0 0 0 0 0 0 0 0 0 0.0873409369224748 0 0 0 0 0 0 0 0 0 0 0 0 0.075460519208602 0 0.143129612289788 0 0 0 0 0 0
"58" 0 0 0 0 0.0805584419436541 0 0 0 0 0 0 0 0.0946873401486602 0 0 0 0 0.116607628740348 0 0 0 0 0 0.105635053922271 0 0 0 0 0 0 0 0.0553109378542548 0 0 0 0 0.0751439217234875 0 0.0855191032960506 0 0 0 0 0 0.063448042467468 0 0 0 0.060257127574086 0 0 0 0 0.0540600398798452 0 0 0 0 0.0618938615437575 0 0.0523262129771822 0.0495911850999937 0 0 0 0 0 0 0.0588526889053366 0 0 0 0.0998028744662484 0 0 0 0 0 0 0 0 0 0 0
"59" 0 0 0 0 0.0736948103282822 0 0 0 0 0 0 0 0.107112889031252 0 0 0 0 0.0619122562763156 0 0 0 0 0 0.074366763680309 0 0 0 0 0 0 0 0 0 0 0 0 0 0 0.0639753092358703 0 0 0 0 0 0 0 0 0 0 0 0 0 0 0.0856390100094782 0 0 0 0.0700333050643155 0 0 0 0.0821691835949293 0 0 0 0 0 0 0.0925416203290997 0 0 0 0.0364611935599912 0 0 0 0 0 0 0 0 0 0 0
"60" 0 0 0 0 0 0.0710494597843456 0.101583406992385 0.0804920676986695 0 0 0 0 0 0 0 0 0 0 0.121882090561261 0 0 0.0389945902658947 0 0 0 0 0 0 0 0 0 0.0783382085881371 0 0 0.084812968691987 0.0676701661585474 0.0716305653478963 0 0 0 0 0 0 0 0.0518280671830653 0 0 0 0 0 0 0 0 0 0 0.0963081563354087 0 0 0 0 0.0609984229494903 0 0 0 0 0 0 0 0 0 0 0 0 0 0 0 0 0 0 0.0834664973027296 0 0 0 0
"61" 0.146367563090725 0 0 0 0 0 0 0 0 0 0 0 0 0 0 0 0 0 0.102182357877387 0 0 0 0 0 0 0 0 0 0 0 0 0.057015190091939 0 0 0 0 0.111609689298073 0 0.0491087551139214 0 0 0 0 0 0.0965097079466935 0 0 0.126220779317536 0.0867510708296751 0 0 0 0 0.0663908684385754 0 0.0842836280934861 0 0.0728077767397552 0 0.0791883346774783 0 0 0 0.0530165546274388 0 0 0 0 0.0737038288140936 0 0 0 0.0766269741281374 0 0 0 0 0 0 0 0 0 0 0
"62" 0 0 0 0 0 0 0 0 0 0 0 0 0.0944837407302422 0 0 0 0 0.0501735370779071 0 0 0 0 0 0.0653707313579611 0 0 0 0 0 0 0 0 0 0 0 0 0 0 0.0581655849793693 0 0 0 0 0 0 0 0 0 0.0623176548082246 0 0 0 0 0.0730331431817243 0 0 0 0.0707798370261343 0.0921495774797449 0 0 0 0 0.115050317248981 0 0 0 0 0.0806242666677429 0 0 0 0.0419895159114279 0 0 0 0 0 0 0 0 0 0 0
"63" 0 0 0 0 0 0.0693413977208481 0 0 0 0 0 0.0720996361631426 0 0 0.0776514170376423 0 0 0 0 0 0 0.0985129382541455 0 0 0 0 0 0 0 0 0.138765996181108 0 0.132604701620229 0 0 0.0747575365840538 0 0 0 0 0.0471779663485586 0 0 0.130102252074646 0 0 0 0 0 0 0.124699356251254 0 0 0 0 0 0.0647505669617251 0 0 0 0 0 0 0 0 0 0 0 0 0 0 0 0 0 0 0.0668070585050235 0 0.101263583325375 0 0 0 0 0 0
"64" 0.117507448183998 0 0 0 0 0 0 0 0 0 0 0 0 0 0 0 0 0.106827771129541 0.098275679724069 0 0 0 0 0 0 0 0 0 0 0 0 0.0575803150311362 0 0 0 0 0 0 0 0 0 0 0 0 0 0 0 0.112849791629884 0.0569618751998261 0 0 0 0 0.0791789303653233 0 0 0 0 0 0 0.0744769841801332 0.0711911598497715 0 0 0.106471935558103 0 0 0 0.0629680625578452 0 0 0 0 0 0 0 0 0 0 0 0 0 0 0.110576570739963
"65" 0.163941042106001 0 0 0 0 0 0 0 0 0 0 0 0 0 0 0 0 0 0 0.263479150157349 0 0 0 0 0 0 0 0 0 0 0 0 0 0 0 0 0 0 0 0 0 0 0 0 0 0 0 0.112731769748708 0 0 0 0 0.433417386622342 0 0 0 0 0 0 0 0 0 0 0.0879436676504212 0 0 0 0 0 0 0.191690245247172 0.109074226185789 0 0 0 0 0 0 0 0 0 0 0 0.123286089574078
"66" 0 0 0 0 0 0 0 0 0.201372122958514 0 0 0 0 0 0 0 0 0 0 0 0 0 0 0 0 0 0 0 0 0 0 0 0 0 0 0 0 0 0 0 0 0 0 0 0 0.321602199062295 0 0 0 0.147468741233772 0 0 0 0 0.108942481287379 0 0 0 0 0 0 0 0 0 0 0 0 0 0 0 0 0 0 0 0 0 0 0 0 0 0 0 0 0
"67" 0 0 0 0.0715115964826371 0 0 0 0 0 0 0 0 0 0 0 0 0 0 0 0 0 0 0 0 0 0 0.114927144935173 0 0 0 0 0 0 0.0872107548458451 0 0 0 0.0739272924792525 0 0 0 0 0 0 0 0 0 0 0 0 0 0 0 0 0 0 0 0 0 0 0 0 0 0 0 0 0 0 0 0 0 0 0 0 0.101137388622971 0 0 0 0 0 0 0 0 0
"68" 0 0 0 0 0 0.0772036382213966 0 0 0.130294022318281 0 0 0 0 0 0 0 0.0830635139816832 0 0 0 0 0 0 0 0 0 0 0 0 0.0856305193245939 0 0 0 0 0 0 0 0 0 0 0.0602484298030093 0 0 0 0 0 0.0870990687638394 0 0 0.131699559827854 0.0725210631543423 0 0 0 0.146220441664185 0 0 0 0 0 0 0 0 0 0 0 0 0 0 0.137749440820032 0 0 0 0.0925801716908017 0 0 0 0 0 0 0 0 0 0
"69" 0.110472577667457 0 0 0 0 0 0 0 0 0 0 0 0.0985554309406358 0 0 0 0 0.101081155530492 0 0 0 0 0 0 0 0 0 0 0 0 0 0.0766953921162144 0 0 0 0 0 0 0.0758830826929107 0 0 0 0 0 0 0 0 0.0837691828422807 0.0949538275702553 0 0 0 0 0.0938712466089394 0 0 0 0.0704523712391972 0.100154729873308 0 0.0516680419495179 0.0803830975504153 0 0.0995015004750573 0 0 0 0 0 0 0 0 0 0 0 0 0 0 0 0 0 0 0 0.108773145318806
"70" 0 0.0763221556362312 0 0 0 0 0.0671159623634787 0 0 0 0 0 0 0 0 0 0 0 0 0 0 0 0 0 0 0 0 0 0.107053611485226 0.107250739055998 0 0 0 0 0.0696954996875914 0 0 0 0 0 0.0852120278037729 0 0 0 0 0 0.123775157332544 0 0 0.0940080378445112 0 0 0 0 0 0 0 0 0 0 0 0 0 0 0 0 0 0.0877666559862887 0 0 0 0 0 0.115793234773976 0 0 0 0 0 0 0 0 0 0
"71" 0 0 0 0 0 0 0 0.0896586352163421 0 0 0 0 0 0.0955429784653229 0 0 0 0 0 0 0 0 0 0 0.184876500906644 0 0 0 0 0 0 0 0 0 0 0 0 0 0 0 0 0 0 0 0 0 0 0 0 0 0 0 0 0 0 0 0 0 0 0 0 0 0 0 0.08173482963248 0 0 0 0 0 0 0.110350554304322 0 0 0 0 0 0 0 0 0 0 0 0
"72" 0 0 0.0639380461819153 0 0 0 0 0.11329495291253 0 0 0.118161303553339 0 0 0.0890231165892778 0 0 0 0 0 0 0 0 0 0 0.118216552428809 0 0 0 0 0 0 0 0 0 0 0.0839968532195589 0 0 0 0 0 0 0 0 0 0 0 0 0 0 0 0 0 0 0 0 0 0 0 0 0 0 0 0 0.152386066676182 0 0 0 0 0 0.228078433203554 0 0 0 0 0 0 0 0 0 0 0 0 0
"73" 0 0 0 0 0.0650566698302871 0 0 0 0 0 0 0 0.113692869315752 0 0 0 0 0 0 0 0 0 0.0619900720042629 0.0838042977789822 0 0 0 0 0 0 0 0.0507148745742419 0 0 0 0 0.0921989702260264 0 0.0544540006728916 0 0 0 0 0 0.103006833302765 0 0 0 0 0 0 0 0 0 0 0 0 0.0735989907297177 0.0993968746879372 0 0.0624031655117172 0.0913986167306462 0 0 0 0 0 0 0 0 0 0 0 0 0 0 0 0 0 0 0 0.0578961195439998 0 0
"74" 0 0.0559485335107929 0 0 0 0.0530302659398722 0.0687469198025184 0 0 0 0 0 0 0 0 0 0 0 0 0 0 0.070956649382 0 0 0 0 0 0 0.0911644820298009 0.0642261479470449 0 0 0 0 0.110446499061355 0 0 0 0 0 0.0869502155528504 0 0 0 0 0 0.0852002980360743 0 0 0 0 0 0 0 0 0 0 0 0 0 0 0 0 0 0 0 0 0.0706297177585933 0 0.0754325470680645 0 0 0 0 0 0 0 0 0 0 0 0 0 0
"75" 0 0.0496896088452928 0 0.0575478338700368 0 0 0 0 0 0 0 0 0 0 0 0.109459981356217 0 0 0 0 0.0751612744532608 0 0.0561827385128674 0 0 0.0646247642142341 0.121922567012075 0 0 0 0 0 0 0.083526716262051 0 0 0 0.0517967851246774 0 0.0581995960284344 0 0 0 0 0 0 0 0 0 0 0 0 0 0 0 0 0 0 0 0 0 0 0 0 0 0 0.272048543575184 0 0 0 0 0 0 0 0 0 0.0700434475361038 0 0 0 0 0.0584843012925735 0 0
"76" 0 0 0 0 0 0.0574858157323156 0 0 0 0.214217958563375 0 0.0554317147873762 0 0 0 0 0.0973167976288428 0 0 0 0 0 0 0 0 0 0 0 0 0 0 0 0.14220958214627 0 0 0 0 0 0 0 0.0954642886662255 0 0 0.155763151291187 0 0 0 0 0 0 0.110499700599086 0 0 0 0 0 0.113709391346648 0 0 0 0 0 0.0757626713636989 0 0 0 0 0 0 0 0 0 0 0 0 0 0 0.138876512987612 0 0 0 0 0 0
"77" 0 0.0687825464458728 0 0.0814078026273929 0 0 0 0 0 0 0 0 0 0 0 0.0788016784121072 0 0 0 0 0.0894985834434152 0 0.041110243575647 0 0 0.0502446835601348 0.0944210339844299 0 0 0 0 0 0 0.0684229272795401 0 0 0 0.14419433318718 0 0.0825409600287068 0 0 0 0 0 0 0 0 0 0 0 0 0 0 0 0 0 0 0 0 0 0 0 0 0 0 0 0 0 0 0 0 0 0 0.0778461676911224 0 0 0 0 0 0 0.0633950970565966 0 0
"78" 0 0 0 0 0 0 0 0 0 0.181791229938488 0 0 0 0 0 0 0.0878137913606204 0 0 0 0 0 0 0 0 0 0 0 0 0 0 0 0.078442274521019 0 0 0 0 0 0 0 0 0 0 0.0771490688061524 0 0 0 0 0 0 0.0924675530785039 0 0 0 0 0 0.11425989203822 0 0 0 0 0 0.0883228895814617 0 0 0 0 0 0 0 0 0 0 0 0 0.102795507948939 0 0 0 0 0 0 0 0
"79" 0 0 0.117658722445854 0 0 0 0 0 0 0 0.0723739775876167 0 0 0.0875836477629801 0.0932270239248663 0 0 0 0 0 0 0 0 0 0 0 0 0.0473645697670704 0 0 0.125335489665148 0 0 0 0 0 0 0 0 0 0 0.139199931619556 0 0 0 0 0 0 0 0 0 0 0 0 0 0 0 0 0 0 0 0 0 0 0 0 0 0 0 0 0 0 0 0 0 0 0 0 0 0 0.103147641901212 0 0.222607181388582 0
"80" 0 0 0 0 0 0.0870422426591356 0.0835496393406976 0.100138800878646 0 0 0 0.111695067358921 0 0 0 0 0 0 0.0811829312324669 0 0 0.0694480553549965 0 0 0 0 0 0 0 0 0 0 0 0 0.0749704381803128 0.0622939460788196 0 0 0 0 0.0636937569754103 0 0 0 0.0421294989535597 0 0 0 0 0 0 0 0 0 0 0.0845708887977389 0 0 0 0.104721208946917 0 0 0 0 0 0 0 0 0 0 0 0 0 0 0 0 0 0 0 0 0 0 0 0
"81" 0 0 0.0854719310918138 0 0 0 0 0.123356135614805 0 0 0.13047612527743 0 0 0.13449073515756 0.0536847156030219 0 0 0 0 0 0 0 0 0 0.174843488020202 0 0 0.177844987940142 0 0 0.137612834595236 0 0 0 0 0.0660943330820145 0 0 0 0 0 0.165101352947044 0 0 0 0 0 0 0 0 0 0 0 0 0 0 0 0 0 0 0 0 0 0 0 0 0 0 0 0 0 0 0 0 0 0 0 0 0.087143630875393 0 0 0 0 0
"82" 0 0.0766977616836536 0 0.0771259534264407 0.0656577943038932 0 0 0 0 0 0 0 0 0 0 0.126202884167213 0 0 0 0 0.126370466138591 0 0.0731846994374706 0.0705694644928643 0 0.0805562213397299 0.0757220277748238 0 0 0 0 0 0 0.112397462330607 0 0 0.0785623697235186 0.0933978964053975 0 0.0577211745224147 0 0 0 0 0 0 0 0 0 0 0 0 0 0 0 0 0 0 0 0 0 0 0 0 0 0 0 0 0 0 0 0 0.0630755246725382 0 0.0842539620180787 0 0.0936476563661875 0 0 0 0 0 0 0
"83" 0 0 0 0 0 0 0 0 0 0 0 0 0 0 0.156055878943313 0 0 0 0 0 0 0 0 0 0 0 0 0.192558363976067 0 0 0 0 0 0 0 0 0 0 0 0 0 0.153973599441909 0 0 0 0 0 0 0 0 0 0 0 0 0 0 0 0 0 0 0 0 0 0 0 0 0 0 0 0 0 0 0 0 0 0 0 0 0.150395133039204 0 0 0 0 0
"84" 0.133670662700601 0 0 0 0 0 0 0 0 0 0 0 0 0 0 0 0 0 0 0.412072287350058 0 0 0 0 0 0 0 0 0 0 0 0 0 0 0 0 0 0 0 0 0 0 0 0 0 0 0 0.115445680830972 0.0631066077800254 0 0 0 0 0.064164529364985 0 0 0 0 0 0 0 0 0 0.0676774913107831 0.120853041341842 0 0 0 0.0796879551898603 0 0 0 0 0 0 0 0 0 0 0 0 0 0 0
