"V1" "V2" "V3" "V4" "V5" "V6" "V7" "V8" "V9" "V10" "V11" "V12" "V13" "V14" "V15" "V16" "V17" "V18" "V19" "V20" "V21"
"1" 0 0 0 0 0 0 0.205046318725973 0.191647942227708 0 0 0 0 0 0 0 0 0 0 0 0 0.290259431814496
"2" 0 0 0 0.217971766133232 0 0.209741956670861 0 0 0 0 0 0 0 0 0 0 0 0 0 0 0
"3" 0 0 0 0 0 0 0 0 0.189152154590918 0 0 0.298221015043855 0 0 0 0.203132099915433 0 0 0 0 0
"4" 0 0.546605662839608 0 0 0.185652861741173 0 0.276840392838163 0 0.14688297859044 0 0 0 0 0 0 0.165313775759789 0 0 0 0 0
"5" 0 0 0 0.133801143581303 0 0 0 0 0 0 0 0 0 0 0.874825788808241 0 0 0.236870217266099 0.344119321702438 0 0
"6" 0 0.654611237071561 0 0 0 0 0 0.277646735539815 0 0.201425689781872 0 0 0.390357607436033 0 0 0.189555022630437 0 0 0 0 0.229859137625118
"7" 0.24132016838269 0 0 0.240398121898296 0 0 0 0 0 0.258371971668948 0.233048129821228 0 0 0 0 0 0 0 0 0 0
"8" 0.339782005350368 0 0 0 0 0.222623122557977 0 0 0 0 0.231876045451123 0 0 0 0 0 0 0 0 0.360714888990636 0
"9" 0 0 0.413040168248616 0.185895622564066 0 0 0 0 0 0.176048591083567 0.163802442974677 0 0.393862525808581 0 0 0 0.140184934547117 0 0 0.247234754348014 0
"10" 0 0 0 0 0 0.172592010607011 0.337430514387866 0 0.202294410826585 0 0 0 0 0 0 0 0 0.284831809742559 0 0.288024784474546 0
"11" 0 0 0 0 0 0 0.280854031315262 0.248517327675426 0.11866458946758 0 0 0.222232646275345 0 0.222687847280514 0 0 0.203893817841638 0 0 0 0
"12" 0 0 0.397943474944961 0 0 0 0 0 0 0 0.150484739806936 0 0 0.258810955701435 0 0 0 0 0 0 0
"13" 0 0 0 0 0 0.130382628306773 0 0 0.15795231363863 0 0 0 0 0 0 0 0 0 0.413736396734484 0 0
"14" 0 0 0 0 0 0 0 0 0 0 0.150881761544847 0.340509546160126 0 0 0 0 0.173608259312692 0.166275034359211 0 0 0
"15" 0 0 0 0 0.215295529318503 0 0 0 0 0 0 0 0 0 0 0 0 0 0 0 0
"16" 0 0 0.308957591690267 0.152348330167644 0 0.155262807552554 0 0 0 0 0 0 0 0 0 0 0.121421665424664 0 0 0 0
"17" 0 0 0 0 0 0 0 0 0.179194031005346 0 0.177368087553317 0 0 0.231053470499422 0 0.248017120432851 0 0 0 0.242688335216594 0.315026075137274
"18" 0 0 0 0 0.214839136964785 0 0 0 0 0.132581053348033 0 0 0 0.330857099541708 0 0 0 0 0 0 0
"19" 0 0 0 0 0.326360932653436 0 0 0 0 0 0 0 0.297185639386616 0 0 0 0 0 0 0 0.179821560979773
"20" 0 0 0 0 0 0 0 0.24840262679212 0.204146540464393 0.185356875668715 0 0 0 0 0 0 0.167687870998807 0 0 0 0
"21" 0.311292197390023 0 0 0 0 0.238097264664381 0 0 0 0 0 0 0 0 0 0 0.187146367742265 0 0.368278693301898 0 0
