"V1" "V2" "V3" "V4" "V5" "V6" "V7" "V8" "V9" "V10" "V11" "V12" "V13" "V14" "V15" "V16" "V17" "V18" "V19" "V20" "V21"
"1" 0 0 0.432593899457526 0 0 0 0 0 0 0 0 0 0 0 0 0 0 0 0 0 0
"2" 0 0 0 0 0.38021083858629 0 0 0 0 0 0 0 0 0 0 0 0 0 0 0 0
"3" 0.909878944591418 0 0 0 0.494698572179909 0.288284548669003 0 0 0 0 0 0 0 0 0 0 0 0 0 0 0
"4" 0 0 0 0 0 0 0.343559623776644 0 0 0 0 0 0 0 0 0 0 0 0 0 0
"5" 0 1.16464789979811 0.294403183606598 0 0 0 0.288133847552586 0 0 0 0 0 0 0 0 0 0 0 0 0 0
"6" 0 0 0.271647558964809 0 0 0 0 0.775493200097691 0 0 0.439243542378922 0 0 0 0 0 0 0 0 0 0
"7" 0 0 0 0.988796957241501 0.33520992728237 0 0 0 0 0.283379181524608 0 0 0 0 0 0 0 0 0 0 0
"8" 0 0 0 0 0 0.361520908616159 0 0 0 0 0 0 0 0 0 0 0 0 0 0 0
"9" 0 0 0 0 0 0 0 0 0 0.266983804042146 0 0 0 0 0 0 0 0 0 0 0
"10" 0 0 0 0 0 0 0.341126304299931 0 1.16110082101862 0 0 1.10912251675488 0.282075524273831 0 0 0 0 0 0 0 0
"11" 0 0 0 0 0 0.356777299919646 0 0 0 0 0 0 0 0 0 0 1.04911511896714 1.12548426354972 0 0 0
"12" 0 0 0 0 0 0 0 0 0 0.251057934116637 0 0 0 0 0 0 0 0 0 0 0
"13" 0 0 0 0 0 0 0 0 0 0.205223721869945 0 0 0 0.901324307189355 0.359038241585267 0 0 0 0 0 0
"14" 0 0 0 0 0 0 0 0 0 0 0 0 0.363283216926116 0 0 0 0 0 0 0 0
"15" 0 0 0 0 0 0 0 0 0 0 0 0 0.314772892580361 0 0 0.304577859412129 0 0 0 0 0.802171914449676
"16" 0 0 0 0 0 0 0 0 0 0 0 0 0 0 0.244964152513027 0 0 0 1.05271897750084 1.0020023036443 0
"17" 0 0 0 0 0 0 0 0 0 0 0.545752138984291 0 0 0 0 0 0 0 0 0 0
"18" 0 0 0 0 0 0 0 0 0 0 0.257020243265561 0 0 0 0 0 0 0 0 0 0
"19" 0 0 0 0 0 0 0 0 0 0 0 0 0 0 0 0.405739878861115 0 0 0 0 0
"20" 0 0 0 0 0 0 0 0 0 0 0 0 0 0 0 0.387770846782714 0 0 0 0 0
"21" 0 0 0 0 0 0 0 0 0 0 0 0 0 0 0.30736400955424 0 0 0 0 0 0
