"V1" "V2" "V3" "V4" "V5" "V6" "V7" "V8" "V9" "V10" "V11" "V12" "V13" "V14" "V15" "V16" "V17" "V18" "V19" "V20" "V21" "V22" "V23" "V24" "V25" "V26" "V27" "V28" "V29" "V30" "V31" "V32" "V33" "V34" "V35" "V36" "V37" "V38" "V39" "V40" "V41" "V42" "V43" "V44" "V45" "V46" "V47" "V48" "V49" "V50" "V51" "V52" "V53" "V54" "V55" "V56" "V57" "V58" "V59" "V60" "V61" "V62" "V63" "V64" "V65" "V66" "V67" "V68" "V69" "V70" "V71" "V72" "V73" "V74" "V75" "V76" "V77" "V78" "V79" "V80" "V81" "V82" "V83" "V84"
"1" 0 0 0.0571448808482242 0 0 0 0 0 0 0 0 0 0.110819933444481 0.0883365609715297 0 0 0.0960153563701569 0 0 0 0 0 0 0 0 0 0.0805594962775499 0 0 0 0 0 0 0 0 0 0 0 0 0 0.130472438996904 0 0 0 0 0 0 0.0563202870878487 0 0 0 0 0 0 0 0 0 0 0 0 0 0 0.142401114670845 0 0 0 0 0 0 0 0 0 0 0.120792739975444 0 0 0 0 0.0554314509782617 0 0 0 0 0.115450364459726
"2" 0 0 0.057529372138958 0.0649084792939094 0 0.0615806496482293 0 0.0591841532597715 0 0 0.0454805628988296 0 0 0 0 0 0 0 0.109109936633728 0.0513198756291754 0.0525289841767401 0 0 0 0 0.0597614132314771 0.0726164707536371 0 0 0 0 0 0 0 0 0.067387849421352 0 0 0 0 0 0 0 0 0 0 0 0.0536725119684355 0.0905530807741527 0 0.0396714932942723 0 0.0516166234036139 0.12807727477293 0 0 0 0 0 0 0 0 0 0 0 0 0 0 0 0 0 0 0 0 0.0893861337162027 0 0.0533660482676021 0 0 0 0 0 0 0
"3" 0.076221582300441 0.0551146048424008 0 0 0 0.0661781807475269 0 0.0614286298775246 0 0 0.0699625882003612 0 0.0849497832689275 0 0 0 0 0 0 0 0 0 0 0 0 0.0427655605295573 0.0698710776984968 0 0 0 0 0 0 0 0 0.0622767591023059 0 0 0 0 0.0674821280174011 0 0 0 0 0 0 0.0474767080229615 0.0544555981810586 0 0 0 0.0609198348949551 0 0 0 0 0 0 0 0 0 0 0 0 0 0 0 0 0 0 0 0 0 0 0.0738623557152266 0.0494559995789812 0 0.0547714667420597 0 0 0 0 0
"4" 0 0.0477235768862004 0 0 0.160047699569281 0 0 0.0723881517975912 0 0 0.0630967851264742 0 0 0 0 0 0 0 0.0529458524293842 0.0746460529854058 0 0 0 0 0 0.0568711750762957 0 0 0 0 0 0 0 0 0 0.0876530875232644 0 0 0 0 0 0 0 0 0 0 0 0 0.0561030652912074 0 0.0689946033699417 0 0.0900530897240707 0.0511872467558576 0.258445646400059 0 0 0 0 0.142467085571253 0 0 0 0 0 0 0 0 0 0 0 0 0 0 0.0682240163985842 0 0.0796894434579647 0 0 0 0 0 0 0
"5" 0 0 0 0.0848291799042757 0 0 0 0 0 0 0 0 0 0 0 0 0 0 0 0 0 0 0 0 0 0 0 0 0 0.160861253112438 0 0 0 0 0 0 0 0 0 0 0 0 0 0 0 0 0 0 0 0 0.0698506484614311 0 0 0 0.249772928890148 0.213425029007395 0 0 0 0.108451049791647 0 0 0 0 0 0 0 0 0 0 0 0 0 0 0.0653348926955645 0 0 0 0 0 0 0 0 0
"6" 0 0.0614333607541857 0.0542543713378589 0 0 0 0 0.0896803201678783 0 0 0.0669034773777469 0 0 0 0 0 0 0 0 0.0626532469150946 0.0904990119652394 0 0 0 0 0.0434787597106423 0.0647897353193132 0 0 0 0 0 0 0 0 0 0 0 0 0 0 0 0 0.065467794166356 0 0 0 0.0506950505370604 0 0 0 0 0.0766114562776582 0 0 0 0 0 0 0 0 0.0690780048828739 0 0 0 0 0 0 0 0 0 0 0 0 0 0.0789110314207197 0.0477553073588156 0 0.0797482752726949 0 0 0 0 0
"7" 0 0 0 0 0 0 0 0 0 0 0 0 0 0 0 0.102806468041798 0 0 0 0 0 0 0 0 0 0 0 0 0 0 0.103568635720208 0 0 0 0.165929070563815 0 0 0.123389539450027 0 0 0 0 0.0886443451420007 0 0 0 0 0 0 0 0 0 0 0 0 0 0 0.159982699268113 0.187592791234475 0 0 0 0.135359085342233 0 0 0 0 0.0979863505715334 0 0 0 0 0 0 0 0 0 0 0 0 0 0.16995500782218 0.157706636354143 0
"8" 0 0.0544810214233045 0.0735770814476565 0.056708285540163 0 0.053656367243226 0 0 0 0 0.0665664313977071 0 0 0 0 0 0 0 0 0 0 0 0 0 0 0.0436410548915684 0.0738508567337864 0 0 0 0 0 0 0 0 0.0817986591678242 0 0 0 0 0.0763056048018528 0 0 0 0 0 0 0.0615726062703929 0.0641056760897191 0 0.0803945149410507 0 0.0756320039757032 0.115578048619136 0 0 0 0 0 0 0 0 0 0 0 0 0 0 0 0 0 0 0 0 0 0 0.0467280934848391 0 0 0 0 0 0 0
"9" 0 0 0 0 0 0 0 0 0 0 0 0 0 0.0997784714856274 0 0 0.123612767646449 0 0 0 0 0 0 0 0 0 0 0 0 0 0 0 0 0 0 0 0 0 0 0 0 0.164866541309671 0 0 0 0 0.100091085908346 0 0 0 0 0 0 0 0 0 0.207915066360641 0 0 0 0.243125772390505 0 0 0 0 0 0 0 0 0 0 0 0 0 0 0 0 0 0 0 0 0 0 0.131002074442828
"10" 0 0 0 0 0 0 0 0 0 0 0 0 0.0918845566281687 0 0 0 0 0 0 0 0 0 0 0 0 0 0 0 0 0 0.0736013838131473 0 0 0 0 0 0 0 0.098751300765359 0 0 0 0 0 0 0 0 0 0 0 0 0.0842142946339551 0 0 0 0 0 0 0 0 0 0.0873790099265232 0.16746456253138 0 0 0 0 0 0.102578515833551 0 0 0 0 0.0859207216867421 0 0.0832598281672442 0 0 0.0643749807323411 0 0 0 0 0
"11" 0 0.0625316940227733 0.0340664385215421 0.0502890251052679 0 0.0681147821627561 0 0.0744064410013924 0 0 0 0 0 0 0 0 0 0 0.0598520450467317 0.0520898102859818 0.0756196865686918 0 0 0 0 0.0353405064159605 0.030493232826233 0 0 0 0 0 0 0 0 0 0 0 0 0 0 0 0 0.0925544117149968 0 0 0 0.0414847282205691 0 0 0.102208091853928 0 0.0837559713026909 0 0 0 0 0 0 0 0 0 0 0 0 0 0 0 0 0 0 0 0 0 0.0777342844095778 0.061393595518511 0.0501111060077756 0 0 0 0 0 0 0
"12" 0 0 0 0 0 0 0 0 0 0 0 0 0 0 0 0 0 0.136288857753804 0 0 0 0.146520505953367 0 0 0 0 0 0 0 0 0 0 0.100061196292598 0.0917395926683446 0 0 0.104441888687742 0 0 0.0853868632491873 0 0 0 0 0 0 0 0 0 0 0 0 0 0 0 0 0 0 0 0 0 0 0 0.122348794702959 0 0 0 0 0 0 0 0.107710718475352 0 0 0 0 0 0 0 0.0875538032810802 0 0 0 0
"13" 0.0772812474397267 0 0.0905530355163621 0 0 0 0 0 0 0.0949444057120577 0 0 0 0.0887752298654723 0 0 0 0 0 0 0 0 0 0 0 0 0.041262051974131 0 0 0 0.11295199046498 0 0 0 0 0 0 0 0 0 0.0868074150202404 0 0 0 0 0 0 0.078816783380936 0 0 0 0 0 0 0 0 0 0 0 0 0 0 0.109550793494737 0 0 0 0 0 0 0 0 0 0 0.124660868452103 0 0 0 0 0.0842086046313967 0 0 0 0 0
"14" 0.0828095936140162 0 0 0 0 0 0 0 0.151867150738519 0 0 0 0.076380975207197 0 0 0.140003448345456 0.137924196771082 0 0 0 0 0 0 0 0 0 0 0 0 0 0 0 0 0 0 0 0 0 0 0 0 0.174145190100637 0 0 0 0 0.121846915261835 0 0 0 0 0 0 0 0 0 0.192479479934885 0.139487373689777 0 0 0.139504258854059 0 0 0 0 0 0 0 0 0 0 0 0 0 0 0 0 0 0 0 0 0 0 0.130273417106241
"15" 0 0 0 0 0 0 0 0 0 0 0 0 0 0 0 0 0 0 0 0 0 0 0 0 0 0 0 0.0800521093242992 0.125878247926025 0 0 0.388333068527044 0.105389460249527 0 0 0 0 0 0 0 0 0 0 0 0 0 0 0 0 0 0 0.0872809942707623 0 0 0 0 0 0 0 0 0 0 0 0 0 0 0 0 0.0912685369348669 0 0 0 0 0 0 0 0 0 0 0 0 0 0 0
"16" 0 0 0 0 0 0 0.0928278999241484 0 0 0 0 0 0 0.0629602119226114 0 0 0 0 0 0 0 0 0 0 0 0 0 0 0 0 0 0 0 0 0 0 0 0.182825402268854 0 0 0 0 0 0 0 0 0.142085750739797 0 0 0 0 0 0 0 0 0 0 0.116193323592505 0.142854581363188 0 0 0 0 0 0 0 0 0 0 0 0 0 0 0 0 0 0 0 0 0 0 0 0.228248380063033 0
"17" 0.081697310711187 0 0 0 0 0 0 0 0.185044220158676 0 0 0 0 0.0780668746119799 0 0 0 0 0 0 0 0 0 0 0.188565710776682 0 0 0 0 0 0 0 0 0 0 0 0 0 0 0 0.0830546619146807 0 0 0 0 0 0 0.0559703685800971 0.0780375050586818 0 0 0 0 0 0 0 0 0 0 0 0 0 0 0 0 0 0 0 0 0 0 0 0 0 0 0 0 0 0 0 0 0 0 0.136275996110167
"18" 0 0 0 0 0 0 0 0 0 0 0 0.125938181807174 0 0 0 0 0 0 0 0 0 0.123431039462108 0 0 0 0 0 0.09798747913398 0 0 0 0 0.0981720105279572 0 0 0 0.108564157838778 0 0 0.0991055613583126 0 0 0 0 0 0 0 0 0 0 0 0 0 0 0 0 0 0 0 0 0 0 0 0 0 0 0 0 0 0 0 0 0 0 0 0 0 0 0 0.0764712322363705 0 0 0 0
"19" 0 0.0548589184593459 0 0.0590517073416887 0 0 0 0 0 0 0.036232533968619 0 0 0 0 0 0 0 0 0.0423552502474475 0.124905416662327 0 0 0 0 0.0538118932438373 0 0 0 0 0 0 0 0 0 0 0 0 0 0 0 0 0 0 0 0 0 0 0 0.15506034953734 0 0 0 0 0 0.156021049136825 0 0 0 0.0961723153591737 0 0 0 0 0 0 0 0 0 0 0 0 0 0 0.0664750064521032 0 0.0596562782528735 0 0 0 0 0 0 0
"20" 0 0.0538004928310036 0 0.0626378652939661 0 0.054219879771794 0 0 0 0 0.0365461464599318 0 0 0 0 0 0 0 0.0855040096642067 0 0.0825339388214211 0 0.151862806593063 0 0 0.0430805415853766 0 0 0 0 0 0 0 0 0 0 0 0 0 0 0 0 0 0.0602818979665018 0 0 0 0 0 0.122487231008863 0.0666222138986476 0 0 0 0 0.179332739130345 0 0 0 0.127748865873527 0 0 0 0 0 0 0 0 0 0 0 0 0 0 0.0837886274668962 0.0549331766202363 0.0536024117878945 0 0 0 0 0 0 0
"21" 0 0.0450236043841439 0 0 0 0.0571192329719529 0 0 0 0 0.0508589191591861 0 0 0 0 0 0 0 0.08424805847154 0.0473483488141313 0 0 0.17507709078743 0 0 0.0748451651960048 0 0 0 0 0 0 0 0 0 0 0 0 0 0 0 0 0 0.0788333510441864 0 0 0 0 0 0.100978117433856 0 0 0 0 0 0 0 0 0 0.130387315075751 0 0 0 0 0 0 0 0 0 0 0 0 0 0 0.0628609930201905 0.0855674474889818 0.0456581767790213 0 0 0 0 0 0 0
"22" 0 0 0 0 0 0 0 0 0 0 0 0.0865106786023224 0 0 0 0 0 0.179612912534408 0 0 0 0 0 0 0 0 0 0 0 0 0 0 0.100803337168266 0.0978951695043122 0 0 0.0965298618523833 0 0 0.0999395691131208 0 0 0 0 0 0 0 0 0 0 0 0 0 0 0 0 0 0 0 0 0 0 0 0.0930837617261769 0 0 0 0 0 0 0 0.102617463203972 0 0 0 0 0 0 0 0.0607369946093072 0 0 0 0
"23" 0 0 0 0 0 0 0 0 0 0 0 0 0 0 0 0 0 0 0 0.057409927999042 0.0810428342674664 0 0 0 0 0 0 0 0 0 0 0 0 0 0 0 0 0 0 0 0 0 0 0.125429453484897 0.225632019025098 0 0 0 0 0.124320059498576 0 0 0 0 0 0 0 0 0 0 0 0 0 0 0 0.0843909187339818 0 0 0 0 0.122060873617341 0 0 0 0 0 0 0 0 0 0 0 0 0
"24" 0 0 0 0 0 0 0 0 0 0 0 0 0 0 0 0 0 0 0 0 0 0 0 0 0 0 0 0 0.212250710876287 0 0 0 0 0 0 0 0 0 0.0807277848157031 0 0 0 0.100980331633537 0 0 0.122270395458753 0 0 0 0 0 0 0 0 0 0 0 0 0 0 0 0 0 0 0 0 0.111325987151467 0.107475726321567 0.10978747655726 0 0 0 0.123280301565103 0 0 0 0 0 0 0 0 0 0 0
"25" 0 0 0 0 0 0 0 0 0 0 0 0 0 0 0 0 0.129132590118935 0 0 0 0 0 0 0 0 0 0 0 0 0 0 0 0 0 0 0.085543175154413 0 0 0 0 0.110805936264048 0 0 0 0 0 0 0 0.0606753575216252 0 0 0 0 0 0 0 0 0 0 0 0 0 0 0 0 0 0 0 0 0 0 0 0 0 0 0 0 0 0 0 0 0 0 0.136821150457392
"26" 0 0.0664701377156999 0.0570020591715038 0.0591930099455989 0 0.0628677117057889 0 0.0434290105779212 0 0 0.0790465447440593 0 0 0 0 0 0 0 0.0650597979400784 0.0525678908687724 0.0824760845592351 0 0 0 0 0 0.0573434700922478 0 0 0 0 0 0 0 0 0.0993423329472456 0 0 0 0 0 0 0 0 0 0 0 0.057721168088505 0.0561306323071588 0 0.0658067501785231 0 0.0470802415988589 0.121868873993912 0 0 0 0 0 0 0 0 0 0 0 0 0 0 0 0 0 0 0 0 0.106002978484279 0.0608199189788168 0.0439982937120255 0 0 0 0 0 0 0
"27" 0.0998978595646177 0.0625005732223556 0.0734756283715849 0 0 0.0582100412473754 0 0.0651859472699253 0 0 0.058775047876723 0 0.0790234917268981 0 0 0 0 0 0 0 0 0 0 0 0 0.0500494388139376 0 0 0 0 0 0 0 0 0 0 0 0 0 0 0.078663960017201 0 0 0 0 0 0 0.0658776681197676 0.0658660859444799 0 0 0 0.082589917565306 0 0 0 0 0 0 0 0 0.0438934434203616 0 0 0 0 0 0 0 0 0 0 0 0.0962849898827761 0 0.0934578037994018 0.0592492842226947 0 0.0720630023516636 0 0 0 0 0
"28" 0 0 0 0 0 0 0 0 0 0 0 0 0 0 0.112581810730268 0 0 0.12898779818374 0 0 0 0 0 0 0 0 0 0 0 0 0 0 0.0949042694100337 0.0932911309458606 0 0 0.105870229902549 0 0 0.102969720719322 0 0 0 0 0 0 0 0 0 0 0 0 0 0 0 0 0 0 0 0 0 0 0 0 0.135402184653179 0.128034400037878 0 0 0 0.170005848690095 0.145574972419982 0.0709153636704145 0 0 0 0 0 0 0 0.0650913027892316 0 0 0 0
"29" 0 0 0 0 0 0 0 0 0 0 0 0 0 0 0.146523251882897 0 0 0 0 0 0 0 0 0.108497697614209 0 0 0 0 0 0 0 0.494380220417696 0 0 0 0 0 0 0 0 0 0 0 0 0 0.117154252317362 0 0 0 0 0 0 0 0 0 0 0 0 0 0 0 0 0 0 0 0 0 0 0 0 0 0 0.116425315900071 0 0 0 0 0 0 0 0 0 0 0
"30" 0 0 0 0 0.156079373205787 0 0 0 0 0 0 0 0 0 0 0 0 0 0 0 0 0 0 0 0 0 0 0 0 0 0 0 0 0 0 0 0 0 0 0 0 0 0 0 0 0 0 0 0 0 0 0 0 0 0.220680739489575 0.150630350288253 0 0 0 0.103925270597527 0 0 0 0 0 0 0 0 0 0 0 0 0 0 0.0766164004345141 0 0 0 0 0 0 0 0 0
"31" 0 0 0 0 0 0 0.0894744669845804 0 0 0.0766948202145055 0 0 0.103006617000405 0 0 0 0 0 0 0 0 0 0 0 0 0 0 0 0 0 0 0 0 0 0 0 0 0 0.0830894340545079 0 0 0 0 0 0 0.103452031307837 0 0 0 0 0 0 0 0 0 0 0 0 0 0 0 0.101021200374626 0.0915689321328225 0 0 0 0 0 0.0319404815166356 0 0 0 0 0.11094808492 0 0 0 0 0.0570822136210076 0 0 0 0 0
"32" 0 0 0 0 0 0 0 0 0 0 0 0 0 0 0.156264655615061 0 0 0 0 0 0 0 0 0 0 0 0 0 0.185287772218599 0 0 0 0 0 0 0 0 0 0 0 0 0 0 0 0 0 0 0 0 0 0 0 0 0 0 0 0 0 0 0 0 0 0 0 0 0 0 0 0 0 0 0 0 0 0 0 0 0 0 0 0 0 0 0
"33" 0 0 0 0 0 0 0 0 0 0 0 0.0911755110824063 0 0 0.181539447472539 0 0 0.129091456655395 0 0 0 0.113563836389652 0 0 0 0 0 0.0844354625850774 0 0 0 0 0 0.0819871730807767 0 0 0.0580831903060981 0 0 0.091274416695482 0 0 0 0 0 0 0 0 0 0 0 0 0 0 0 0 0 0 0 0 0 0 0 0 0.108813475033751 0 0 0 0 0 0 0.0978324568245041 0 0 0 0 0 0 0 0.10811135304123 0 0 0 0
"34" 0 0 0 0 0 0 0 0 0 0 0 0.097316626212639 0 0 0 0 0 0 0 0 0 0.122548210490493 0 0 0 0 0 0.0626360721108334 0 0 0 0 0.078759274463675 0 0 0 0.0835811043457857 0 0 0.0937223670863234 0 0 0 0 0 0 0 0 0 0 0 0 0 0 0 0 0 0 0 0 0 0 0 0.0997255384788612 0.0969669226552476 0 0 0 0 0.156455625807218 0 0.0992335256605269 0 0 0 0 0 0 0 0.0888316503042622 0 0 0 0
"35" 0 0 0 0 0 0 0.0966832799860129 0 0 0 0 0 0 0 0 0 0 0 0 0 0 0 0 0 0 0 0 0 0 0 0 0 0 0 0 0 0 0 0 0 0 0 0.109665716696894 0 0 0 0 0 0 0 0 0 0 0 0 0 0 0 0 0 0 0 0 0 0 0 0 0.0812018748785986 0 0 0 0 0 0 0 0 0 0.145888744938174 0 0 0 0.163868616493051 0 0
"36" 0 0.0701859924672292 0.0660185985926011 0.0556768925593795 0 0 0 0.0714839860467713 0 0 0 0 0 0 0 0 0 0 0 0 0 0 0 0 0.268427060215865 0.0450850971025951 0 0 0 0 0 0 0 0 0 0 0 0 0 0 0.0790991325627454 0 0 0 0 0 0 0.060167681786676 0.0484539756857886 0 0.0972469906182402 0 0.0609298959167234 0.107520113733851 0 0 0 0 0 0 0 0 0 0 0 0 0 0 0 0 0 0 0 0 0 0 0.0397724032075737 0 0 0 0 0 0 0
"37" 0 0 0 0 0 0 0 0 0 0 0 0.119159824161068 0 0 0 0 0 0.176227483624182 0 0 0 0.137438367147755 0 0 0 0 0 0.10408446965534 0 0 0 0 0.0950472535778199 0.0663683289664282 0 0 0 0 0 0.0909938137892363 0 0 0 0 0 0 0 0 0 0 0 0 0 0 0 0 0 0 0 0 0 0 0 0.0891256856770571 0.113454921523618 0 0 0 0 0.157781890489755 0 0.122725357450053 0 0 0 0 0 0 0 0.0837096516787728 0 0 0 0
"38" 0 0 0 0 0 0 0.112030932567564 0 0 0 0 0 0 0 0 0.165807070577822 0 0 0 0 0 0 0 0 0 0 0 0 0 0 0 0 0 0 0 0 0 0 0 0 0 0 0 0 0 0 0 0 0 0 0 0 0 0 0 0 0 0.135949766302994 0.229333205227427 0 0 0 0 0 0 0 0 0 0 0 0 0 0 0 0 0 0 0 0 0 0 0 0.155341044143578 0
"39" 0 0 0 0 0 0 0 0 0 0.104988031111393 0 0 0 0 0 0 0 0 0 0 0 0 0 0.109900693740266 0 0 0 0 0 0 0.110410560963734 0 0 0 0 0 0 0 0 0 0 0 0 0 0 0.0532526328615519 0 0 0 0 0 0.119965613993724 0 0 0 0 0 0 0 0 0 0.0600935852743326 0.168441362169675 0 0 0 0 0 0.0911910661527984 0 0 0 0.131064748409649 0 0 0 0 0 0.0584822125150962 0 0 0 0 0
"40" 0 0 0 0 0 0 0 0 0 0 0 0.116381233920607 0 0 0 0 0 0.190876605637628 0 0 0 0.0835373979160586 0 0 0 0 0 0.0790886113696721 0 0 0 0 0.0835753997342669 0.116705563427422 0 0 0.0852526485401211 0 0 0 0 0 0 0 0 0 0 0 0 0 0 0 0 0 0 0 0 0 0 0 0 0 0 0.144847439390554 0.0601702234837399 0 0 0 0 0.118815790026924 0 0.02865958766419 0 0 0 0 0 0 0 0.0551624666507951 0 0 0 0
"41" 0.0892373889582321 0 0.0815415513083929 0 0 0 0 0.063484478581887 0 0 0 0 0.0885973685347067 0 0 0 0.134173242021397 0 0 0 0 0 0 0 0.178395035361131 0 0.0612209888950051 0 0 0 0 0 0 0 0 0.0694575959969254 0 0 0 0 0 0 0 0 0 0 0 0.0543000125288277 0.0644683336776846 0 0 0 0.0427831311131195 0 0 0 0 0 0 0 0 0 0 0 0 0 0 0 0 0 0 0 0 0 0 0 0 0 0 0 0 0 0 0.105251827784565
"42" 0 0 0 0 0 0 0 0 0.157733449549735 0 0 0 0 0.0805555458284296 0 0 0 0 0 0 0 0 0 0 0 0 0 0 0 0 0 0 0 0 0 0 0 0 0 0 0 0 0 0 0 0 0.0943276261987632 0 0 0 0 0 0 0 0 0 0.178594531396042 0 0 0 0.15402186358663 0 0 0 0 0 0 0 0 0 0 0 0 0 0 0 0 0 0 0 0 0 0 0.10940891706423
"43" 0 0 0 0 0 0 0.0978182000839197 0 0 0 0 0 0 0 0 0 0 0 0 0 0 0 0 0.101833157212428 0 0 0 0 0 0 0 0 0 0 0.204379269967972 0 0 0 0 0 0 0 0 0 0 0.12260700006294 0 0 0 0 0 0 0 0 0 0 0 0 0 0 0 0 0 0 0 0 0.0782514586857281 0.111071441370222 0 0 0 0 0.133102728267644 0 0 0 0 0.124076979776799 0 0 0.207670776043909 0.170793173137994 0 0
"44" 0 0 0 0 0 0.0492791716900835 0 0 0 0 0.0679569859232999 0 0 0 0 0 0 0 0 0.0656320477532779 0.0787834696185025 0 0.144007457071685 0 0 0 0 0 0 0 0 0 0 0 0 0 0 0 0 0 0 0 0 0 0 0 0 0 0 0.0797362830084397 0 0 0 0 0 0 0 0 0 0 0 0.0722746369056366 0 0 0 0.123531161046706 0 0 0 0 0.127892715930974 0 0 0 0 0.0838773771097788 0 0 0 0 0 0 0 0
"45" 0 0 0 0 0 0 0 0 0 0 0 0 0 0 0 0 0 0 0 0 0 0 0.177312338258024 0 0 0 0 0 0 0 0 0 0 0 0 0 0 0 0 0 0 0 0 0 0 0 0 0 0 0.127970048993696 0 0 0 0 0 0 0 0 0 0 0 0 0 0 0.0865240361292411 0 0 0 0 0.147895561864642 0 0 0 0 0 0 0 0 0 0 0 0 0 0
"46" 0 0 0 0 0 0 0 0 0 0 0 0 0 0 0 0 0 0 0 0 0 0 0 0.120571047585412 0 0 0 0 0.185834019960786 0 0.0961283669713732 0 0 0 0 0 0 0 0.106468920854054 0 0 0 0.114478028751109 0 0 0 0 0 0 0 0 0.0990755898723113 0 0 0 0 0 0 0 0 0 0 0 0 0 0 0.134206297602361 0.0898626053289009 0.09753901369741 0 0 0 0.100695990411233 0 0 0 0 0 0 0 0 0 0 0
"47" 0 0 0 0 0 0 0 0 0.172998019019661 0 0 0 0 0.0988983025623842 0 0.116574503511407 0 0 0 0 0 0 0 0 0 0 0 0 0 0 0 0 0 0 0 0 0 0 0 0 0 0.0992211582964495 0 0 0 0 0 0 0 0 0 0 0 0 0 0 0.213819986745609 0.11137130034177 0 0 0.154971256620336 0 0 0 0 0 0 0 0 0 0 0 0 0 0 0 0 0 0 0 0 0 0 0.190756627499554
"48" 0.0987546377272408 0.0465787194608641 0.0630339492295314 0 0 0.0626745262301357 0 0.0802855158322043 0 0 0.0371770819670173 0 0.0957145343013904 0 0 0 0.0844788261332094 0 0 0 0 0 0 0 0 0.0424583604132827 0.0619651012007763 0 0 0 0 0 0 0 0 0.0809147854566139 0 0 0 0 0.11417465285405 0 0 0 0 0 0 0 0.0573729077430516 0 0 0 0.070509964054622 0 0 0 0 0 0 0 0 0 0 0 0 0 0 0 0 0 0 0 0 0.110622072692331 0 0.115468516635908 0.0612150405549339 0 0.0855110264051673 0 0 0 0 0
"49" 0 0.035866808047634 0.0639616217588338 0.0644989090013925 0 0 0 0.0534934652803125 0 0 0 0 0 0 0 0 0.112708475713797 0 0 0 0 0 0 0 0.147776146083481 0.0582571599460076 0.0603023309234097 0 0 0 0 0 0 0 0 0.0801124444389533 0 0 0 0 0.0712034479580479 0 0 0 0 0 0 0.0627133429266238 0 0 0.0623721047399252 0 0.0775982797542213 0.137667904636038 0 0 0 0 0 0 0 0 0 0 0 0 0 0 0 0 0 0 0 0 0 0 0.0407788808241867 0 0 0 0 0 0 0
"50" 0 0 0 0 0 0 0 0 0 0 0 0 0 0 0 0 0 0 0.0844446227325259 0.0662754028149384 0.0908401886716069 0 0.166198515713218 0 0 0 0 0 0 0 0 0 0 0 0 0 0 0 0 0 0 0 0 0.0858144095865695 0.240373424541001 0 0 0 0 0 0 0 0 0 0 0 0 0 0 0 0 0 0 0 0 0.140189181054805 0 0 0 0 0.0847607197510196 0 0 0 0 0 0 0 0 0 0 0 0 0
"51" 0 0.0685297018862563 0 0.0701591197780506 0.108995182709341 0 0 0.0591491419835777 0 0 0.0595515826553613 0 0 0 0 0 0 0 0 0.086466839713356 0 0 0 0 0 0.0573209095701995 0 0 0 0 0 0 0 0 0 0.0695511496581108 0 0 0 0 0 0 0 0 0 0 0 0 0.0542868694088755 0 0 0 0.0846485786548222 0.134120579929784 0.243695154480095 0 0 0 0 0 0 0 0 0 0 0 0 0 0 0 0 0 0 0 0.0741899632947325 0 0.0649300566904054 0 0 0 0 0 0 0
"52" 0 0 0 0 0 0 0 0 0 0.0914800454802463 0 0 0 0 0.20723395312135 0 0 0 0 0 0 0 0 0 0 0 0 0 0 0 0 0 0 0 0 0 0 0 0.105299887028274 0 0 0 0 0 0 0.0562768139614704 0 0 0 0 0 0 0 0 0 0 0 0 0 0 0 0.0803808249532579 0 0 0 0.0951159192594877 0 0 0.0829354352752735 0 0.145293735865334 0 0 0 0 0 0 0 0.0873611319276275 0 0 0 0 0
"53" 0 0.0458706143533859 0.0814837582218393 0.0577606202111872 0 0.0864713794957709 0 0.0567245816982004 0 0 0.0433054512273282 0 0 0 0 0 0 0 0 0 0 0 0 0 0 0.0559954430701892 0.0832749814995775 0 0 0 0 0 0 0 0 0.0996744436844991 0 0 0 0 0.0536712499301893 0 0 0 0 0 0 0.0447726843018368 0.103894865999846 0 0.0571947913555271 0 0 0.11721484005911 0 0 0 0 0 0 0 0 0 0 0 0 0 0 0 0 0 0 0 0 0 0 0.0487448421645143 0 0 0 0 0 0 0
"54" 0 0.0604116326611923 0 0.0629081967153629 0 0 0 0.0739185211137414 0 0 0 0 0 0 0 0 0 0 0 0 0 0 0 0 0 0.055473057679754 0 0 0 0 0 0 0 0 0 0.0612758448095324 0 0 0 0 0 0 0 0 0 0 0 0 0.0747175447428535 0 0.0488315982066771 0 0.0743546632687851 0 0 0 0 0 0 0 0 0 0 0 0 0 0 0 0 0 0 0 0 0 0 0 0.0650909470606808 0 0 0 0 0 0 0
"55" 0 0 0 0.0772518575984307 0.210261190322658 0 0 0 0 0 0 0 0 0 0 0 0 0 0 0 0 0 0 0 0 0 0 0 0 0.156426964790597 0 0 0 0 0 0 0 0 0 0 0 0 0 0 0 0 0 0 0 0 0.0715390077230523 0 0 0 0 0 0 0 0 0 0 0 0 0 0 0 0 0 0 0 0 0 0 0 0.075846448630396 0 0 0 0 0 0 0 0 0
"56" 0 0 0 0 0.150066189161687 0 0 0 0 0 0 0 0 0 0 0 0 0 0.0953380378693426 0.0879624891602003 0 0 0 0 0 0 0 0 0 0.184452006615159 0 0 0 0 0 0 0 0 0 0 0 0 0 0 0 0 0 0 0 0 0 0 0 0 0 0 0 0 0 0.127993122417343 0 0 0 0 0 0 0 0 0 0 0 0 0 0 0.073564142722345 0 0 0 0 0 0 0 0 0
"57" 0 0 0 0 0 0 0 0 0.0909445430537777 0 0 0 0 0.0921730205352772 0 0 0 0 0 0 0 0 0 0 0 0 0 0 0 0 0 0 0 0 0 0 0 0 0 0 0 0.121777648683352 0 0 0 0 0.0921286754320365 0 0 0 0 0 0 0 0 0 0 0 0 0 0.23697636743658 0 0 0 0 0 0 0 0 0 0 0 0 0 0 0 0 0 0 0 0 0 0 0
"58" 0 0 0 0 0 0 0.050370328930248 0 0 0 0 0 0 0.0937092065250156 0 0.146247797491942 0 0 0 0 0 0 0 0 0 0 0 0 0 0 0 0 0 0 0 0 0 0.190114308998212 0 0 0 0 0 0 0 0 0.122464918078923 0 0 0 0 0 0 0 0 0 0 0 0.107348940813239 0 0 0 0 0 0 0 0 0 0 0 0 0 0 0 0 0 0 0 0 0 0 0 0.25770067231525 0
"59" 0 0 0 0 0 0 0.0644442541986045 0 0 0 0 0 0 0 0 0.171790134254108 0 0 0 0 0 0 0 0 0 0 0 0 0 0 0 0 0 0 0 0 0 0.218668060374281 0 0 0 0 0 0 0 0 0 0 0 0 0 0 0 0 0 0 0 0.127782545658829 0 0 0 0 0 0 0 0 0 0 0 0 0 0 0 0 0 0 0 0 0 0 0 0.199729368807685 0.215462923706234 0
"60" 0 0 0 0.0759880653323623 0.17992919718457 0 0 0 0 0 0 0 0 0 0 0 0 0 0.0767403775591391 0.0870802479616437 0.0709184349391025 0 0 0 0 0 0 0 0 0.209048433356772 0 0 0 0 0 0 0 0 0 0 0 0 0 0 0 0 0 0 0 0 0 0 0 0 0 0.138707070015485 0 0 0 0 0 0 0 0 0 0 0 0 0 0 0 0 0 0 0.0534706542336638 0 0 0 0 0 0 0 0 0
"61" 0 0 0 0 0 0 0 0 0.147799310719064 0 0 0 0 0.0883242683399215 0 0 0 0 0 0 0 0 0 0 0 0 0 0 0 0 0 0 0 0 0 0 0 0 0 0 0 0.178165475001761 0 0 0 0 0.105850153450899 0 0 0 0 0 0 0 0 0 0.204780230515006 0 0 0 0 0 0 0 0 0 0 0 0 0 0 0 0 0 0 0 0 0 0 0 0 0 0 0.101884660671044
"62" 0 0 0 0 0 0.0401573450533196 0 0 0 0.116385293623292 0 0 0 0 0 0 0 0 0 0 0 0 0 0 0 0 0.0536496129683076 0 0 0 0.103283549917918 0 0 0 0 0 0 0 0.0822317901767408 0 0 0 0 0.0985760893956201 0 0 0 0 0 0 0 0.0955414472978993 0 0 0 0 0 0 0 0 0 0 0 0 0 0.108581059409882 0 0 0.0995183288182793 0 0.188342491983896 0 0 0.110819024812288 0 0.0640235010127842 0 0 0.0613884963753671 0 0 0 0 0
"63" 0.0873404544003138 0 0 0 0 0 0.0879278682197183 0 0 0.0471813290292568 0 0 0.0921765414939514 0 0 0 0 0 0 0 0 0 0 0 0 0 0 0 0 0 0.0975045826800256 0 0 0 0 0 0 0 0.08580181677544 0 0 0 0 0 0 0 0 0 0 0 0 0 0 0 0 0 0 0 0 0 0 0 0 0 0 0 0 0 0 0 0 0 0 0.152586667126978 0 0 0 0 0.0754166600851014 0 0 0 0 0
"64" 0 0 0 0 0 0 0 0 0 0 0 0.0673801834987462 0 0 0 0 0 0 0 0 0 0.0924969872325517 0 0 0 0 0 0 0 0 0 0 0 0.114453124155658 0 0 0.0952596971464858 0 0 0.098782858998956 0 0 0 0 0 0 0 0 0 0 0 0 0 0 0 0 0 0 0 0 0 0 0 0 0.0792730773723762 0 0 0 0 0 0 0.114629827530278 0 0 0 0 0 0 0 0.10559145020339 0 0 0 0
"65" 0 0 0 0 0 0 0 0 0 0 0 0 0 0 0 0 0 0 0 0 0 0 0 0 0 0 0 0.0932434872778057 0 0 0 0 0.0776148550997585 0.133816991366561 0 0 0.106585243208954 0 0 0.0505955269622349 0 0 0 0 0.235294855867704 0 0 0 0 0 0 0 0 0 0 0 0 0 0 0 0 0 0 0.0909994731775762 0 0 0 0 0 0.15191857040541 0 0.0559646244987002 0 0 0 0 0 0 0 0.098413201167192 0 0 0 0
"66" 0 0 0 0 0 0 0 0 0 0 0 0 0 0 0 0 0 0 0 0 0 0 0.074353020175008 0 0 0 0 0.0965508053834602 0 0 0 0 0 0 0 0 0 0 0 0 0 0 0 0.103428506078256 0 0 0 0 0 0.120106275140649 0 0.0869199804886386 0 0 0 0 0 0 0 0 0 0.0727848869061005 0 0 0 0 0 0 0.121021114079346 0 0.167766283982454 0 0 0 0 0 0 0 0 0 0 0 0 0
"67" 0 0 0 0 0 0 0 0 0 0 0 0 0 0 0 0 0 0 0 0 0 0 0 0.102689778400365 0 0 0 0 0 0 0 0 0 0 0 0 0 0 0 0 0 0 0.118578467152178 0 0 0.133922639660003 0 0 0 0 0 0 0 0 0 0 0 0 0 0 0 0 0 0 0 0 0 0.144150837745297 0 0 0 0 0.0898836127553866 0 0 0 0 0.160501059401058 0 0 0.213319084420165 0.122183282357795 0 0
"68" 0 0 0 0 0 0 0.111135790185779 0 0 0 0 0 0 0 0 0 0 0 0 0 0 0 0 0.130711093772659 0 0 0 0 0 0 0 0 0 0 0.181539684328789 0 0 0 0 0 0 0 0.0998297265816961 0 0 0.132124813364656 0 0 0 0 0 0 0 0 0 0 0 0 0 0 0 0 0 0 0 0 0.130990911659607 0 0 0 0 0 0.103799099769222 0 0 0 0 0.177923273816967 0 0 0.222761846433296 0.129550151931681 0 0
"69" 0 0 0 0 0 0 0 0 0 0.10571074103997 0 0 0 0 0.197556230362492 0 0 0 0 0 0 0 0 0.132874808092834 0 0 0 0 0 0 0.0998837412082176 0 0 0 0 0 0 0 0.112588035400551 0 0 0 0 0 0 0.13965604021393 0 0 0 0 0 0.0831339898889578 0 0 0 0 0 0 0 0 0 0.0803589674876387 0 0 0 0.0817638446882472 0 0 0 0 0 0 0.080469384453793 0 0 0 0 0 0 0 0 0 0 0
"70" 0 0 0 0 0 0 0 0 0 0 0 0 0 0 0 0 0 0 0 0 0 0 0 0 0 0 0 0.102061570108781 0 0 0 0 0 0.0872091320130097 0 0 0.088355050087127 0 0 0.0693738927480062 0 0 0 0 0.1630180170513 0 0 0 0 0 0 0 0 0 0 0 0 0 0 0 0 0 0 0 0.113260229846809 0 0 0 0 0 0 0.117016296038989 0 0 0 0 0 0 0 0 0 0 0 0
"71" 0 0 0 0 0 0 0 0 0 0 0 0 0 0 0 0 0 0 0 0 0 0 0.148998552599945 0 0 0 0 0.0644070221741256 0 0 0 0 0 0 0 0 0 0 0 0 0 0 0 0.124526931308814 0 0 0 0 0 0.123207222153054 0 0.101317349351419 0 0 0 0 0 0 0 0 0 0.0690947092140639 0 0 0 0.105923207411537 0 0 0 0 0 0 0 0 0 0 0 0 0 0 0 0 0 0
"72" 0 0 0 0 0 0 0 0 0 0 0 0.13453744619272 0 0 0 0 0 0 0 0 0 0.0976581722203137 0 0 0 0 0 0.100164363561449 0 0 0 0 0.0740000656556894 0.0751255240217134 0 0 0.0912982333455404 0 0 0.088791199500547 0 0 0 0 0 0 0 0 0 0 0 0 0 0 0 0 0 0 0 0 0 0 0 0.138050406043413 0.102760556031088 0 0 0 0 0.139457947312859 0 0 0 0 0 0 0 0 0 0.0578101635862137 0 0 0 0
"73" 0 0 0 0 0 0 0 0 0 0 0 0 0 0 0 0 0 0 0 0 0 0 0 0.116688669751749 0 0 0 0 0.193130684063319 0 0 0 0 0 0 0 0 0 0.154218124905672 0 0 0 0.0860800664307395 0 0 0.098948764992339 0 0 0 0 0 0 0 0 0 0 0 0 0 0 0 0 0 0 0 0 0.123899280216818 0.110047000336819 0.09990628299818 0 0 0 0 0 0 0 0 0 0 0 0 0 0 0
"74" 0.120008746968425 0 0 0 0 0 0 0 0 0.108434441467588 0 0 0.103569313337326 0 0 0 0 0 0 0 0 0 0 0 0 0 0.0563951638090369 0 0 0 0.0910160373316242 0 0 0 0 0 0 0 0 0 0 0 0 0 0 0 0 0.0486029836937701 0 0 0 0 0 0 0 0 0 0 0 0 0 0.0630136664873819 0.114533504632714 0 0 0 0 0 0 0 0 0 0 0 0 0 0 0 0.0574286717122812 0 0 0 0 0
"75" 0 0.0402652470627619 0 0.0823954583499574 0.134937134736949 0 0 0 0 0 0.056488594717659 0 0 0 0 0 0 0 0.0918062106249795 0.0592530022739366 0.0766182910164875 0 0 0 0 0.0650098363413515 0 0 0 0.249694621284959 0 0 0 0 0 0 0 0 0 0 0 0 0 0 0 0 0 0 0 0 0.0806373499734891 0 0 0 0.201996289223278 0.20019065254378 0 0 0 0.166943474051299 0 0 0 0 0 0 0 0 0 0 0 0 0 0 0 0 0.0482947126997271 0 0 0 0 0 0 0
"76" 0 0 0.0694513364365852 0 0 0.0652207426130325 0 0 0 0.0911493550337147 0.0526901651306287 0 0 0 0 0 0 0 0 0.0487381797754339 0.0490715000727074 0 0 0 0 0.0460190004102516 0.0844406988808823 0 0 0 0 0 0 0 0 0 0 0 0 0 0 0 0 0.118606700049369 0 0 0 0.0489644064443284 0 0 0 0 0 0 0 0 0 0 0 0 0 0.0703450485109914 0 0 0 0 0 0 0 0 0 0 0 0 0 0 0.0459618543808269 0 0.0746724800812943 0 0 0 0 0
"77" 0 0.0546555164090267 0.0477678199255313 0.0467381951663946 0 0.0765550958483757 0 0.0803562023382801 0 0 0.0578709527855682 0 0 0 0 0 0 0 0.0965513772730676 0.055323076605625 0.092661605880404 0 0 0 0 0.0552416105997522 0.0608968902626562 0 0 0 0 0 0 0 0 0.069957545052692 0 0 0 0 0 0 0 0 0 0 0 0.0757423829266513 0.0886747538068643 0 0.055766882065152 0 0.0903454669543163 0.0850416268462205 0 0 0 0 0 0 0 0 0 0 0 0 0 0 0 0 0 0 0 0 0.0722120924763476 0.0566314341231475 0 0 0 0 0 0 0 0
"78" 0 0 0 0 0 0 0 0 0 0 0 0 0 0 0 0 0 0 0 0 0 0 0 0 0 0 0 0 0 0 0 0 0 0 0.13781124665169 0 0 0 0 0 0 0 0.150289979042677 0 0 0 0 0 0 0 0 0 0 0 0 0 0 0 0 0 0 0 0 0 0 0 0.11150656189271 0.101131983198298 0 0 0 0 0 0 0 0 0 0 0 0 0.283164746561016 0.202752726034101 0 0
"79" 0.0688184832338886 0 0.0658957289638487 0 0 0.0615528253477012 0 0 0 0.11491121510271 0 0 0.0664346373155885 0 0 0 0 0 0 0 0 0 0 0 0 0 0.0619074928457364 0 0 0 0.0978403153785554 0 0 0 0 0 0 0 0.0883786832275081 0 0 0 0 0 0 0 0 0.0254357217203839 0 0 0 0.12504653163306 0 0 0 0 0 0 0 0 0 0.0818031319113628 0.130426205851513 0 0 0 0 0 0 0 0 0 0 0.151226590346989 0 0.0765710884977014 0 0 0 0 0 0 0 0
"80" 0 0 0 0 0 0 0 0 0 0 0 0.108884548210425 0 0 0 0 0 0.147119382500873 0 0 0 0.119886625136473 0 0 0 0 0 0.0767172603987938 0 0 0 0 0.0900222513841734 0.0975825804493813 0 0 0.0998921195638051 0 0 0.075755097647209 0 0 0 0 0 0 0 0 0 0 0 0 0 0 0 0 0 0 0 0 0 0 0 0.174881320386841 0.0943288945320174 0 0 0 0 0 0 0.0935495869998721 0 0 0 0 0 0 0 0 0 0 0 0
"81" 0 0 0 0 0 0 0 0 0 0 0 0 0 0 0 0 0 0 0 0 0 0 0 0 0 0 0 0 0 0 0 0 0 0 0 0 0 0 0 0 0 0 0.0896926132609197 0 0 0 0 0 0 0 0 0 0 0 0 0 0 0 0 0 0 0 0 0 0 0 0.0713493702901113 0.10207293018472 0 0 0 0 0 0 0 0 0 0.181706004669897 0 0 0 0 0 0
"82" 0 0 0 0 0 0 0.117573858110387 0 0 0 0 0 0 0 0 0 0 0 0 0 0 0 0 0 0 0 0 0 0 0 0 0 0 0 0.183298749144584 0 0 0 0 0 0 0 0.1085548983337 0 0 0 0 0 0 0 0 0 0 0 0 0 0 0 0.143557273938797 0 0 0 0 0 0 0 0.131782698770982 0.0577373172806766 0 0 0 0 0 0 0 0 0 0.110974184620209 0 0 0 0 0 0
"83" 0 0 0 0 0 0 0.0916545727602841 0 0 0 0 0 0 0 0 0.165108086315667 0 0 0 0 0 0 0 0 0 0 0 0 0 0 0 0 0 0 0 0 0 0.184564794273408 0 0 0 0 0 0 0 0 0 0 0 0 0 0 0 0 0 0 0 0.19483136128276 0.171714500788071 0 0 0 0 0 0 0 0 0 0 0 0 0 0 0 0 0 0 0 0 0 0 0 0 0
"84" 0.0906603447343286 0 0 0 0 0 0 0 0.182162787952014 0 0 0 0 0.118290804213859 0 0 0.111085596806166 0 0 0 0 0 0 0 0.232616374046462 0 0 0 0 0 0 0 0 0 0 0 0 0 0 0 0.0671006051107857 0.196047952863458 0 0 0 0 0.144379611711239 0 0 0 0 0 0 0 0 0 0 0 0 0 0.134950484177302 0 0 0 0 0 0 0 0 0 0 0 0 0 0 0 0 0 0 0 0 0 0 0
