"V1" "V2" "V3" "V4" "V5" "V6" "V7" "V8" "V9" "V10" "V11" "V12" "V13" "V14" "V15" "V16" "V17" "V18" "V19" "V20" "V21" "V22" "V23" "V24" "V25" "V26" "V27" "V28" "V29" "V30" "V31" "V32" "V33" "V34" "V35" "V36" "V37" "V38" "V39" "V40" "V41" "V42"
"1" 0 0 0 0.0877316553112047 0.0623180274461771 0 0 0 0 0 0 0 0.104299105530742 0 0 0 0 0 0 0 0 0.0976118903238608 0.0898499873746169 0 0 0 0 0 0 0.0591567325212025 0 0 0.106338981215919 0 0 0.101111711316238 0 0.0641622316856521 0.0807083782998102 0 0 0.06573627541647
"2" 0 0 0 0 0 0 0 0 0 0 0 0 0 0 0 0 0 0 0.223075215147923 0 0 0 0 0 0 0.196966717622641 0 0 0 0 0 0 0 0 0 0 0.141653921277156 0 0 0 0 0
"3" 0 0 0 0 0 0 0 0 0 0 0 0 0 0 0.182110424540266 0 0 0 0 0 0 0.110428238701742 0 0 0 0 0 0 0 0 0.0983670705730554 0 0 0 0 0 0 0 0.0902642105126557 0 0 0
"4" 0.0758134095399684 0 0 0 0.0682268840617763 0 0 0 0 0 0 0 0.0801129632186244 0 0 0 0 0 0 0 0 0.0800146621473783 0.0876916425333739 0 0 0 0.149162978058445 0 0 0.0695023062327417 0 0 0.0499738655109716 0.0811851383787679 0 0.0724870264284014 0 0.0769615223741645 0.0775704428469011 0 0 0.0973705414280323
"5" 0.0849377571916467 0 0 0.0791636353444979 0 0 0 0 0 0 0 0 0.088608655393765 0 0 0 0 0 0 0 0 0.093744126406785 0.124829829439861 0 0 0 0.125955400861684 0 0 0.058476622464177 0 0 0.0854848797908918 0.0911944421595329 0 0.094015712235946 0 0.045758291617014 0.0855359062587785 0 0 0.0843914852191456
"6" 0 0 0 0 0 0 0 0 0 0.109819009906084 0.123938607561638 0 0 0 0 0 0.0843637258346118 0.0781392379962866 0 0 0 0 0 0 0.090561409883975 0 0 0.122758963021427 0 0.0619064180231517 0.0815182764446649 0.0630087065137003 0 0 0 0 0 0.0786629249825973 0 0 0.0769034676421395 0
"7" 0 0 0 0 0 0 0 0 0.149077564656349 0 0 0.103957176162757 0 0.157539260195574 0.13493069342524 0.251855669037363 0 0 0 0 0.173207996765864 0 0 0 0 0 0 0 0.105768988019196 0 0.112542646646024 0.0761031815715159 0 0 0 0 0 0 0 0 0 0
"8" 0 0 0 0 0 0 0 0 0 0 0 0 0 0 0 0 0 0 0 0 0 0 0 0 0 0 0.115995144138424 0 0 0 0 0 0 0.0821803448363473 0.199829391558926 0 0.166278280909058 0 0 0 0 0
"9" 0 0 0 0 0 0 0.127199281632485 0 0 0 0 0.15430691049802 0 0.130639972650898 0.120353389486139 0.135764662012476 0 0 0 0 0.156848450278183 0 0 0 0 0 0 0 0.0949227513270296 0 0 0.0660757617582652 0 0 0 0 0 0 0 0 0 0
"10" 0 0 0 0 0 0.101395884034284 0 0 0 0 0.0874459834382568 0 0 0 0 0 0.0910759469970483 0.0688007985622987 0 0.106091321654199 0 0 0 0.095518194255267 0.0778462631091702 0 0 0.0996701577145946 0 0 0 0.0663659691781903 0 0 0 0 0.16337527918324 0 0 0.130339132168865 0.0885732436173651 0
"11" 0 0 0 0 0 0.0753213802570117 0 0 0 0.0726653399312375 0 0 0 0 0 0 0 0.0814736761672255 0 0 0 0 0 0 0.0938620158863142 0 0 0.08135621125309 0 0.0681255974267399 0.100816662316617 0 0 0.0627844983131033 0 0 0 0.0627872542253106 0.0463554189490961 0 0 0
"12" 0 0 0 0 0 0 0.0957768260214036 0 0.163771338703345 0 0 0 0 0.188714409048816 0 0 0 0 0 0 0.148556750668361 0 0 0 0 0 0 0 0.103854688831149 0 0 0.0742307410777181 0 0 0 0 0 0 0 0 0 0
"13" 0.091034570235933 0 0 0.0638450503797722 0.0892778103146441 0 0 0 0 0 0 0 0 0 0 0 0 0 0 0 0 0 0.0861217310695209 0 0 0 0.175667256608828 0 0 0.0748562361030494 0 0 0.0645091870807516 0.0838978513799508 0.156273776060426 0.0931726419734918 0 0 0 0 0 0.0850720230297784
"14" 0 0 0 0 0 0 0.115491526996427 0 0.137192708938165 0 0 0.205627997000601 0 0 0 0 0 0 0 0 0.119527281583033 0 0 0 0 0 0 0 0.0985329709030422 0 0 0.0779079750665468 0 0 0 0 0 0 0 0 0 0
"15" 0 0 0.247019493836803 0 0 0 0.100617513899355 0 0.109657603194759 0 0 0 0 0 0 0.225310784427681 0 0 0 0 0 0 0 0 0 0 0 0 0 0 0.0985050350799871 0 0 0 0 0 0 0 0.0741594707110699 0 0 0
"16" 0 0 0 0 0 0 0.0941917489732307 0 0.120855323091048 0 0 0 0 0 0.164357755407457 0 0 0 0 0 0 0 0 0 0 0 0 0 0 0 0.0949727968974509 0 0 0 0 0 0 0 0.0672761266906065 0 0 0
"17" 0 0 0 0 0 0.0803715679095341 0 0 0 0.0661491730639498 0 0 0 0 0 0 0 0.0695587031687733 0 0.0643783537787583 0 0 0 0.0910508123166418 0.0861489694795917 0 0 0 0.11739653107995 0 0 0.051312169025268 0 0 0 0 0 0 0 0.0905169558206851 0.090987519826149 0
"18" 0 0 0 0 0 0.0788543755630985 0 0 0 0.0910222084463265 0.113151227651296 0 0 0 0 0 0.132556650190239 0 0 0.101145856961373 0 0 0 0.144717534732588 0.0680809736065893 0 0 0.0908338091131071 0 0 0 0.0497354745197405 0 0 0 0 0.130062556411656 0.0508228312270763 0 0.120536962738814 0.0912042433009661 0
"19" 0 0.365946031077289 0 0 0 0 0 0 0 0 0 0 0 0 0 0 0 0 0 0.124438032028207 0 0 0 0 0 0.21101507366644 0 0 0 0 0 0 0 0 0 0 0.143654905923937 0 0 0.12715877824566 0 0
"20" 0 0 0 0 0 0 0 0 0 0.0871126664841831 0 0 0 0 0 0 0.0983775480308579 0.0676444200221611 0.187167587368676 0 0 0 0 0.121736467503016 0.100642410656101 0.237629966526104 0 0 0 0 0 0.0849150505474224 0 0 0 0 0 0 0 0.118741864808055 0.103679869169139 0
"21" 0 0 0 0 0 0 0.116193495801183 0 0.137409640675962 0 0 0.186604601834399 0 0.141860140139058 0 0 0 0 0 0 0 0 0 0 0 0 0 0 0.117084349925058 0 0 0.0506755819220252 0 0 0 0 0 0 0 0 0 0
"22" 0.0645280056284779 0 0.286436469264655 0.0615885712307736 0.105493080748366 0 0 0 0 0 0 0 0 0 0 0 0 0 0 0 0 0 0.0734173553919488 0 0 0 0 0 0 0.0586577846848034 0.101839710736092 0 0.0901581061465831 0 0 0 0 0.0641782458877912 0.0446338871467767 0 0 0.108162808259145
"23" 0.0949122696502294 0 0 0.0664212119012917 0.100298141735891 0 0 0 0 0 0 0 0.0944795847240386 0 0 0 0 0 0 0 0 0.077662148440883 0 0 0 0 0 0 0 0.0780142503750164 0 0 0.0972872130367105 0 0 0.0735654221645547 0 0.0542142404326068 0.0743727248409935 0 0 0.0816206851289999
"24" 0 0 0 0 0 0 0 0 0 0.0332359417357729 0 0 0 0 0 0 0.0795186887003613 0.092828327142588 0 0.110955147796702 0 0 0 0 0.0851150239263005 0 0 0 0.11756115708941 0 0 0.0549260015726814 0 0 0 0 0 0 0 0.125700538445984 0.0892954246487731 0
"25" 0 0 0 0 0 0.0933637216685759 0 0 0 0.0630129872251979 0.064808742513383 0 0 0 0 0 0.137164026259521 0.0970331239364403 0 0.0965542614809641 0 0 0 0.108399271884615 0 0 0 0.0736002901723653 0.0786821313404407 0 0 0.0392308360026335 0 0 0 0 0 0 0 0.10818862178255 0.0833946624093306 0
"26" 0 0.245886074733589 0 0 0 0 0 0 0 0 0 0 0 0 0 0 0 0 0.146414107911996 0.132189586947349 0 0 0 0 0 0 0 0 0 0 0 0 0 0 0 0 0.160897936199645 0 0 0.114855717689482 0 0
"27" 0 0 0 0.0855625336220748 0.0693148373680628 0 0 0.199980927347817 0 0 0 0 0.0797123718805428 0 0 0 0 0 0 0 0 0 0 0 0 0 0 0 0 0 0 0 0 0.092984055709056 0.187346616610949 0.0899370124799495 0 0 0 0 0 0
"28" 0 0 0 0 0 0.107937844482101 0 0 0 0.0757975182815385 0.12002203239008 0 0 0 0 0 0 0.0673481966228166 0 0 0 0 0 0 0.0689225564419348 0 0 0 0 0.0765814997866152 0.0884574395644411 0.0615897153321863 0 0.0845479667450061 0 0 0 0.0455519032867865 0 0 0 0
"29" 0 0 0 0 0 0 0.132897251016091 0 0.140092666072274 0 0 0.192740185084766 0 0.155147987927533 0 0 0.101435322276094 0 0 0 0.195891542995995 0 0 0.096017370491037 0.0749280582343024 0 0 0 0 0 0 0.0716746343360163 0 0 0 0 0 0 0 0 0.0871708798839472 0
"30" 0.166557964434189 0 0 0.0701003014666214 0.0816446364504529 0.0965476751574473 0 0 0 0 0.0903314300088058 0 0.093449444425197 0 0 0 0 0 0 0 0 0.0872565337335381 0.080049858838245 0 0 0 0 0.136490617812038 0 0 0.0967315164328613 0 0.0855818745561829 0.0479598347093102 0 0.0971888774674464 0 0.0333722012920059 0.0689395777222896 0 0 0.0752513645529896
"31" 0 0 0.273286471747349 0 0 0.126334256889756 0.106148418314675 0 0 0 0.10222644842848 0 0 0 0.179375898607737 0.236274901150069 0 0 0 0 0 0.119181053348646 0 0 0 0 0 0.103877590398136 0 0.062766719357863 0 0 0 0 0 0 0 0.0755461533208796 0.0682541729581855 0 0 0
"32" 0 0 0 0 0 0.0931405987396013 0.121852120737757 0 0.148831351084259 0.0777054454170388 0 0.21327830575742 0 0.149900645001595 0 0 0.0922274590820967 0.0533611207339976 0 0.0543179763338315 0.163938400977645 0 0 0.112855459253716 0.0802796311189375 0 0 0.0931213786785792 0.099654773608305 0 0 0 0 0 0 0 0 0 0 0 0.0857154027582957 0
"33" 0.123195159718263 0 0 0.0940057257169291 0.0940018357915967 0 0 0 0 0 0 0 0.0731744912656969 0 0 0 0 0 0 0 0 0.100573618252278 0.065237051325265 0 0 0 0 0 0 0.0660020566198307 0 0 0 0.0580448860173328 0 0.0958566337727114 0 0.0680911866438095 0.0570626720945659 0 0 0.0893723269917725
"34" 0 0 0 0.0790934818575234 0.0642938879411189 0 0 0.220283545985063 0 0 0.0649651910917438 0 0.107317784808042 0 0 0 0 0 0 0 0 0 0 0 0 0 0.135991180450392 0.0805980500225219 0 0.0635831722384536 0 0 0.0760288744948037 0 0.252652516794135 0.0805967955337572 0 0.0718514349656976 0 0 0 0.119840443584477
"35" 0 0 0 0 0 0 0 0.210321854076898 0 0 0 0 0.0900917070742694 0 0 0 0 0 0 0 0 0 0 0 0 0 0.0570318116716073 0 0 0 0 0 0 0.0853943825050535 0 0.0832296830021278 0 0 0 0 0 0
"36" 0.0615348117071424 0 0 0.103479507992076 0.086023482438471 0 0 0 0 0 0 0 0.128906839228674 0 0 0 0 0 0 0 0 0 0.0905941601705824 0 0 0 0.110556712955351 0 0 0.0616056126073047 0 0 0.080400722843994 0.100289533955787 0.231927060895214 0 0 0 0 0 0 0.0868986226822378
"37" 0 0.249262856295075 0 0 0 0 0 0.159867835268349 0 0.0914689558428831 0 0 0 0 0 0 0 0.0782313079325709 0.17267098654645 0 0 0 0 0 0 0.202470869530298 0 0 0 0 0 0 0 0 0 0 0 0 0 0 0 0
"38" 0.11606547197531 0 0 0.0907232041973622 0.0625806334067485 0.0779263316370297 0 0 0 0 0.0815301969902799 0 0 0 0 0 0 0.0764416046840268 0 0 0 0.082079688096645 0.129769375952207 0 0 0 0 0.0994169513966719 0 0.0466104253364736 0.0956287262407213 0 0.0858319340448054 0.0869920795484662 0 0 0 0 0.0592182607965913 0 0 0.111728544093847
"39" 0.0979198455122293 0 0.241995674266268 0.0587859081728033 0.0489099818956388 0 0 0 0 0 0.101310914757388 0 0 0 0.161057137958037 0.291143462455406 0 0 0 0 0 0.0802977514912131 0.0817368298841322 0 0 0 0 0 0 0.0469794886645201 0.0879534447510668 0 0.0598074042234686 0 0 0 0 0.064146007648939 0 0 0 0.0774980899769279
"40" 0 0 0 0 0 0 0 0 0 0.102244441260825 0 0 0 0 0 0 0.114859298931365 0.0867298609498638 0.157526311642212 0.106203235414052 0 0 0 0.0921561347119303 0.0894392010758696 0.249381826778367 0 0 0 0 0 0 0 0 0 0 0 0 0 0 0.105563809896233 0
"41" 0 0 0 0 0 0.0885828125068403 0 0 0 0.063372993297972 0 0 0 0 0 0 0.0894234329676846 0.069879398145454 0 0.101305450850248 0 0 0 0.114303585599833 0.0838594194209258 0 0 0 0.129720004729318 0 0 0.0741124649493812 0 0 0 0 0 0 0 0.0734129264533339 0 0
"42" 0.0956627312339929 0 0 0.0851484792274485 0.0843222950307513 0 0 0 0 0 0 0 0.109419825670136 0 0 0 0 0 0 0 0 0.0909616865033017 0.0868596073296972 0 0 0 0 0 0 0.0705564552257599 0 0 0.0616665341401244 0.075573465647026 0 0.0679463457470189 0 0.0687794228459435 0.0926048023695385 0 0 0
