"V1" "V2" "V3" "V4" "V5" "V6" "V7" "V8" "V9" "V10" "V11" "V12" "V13" "V14" "V15" "V16" "V17" "V18" "V19" "V20" "V21" "V22" "V23" "V24" "V25" "V26" "V27" "V28" "V29" "V30" "V31" "V32" "V33" "V34" "V35" "V36" "V37" "V38" "V39" "V40" "V41" "V42" "V43" "V44" "V45" "V46" "V47" "V48" "V49" "V50" "V51" "V52" "V53" "V54" "V55" "V56" "V57" "V58" "V59" "V60" "V61" "V62" "V63" "V64" "V65" "V66" "V67" "V68" "V69" "V70" "V71" "V72" "V73" "V74" "V75" "V76" "V77" "V78" "V79" "V80" "V81" "V82" "V83" "V84"
"1" 0 0 0.274600147739794 0 0 0 0 0 0 0 0 0 0 0 0 0 0 0 0 0 0 0 0 0 0 0 0 0 0 0 0 0.181789961311876 0 0 0 0 0 0 0 0 0 0.10938774472963 0 0 0 0.180984879984229 0 0 0 0 0.278012658683773 0 0 0 0 0 0 0 0 0 0 0 0 0 0 0 0 0.271554271226733 0 0 0 0 0 0 0 0 0 0 0 0 0 0 0 0
"2" 0 0 0 0 0 0 0 0 0 0 0 0 0 0.0720879373280569 0 0.0927950384916281 0 0.0742763620000914 0 0 0 0 0 0 0 0 0 0.0989299221086489 0 0 0 0 0 0.0652711899900197 0 0.0883281104319643 0.100456840326306 0.0887931215780863 0 0 0 0 0 0 0 0 0 0 0 0 0 0 0 0 0 0 0 0.105380217959924 0 0 0 0 0 0.0535992130102322 0 0 0 0 0 0 0.103768099335841 0 0 0 0 0 0.0924296313072434 0 0 0 0 0 0 0
"3" 0.178786815508066 0 0 0 0 0 0 0 0 0 0 0 0 0 0 0 0 0 0 0 0 0 0 0 0 0 0 0 0 0 0 0.180783714188563 0 0 0 0 0 0 0 0 0 0 0 0 0 0.130201351030251 0 0 0 0 0 0 0 0 0 0 0 0 0 0 0 0 0 0 0 0 0 0.176257389590034 0 0 0 0 0 0 0 0 0 0 0 0 0 0 0 0
"4" 0 0 0 0 0 0 0 0 0 0 0 0 0 0 0 0 0.155642039071094 0 0 0.0514170116136469 0 0 0 0 0 0 0 0 0 0 0 0 0 0 0 0 0 0 0 0 0.0610112490229202 0 0 0 0 0 0 0 0 0 0 0 0 0 0 0 0 0 0 0 0 0 0 0 0 0.167863515610464 0 0 0 0 0 0.20939412511874 0 0 0 0 0 0 0 0 0 0 0 0
"5" 0 0 0 0 0 0.0653825409839606 0 0.0930583010937714 0 0 0 0 0 0 0.128520010629722 0 0 0 0 0 0 0 0 0 0 0 0 0 0 0 0 0 0 0 0 0 0 0 0 0 0 0 0 0 0 0 0 0 0 0 0 0.0615152830274116 0 0 0 0 0 0 0 0 0.0681604226428194 0 0 0 0 0 0 0 0 0 0 0 0.0718886876603591 0 0 0.071986747411612 0 0.0600869145460417 0 0 0 0.0740407593838793 0.14551478140851 0
"6" 0 0 0 0 0.123165223788661 0 0 0.0861181746920544 0 0 0.0749989627020084 0 0 0 0.0874569518762458 0 0 0 0 0 0 0 0.0491223004732576 0 0 0 0.0720481539784338 0 0 0 0 0 0 0 0.0776389933442213 0 0 0 0 0 0 0 0 0 0 0 0 0 0 0 0 0.0798893560902281 0 0 0.0505376048571002 0 0.0938803482961211 0 0 0 0.0368674143324675 0 0 0 0 0 0 0 0 0 0 0 0.0780188544058707 0 0 0.0873419431252408 0 0.067037112329463 0 0 0 0 0.110102407595347 0
"7" 0 0 0 0 0 0 0 0 0.0850768718196718 0 0 0 0 0 0 0 0.132850298097865 0 0.0994012546955638 0.0681779475406429 0 0 0 0 0 0 0 0 0 0 0 0 0 0 0 0 0 0 0 0 0.0622804046627392 0 0 0 0 0 0.100834047006982 0 0 0 0 0 0 0 0 0 0 0 0.090924375106614 0.0737054832804515 0 0.053780926469286 0.0814766852732356 0 0 0 0 0 0.107316069436142 0.0793907270129679 0 0 0 0 0 0 0 0 0 0 0.0647153007065733 0.0665935938136642 0 0
"8" 0 0 0 0 0.0734867848567912 0.0408797196542968 0 0 0 0 0 0 0 0 0.101699248071293 0 0 0 0 0 0 0 0 0 0 0 0 0 0 0 0 0 0 0 0 0 0 0 0 0 0 0 0 0 0 0 0 0 0 0 0 0.0521676500741953 0 0.183319559533793 0.0710400739030826 0 0 0 0 0 0.0641844084429495 0 0 0 0 0 0 0 0 0 0 0 0.0843297842522157 0 0.0943820364191687 0 0 0.0693908709873419 0 0.105152040460226 0 0.0716189422073657 0.151339495026413 0
"9" 0 0 0 0 0 0 0.0605391802028084 0 0 0 0 0 0 0 0 0 0.110676450829984 0 0 0.100781154214182 0 0 0 0.0937855674369091 0 0 0 0 0 0 0 0 0 0 0 0 0 0 0.0756574673663733 0.149597906168195 0.0953344374077408 0 0 0 0 0 0 0 0 0 0 0 0 0 0 0 0 0 0.0779081410297804 0.0531020514382952 0 0.0971551610262169 0 0 0 0.147117863247833 0 0 0 0 0 0 0 0 0 0 0 0 0 0 0.0771176007510326 0 0 0
"10" 0 0 0 0 0 0 0 0 0 0 0 0 0 0 0 0 0 0 0 0 0 0 0 0 0 0 0 0 0.152565964021291 0 0.0674860164460781 0 0 0 0 0 0 0 0 0 0 0.118024239646632 0 0 0 0 0 0 0 0 0.247144099703425 0 0 0 0 0 0 0 0 0 0 0 0 0 0 0 0 0 0 0 0 0 0 0 0 0 0 0 0 0 0 0 0 0
"11" 0 0 0 0 0 0.0665929192393256 0 0 0 0 0 0.0644149699307577 0 0 0 0 0 0 0 0 0 0 0 0 0 0 0 0 0 0 0.107526007340768 0 0 0 0 0 0 0 0 0 0 0.121345540991239 0 0 0 0 0 0.0884613855328917 0 0 0 0 0 0 0.082027152933767 0 0.0972108451862588 0 0 0 0.0593960343829854 0 0 0 0 0 0.130348488850967 0 0 0 0 0 0 0 0 0 0 0.0487465793134915 0 0.0925766044853938 0 0 0 0
"12" 0 0 0 0 0 0 0 0 0 0 0.114586807302431 0 0 0 0 0 0 0 0 0 0 0 0 0 0 0 0 0 0.18640982259469 0 0.0673842078707609 0 0 0 0 0 0 0 0 0 0 0 0.253039191890625 0 0 0 0 0.0834566739786475 0 0 0 0 0 0 0.0694216136028118 0 0.0995229202850988 0 0 0 0.0549762210879426 0 0 0 0 0 0.128010493175757 0 0 0 0 0 0 0 0 0 0 0 0 0.0788548192655141 0 0 0 0.166252615588212
"13" 0 0 0 0 0 0 0 0 0 0 0 0 0 0 0 0 0 0 0 0 0 0 0 0 0 0 0 0 0 0 0 0 0 0 0 0 0 0 0 0 0 0 0 0 0 0 0 0 0 0 0 0 0 0.142989932426284 0.0641500651459574 0 0 0 0 0 0 0 0 0 0 0 0 0 0 0 0 0 0.050641671999683 0 0.152299004608652 0 0 0 0 0.107513970598135 0 0 0 0
"14" 0 0.0951965835876161 0 0 0 0 0 0 0 0 0 0 0 0 0 0.0676203722552313 0 0.065185892506239 0 0 0 0 0 0 0 0 0 0.135181277198601 0 0 0 0 0 0.0887142127987416 0 0.0612236275016341 0.081129447519721 0.102809620476778 0 0 0 0 0 0 0 0 0 0 0 0 0 0 0 0 0 0 0 0.124239009133254 0 0 0 0 0 0 0 0 0 0 0 0 0.0829971686679102 0 0 0 0 0 0.0553996875432314 0 0 0 0 0 0 0
"15" 0 0 0 0 0.129072010722935 0.0807970818468159 0 0.0599947059040159 0 0 0 0 0 0 0 0 0 0 0 0 0 0 0 0 0 0 0.0710220553075394 0 0 0 0 0 0 0 0 0 0 0 0 0 0 0 0 0 0 0 0 0 0 0 0 0.0598803905970985 0 0 0 0 0 0 0 0 0.0545659581890077 0 0 0 0 0 0 0 0 0 0 0 0.102976099015027 0 0 0.0753440132261237 0 0.0674423723684217 0 0 0 0.0878699907419928 0.107901388086702 0
"16" 0 0.07736225115145 0 0 0 0 0 0 0 0 0 0 0 0.0596008415557285 0 0 0 0.0589945103661865 0 0 0 0 0 0 0 0 0 0.0953175518786224 0 0.0879963364006163 0 0 0 0.0795312441172914 0 0.0555748160843865 0.0503820067294791 0.0896289165659626 0 0 0 0 0 0 0 0 0 0 0 0 0 0 0 0 0 0 0 0.136767820285846 0 0 0 0 0 0 0 0 0 0 0 0 0.104995111924533 0 0 0 0 0 0.0676939576272515 0 0 0 0 0 0 0
"17" 0 0 0 0.258829648380192 0 0 0.080505600605129 0 0.0955414393891589 0 0 0 0 0 0 0 0 0 0 0.0773528415219975 0 0 0 0.0424596692480888 0 0 0 0 0 0 0 0 0 0 0 0 0 0 0 0 0.101551415953276 0 0 0 0 0 0 0 0 0 0 0 0 0 0 0 0 0 0.0667239283497992 0 0 0 0 0 0 0 0 0 0 0 0 0.235177705198037 0 0 0 0 0 0 0 0 0 0 0 0
"18" 0 0.0982737809554478 0 0 0 0 0 0 0 0 0 0 0 0.0834455843463941 0 0.0903752553692064 0 0 0 0 0 0 0 0 0 0.105600091406946 0 0 0 0.10620489768008 0 0 0 0 0 0.101906778161239 0.0961881174475885 0.0783268795699897 0 0 0 0 0 0 0 0 0 0 0 0 0 0 0 0 0 0 0 0 0 0 0 0 0.0683174712562128 0.0816924852079707 0 0 0 0 0.0641923897734887 0 0.0718518298898077 0 0 0 0 0 0.0734974952595489 0 0 0 0 0 0 0
"19" 0 0 0 0 0 0 0.0743248394714056 0 0 0 0 0 0 0 0 0 0 0 0 0 0 0 0 0 0 0 0.0814693448377152 0 0 0 0 0 0 0 0 0 0 0 0 0 0.120548769121816 0 0 0 0 0 0.110832015718084 0 0 0 0 0.0414449209630443 0 0 0 0 0 0 0 0.0540750517187653 0 0 0.083775096585564 0 0 0 0 0 0.0765419527317337 0.073023493691662 0 0 0 0 0 0.0888619775617003 0 0 0 0 0 0.0733492208097024 0 0
"20" 0 0 0 0.191151058465691 0 0 0.0574337588962342 0 0.0977104617672229 0 0 0 0 0 0 0 0.104864192323624 0 0 0 0 0 0 0.0863333407527227 0 0 0 0 0 0 0 0 0 0 0 0 0 0 0 0 0.0747020294620178 0 0 0 0 0 0 0 0 0 0 0 0 0 0 0 0 0 0.0807604228237317 0.0628989783369206 0 0 0 0 0 0.206339186301462 0 0 0 0 0 0.234353737541084 0 0 0 0 0 0 0 0 0.0787762725481035 0 0 0
"21" 0 0 0 0 0 0 0 0 0 0 0 0 0 0 0 0 0 0 0 0 0 0 0 0 0.108100283312434 0 0 0 0 0 0 0 0 0 0 0 0 0 0 0 0 0 0 0.218821372757938 0.246890453411099 0 0 0 0.0896730306341797 0.167673958463321 0 0 0.13907617138186 0 0 0.159000537132315 0 0 0 0 0 0 0 0 0 0 0 0 0 0 0 0 0 0.132663653763697 0 0 0 0 0 0 0 0 0 0
"22" 0 0 0 0 0 0 0 0 0 0 0 0 0 0 0 0 0 0 0 0 0 0 0 0 0 0 0 0 0.0915102319962312 0 0 0 0 0 0 0 0 0 0 0 0 0 0.182800052116363 0 0 0 0 0 0 0 0 0 0 0 0 0 0 0 0 0 0 0 0 0 0 0 0.0921494504654184 0 0 0 0 0 0 0 0 0 0 0 0 0 0 0 0 0.158206447660092
"23" 0 0 0 0 0 0.0825343739194226 0 0 0 0 0 0 0 0 0 0 0 0 0 0 0 0 0 0 0 0 0.0680364572584364 0 0 0 0 0 0.0879487362056441 0 0.0682491015221375 0 0 0 0 0 0 0.140160749042925 0 0 0 0 0 0 0 0 0 0.0754049651571178 0 0 0 0 0.0719021072282225 0 0 0 0.0479333392472955 0 0 0.0761229555426974 0 0 0 0 0 0 0 0 0 0 0 0.0741504784782788 0 0.0878797026129276 0 0 0 0 0 0
"24" 0 0 0 0 0 0 0 0 0.0891763937514977 0 0 0 0 0 0 0 0.127268276028722 0 0 0.0830052004088309 0 0 0 0 0 0 0 0 0 0 0 0 0 0 0 0 0 0 0.0827164490624606 0.100932425315841 0.0820626462144123 0 0 0 0 0 0 0 0 0 0 0 0 0 0 0 0 0 0.07990113994386 0.0547178904247458 0 0.0621787369336266 0 0 0.173403787318469 0.170492365314285 0 0 0 0 0 0 0 0 0 0 0 0 0 0 0.0808397760478247 0 0 0
"25" 0 0 0 0 0 0 0 0 0 0 0 0 0 0 0 0 0 0 0 0 0.191599479664659 0 0 0 0 0 0 0 0 0 0 0 0 0 0 0 0 0 0 0 0 0 0 0 0 0 0 0 0.110717671606012 0.127151734353059 0 0 0.116469487726545 0 0 0.148183637983344 0 0 0 0 0 0 0 0 0 0 0 0 0 0 0 0 0 0.161330979518212 0 0 0 0 0.308464591069323 0 0 0 0 0
"26" 0 0 0 0 0 0 0 0 0 0 0 0 0 0 0 0 0 0.0785034332338307 0 0 0 0 0 0 0 0 0 0 0 0 0 0 0 0 0 0 0.128637943459625 0 0.0913164123788165 0.125545356159868 0 0 0 0 0 0 0 0 0 0 0 0 0 0 0 0 0 0 0 0.0433304880873523 0 0.0978812625721503 0 0 0.157078968692785 0 0 0 0.0798870957794114 0 0 0 0 0 0 0 0 0 0 0 0.0936043296597464 0 0 0
"27" 0 0 0 0 0 0.0764570119272676 0 0 0 0 0 0 0 0 0.092355948954702 0 0 0 0.0865807591083772 0 0 0 0.109302599064958 0 0 0 0 0 0 0 0 0 0.0815713414841781 0 0.0432376389814475 0 0 0 0 0 0 0 0 0 0 0 0.0979204334888392 0 0 0 0 0.067305552313867 0 0 0 0 0.0649570330419681 0 0 0 0.0619388267808424 0 0.0906642999370203 0 0 0 0 0 0 0.0967286730057661 0 0 0 0 0 0.0720076663320169 0 0.0682443960034048 0 0 0 0 0 0
"28" 0 0.0677924068885217 0 0 0 0 0 0 0 0 0 0 0 0.0715218649059659 0 0.0770133666578669 0 0 0 0 0 0 0 0 0 0 0 0 0 0 0 0 0 0.0666781579379024 0 0 0.0938765431600599 0.0551278034538804 0 0 0 0 0 0 0 0 0 0 0 0 0 0 0 0 0 0 0 0.0996287648539904 0 0 0 0 0 0 0 0 0 0 0 0 0.0686533954285964 0 0 0 0 0 0 0 0 0 0 0 0 0
"29" 0 0 0 0 0 0 0 0 0 0.237864982202347 0 0.063978982547438 0 0 0 0 0 0 0 0 0 0.374134972164116 0 0 0 0 0 0 0 0 0.0660669060976126 0 0 0 0 0 0 0 0 0 0 0 0.200731006854606 0 0 0 0 0 0 0 0 0 0 0 0 0 0 0 0 0 0 0 0 0 0 0 0.148640533263279 0 0 0 0 0 0 0 0 0 0 0 0 0 0 0 0 0.125886074657351
"30" 0 0 0 0 0 0 0 0 0 0 0 0 0 0 0 0.074419938151798 0 0.0665042283052889 0 0 0 0 0 0 0 0 0 0 0 0 0 0.0839554154730685 0.0939749328424762 0.0885565713810921 0 0.070617050319321 0 0.103102313958168 0 0 0 0 0 0 0 0.102071773368273 0 0 0 0 0 0 0 0 0 0 0 0 0 0 0 0 0.0751174359532524 0.0954130445764753 0 0 0 0 0 0 0.0672960079631451 0 0 0 0 0 0.0781956929164524 0 0 0 0 0 0 0
"31" 0 0 0 0 0 0 0 0 0 0.227262053405887 0.0657322940475824 0.102191542954804 0 0 0 0 0 0 0 0 0 0 0 0 0 0 0 0 0.121501212175658 0 0 0 0 0 0 0 0 0 0 0 0 0 0 0 0 0 0 0.0435124150251394 0 0 0.223075374847842 0 0 0 0.0812192207082048 0 0.108963611214083 0 0 0 0.0468832471558506 0 0 0 0 0 0.14098247865692 0 0 0 0 0 0 0 0 0 0 0 0 0 0 0 0 0.127408402841291
"32" 0.169236462880199 0 0.204987693398854 0 0 0 0 0 0 0 0 0 0 0 0 0 0 0 0 0 0 0 0 0 0 0 0 0 0 0.0794417796360072 0 0 0 0.0738685000579454 0 0 0 0 0 0 0 0 0 0 0 0.167024564577222 0 0 0 0 0 0 0 0 0 0 0 0 0 0 0 0 0 0 0 0 0 0.132010608808925 0 0 0 0 0 0 0 0 0 0 0 0 0 0 0 0
"33" 0 0 0 0 0 0 0 0 0 0 0 0 0 0 0 0 0 0 0 0 0 0 0.0903198953422048 0 0 0 0.0502164138321111 0 0 0.0836737704512474 0 0 0 0 0.0851313929924103 0.0577165241007046 0 0 0 0 0 0 0 0 0 0 0 0 0 0 0 0 0 0 0 0 0 0 0 0 0 0 0.0874153281928082 0.0635044766421416 0 0 0 0 0 0.0984426216956109 0 0 0 0 0 0.0776985040215651 0.0655151654435786 0 0 0 0 0 0 0
"34" 0 0.0521922659431606 0 0 0 0 0 0 0 0 0 0 0 0.0812209228982427 0 0.0641857406119407 0 0 0 0 0 0 0 0 0 0 0 0.107120204216961 0 0.080365575601036 0 0.132125365045454 0 0 0 0 0 0.113157033134201 0 0 0 0 0 0 0 0.149608657946095 0 0 0 0 0 0 0 0 0 0 0 0.136954635247697 0 0 0 0 0 0 0 0 0 0.216128716214426 0 0 0.0626557030843807 0 0 0 0 0 0.0789777094540614 0 0 0 0 0 0 0
"35" 0 0 0 0 0 0.0730406181410475 0 0 0 0 0 0 0 0 0 0 0 0 0 0 0 0 0.117603983486395 0 0 0 0.0549832220980953 0 0 0 0 0 0.113417282769513 0 0 0 0 0 0 0 0 0.135791802522403 0 0 0 0 0 0 0 0 0 0.0667518823064085 0 0 0 0 0.0700443977778072 0 0 0 0.0656491835250113 0 0.0768386105214255 0.0910281128087881 0 0 0 0 0 0.0767429595176513 0 0 0 0 0 0.0712995298870004 0 0.0636512724827116 0 0 0 0 0 0
"36" 0 0.0663256433892182 0 0 0 0 0 0 0 0 0 0 0 0.0904604994377911 0 0.0920728587481346 0 0.0858525637104805 0 0 0 0 0 0 0 0 0 0 0 0.0797850556315671 0 0 0.10578914942935 0 0 0 0.0603569281809893 0.0813207563479218 0 0 0 0 0 0 0 0 0 0 0 0 0 0 0 0 0 0 0 0 0 0 0 0 0.0616208684928115 0.0868789710714216 0 0 0 0 0.0641200135210459 0 0.0715023504086268 0 0 0 0 0 0.0796498249952989 0 0 0 0 0 0 0
"37" 0 0.0805771401293425 0 0 0 0 0 0 0 0 0 0 0 0.0561175700133931 0 0.0637505265571014 0 0.0800957892843569 0 0 0 0 0 0 0 0.11493279463525 0 0.127020935105592 0 0 0 0 0 0 0 0.051444551360077 0 0.0676265118894878 0 0 0 0 0 0 0 0 0 0 0 0 0 0 0 0 0 0 0 0.0641670873338044 0 0 0 0 0 0 0 0 0 0 0 0 0.100582115420019 0 0 0 0 0 0.0667062304712779 0 0 0 0 0 0 0
"38" 0 0.0719599461082745 0 0 0 0 0 0 0 0 0 0 0 0.142111421415334 0 0.098098643901803 0 0.0692884030290671 0 0 0 0 0 0 0 0 0 0.112541720423401 0 0.0874630187678881 0 0 0 0.108415890146552 0 0.093565966790171 0.0599795925165793 0 0 0 0 0 0 0 0 0 0 0 0 0 0 0 0 0 0 0 0 0.0978388631416046 0 0 0 0 0 0 0 0 0 0 0 0 0.087204101359705 0 0 0 0 0 0.0667125515280042 0 0 0 0 0 0 0
"39" 0 0 0 0 0 0 0 0 0.0887360317007283 0 0 0 0 0 0 0 0 0 0 0 0 0 0 0.092599969792525 0 0.149488420114666 0 0 0 0 0 0 0 0 0 0 0 0 0 0.124142996637112 0 0 0 0 0 0 0 0 0 0 0 0 0 0 0 0 0 0 0.0750700819756124 0.0518676816237819 0 0.0949640145555581 0 0 0.108462639612895 0 0 0 0.0523463083665763 0 0 0 0 0 0 0 0 0 0 0 0.0373613883673526 0 0 0
"40" 0 0 0 0 0 0 0 0 0.083365234845611 0 0 0 0 0 0 0 0 0 0 0 0 0 0 0.0848687291890639 0 0.166668009031534 0 0 0 0 0 0 0 0 0 0 0 0 0.0604754384557565 0 0 0 0 0 0 0 0 0 0 0 0 0 0 0 0 0 0 0 0 0.0715610747054576 0 0.0877496461104544 0 0 0.15648472003348 0 0 0 0 0 0 0 0 0 0 0 0 0 0 0 0.100118867917755 0 0 0
"41" 0 0 0 0.177522611950519 0 0 0.0429719585283292 0 0.0840505217949406 0 0 0 0 0 0 0 0.126585171863729 0 0.0691194588887409 0.10939155390316 0 0 0 0.0715841166984192 0 0 0 0 0 0 0 0 0 0 0 0 0 0 0 0 0 0 0 0 0 0 0.0727213877619078 0 0 0 0 0 0 0 0 0 0 0 0.0709663060104931 0.0550553585907255 0 0 0 0 0 0 0 0 0 0 0 0 0 0 0 0 0 0 0 0 0 0.0791652610302876 0 0
"42" 0.191329108895595 0 0 0 0 0 0 0 0 0.215102946376428 0.0939886210854237 0 0 0 0 0 0 0 0 0 0 0 0.093805809659694 0 0 0 0 0 0 0 0 0 0 0 0.0516068951801324 0 0 0 0 0 0 0 0 0 0 0 0 0 0 0 0.132811326797032 0 0 0 0 0 0.0981435220897675 0 0 0 0.0695387619050886 0 0 0 0 0 0 0 0 0 0 0 0 0 0 0 0 0 0 0 0 0 0 0
"43" 0 0 0 0 0 0 0 0 0 0 0 0.0890378310946184 0 0 0 0 0 0 0 0 0 0.203123628441107 0 0 0 0 0 0 0.207739604156504 0 0 0 0 0 0 0 0 0 0 0 0 0 0 0 0 0 0 0 0 0 0 0 0 0 0 0 0 0 0 0 0 0 0 0 0 0 0.109636429768589 0 0 0 0 0 0 0 0 0 0 0 0 0 0 0 0 0.155455322272873
"44" 0 0 0 0 0 0 0 0 0 0 0 0 0 0 0 0 0 0 0 0 0.139915515786654 0 0 0 0 0 0 0 0 0 0 0 0 0 0 0 0 0 0 0 0 0 0 0 0.231014787274302 0 0 0 0 0 0 0 0 0 0 0.158200162746006 0 0 0 0 0 0 0 0 0 0 0 0 0 0 0 0 0 0.195742826280578 0 0 0 0 0 0 0 0 0 0
"45" 0 0 0 0 0 0 0 0 0 0 0 0 0 0 0 0 0 0 0 0 0.130386624732941 0 0 0 0 0 0 0 0 0 0 0 0 0 0 0 0 0 0 0 0 0 0 0.162008076916788 0 0 0 0 0.178494258247766 0.152012869550323 0 0 0 0 0 0 0 0 0 0 0 0 0 0 0 0 0 0 0 0 0 0 0 0 0 0 0 0 0 0 0 0 0 0
"46" 0.125609429381867 0 0.261561124720892 0 0 0 0 0 0 0 0 0 0 0 0 0 0 0 0 0 0 0 0 0 0 0 0 0 0 0.0927738791457613 0 0.231258797758194 0 0.0829840716902313 0 0 0 0 0 0 0 0 0 0 0 0 0 0 0 0 0 0 0 0 0 0 0 0 0 0 0 0 0 0 0 0 0 0.224065168086336 0 0 0 0 0 0 0 0 0.0736357906168607 0 0 0 0 0 0 0
"47" 0 0 0 0 0 0 0.0769648897808893 0 0 0 0 0 0 0 0 0 0 0 0.0747690227469156 0 0 0 0 0 0 0 0.0605996700038731 0 0 0 0 0 0 0 0 0 0 0 0 0 0.0989821051069471 0 0 0 0 0 0 0 0 0 0 0.0724277418318511 0 0 0 0 0 0 0 0.0464403656286022 0 0 0.0714108993820189 0 0 0 0 0 0.0320639870413718 0.0662984023747371 0 0 0 0 0 0.0663477887481565 0 0 0 0 0 0.104030482993964 0 0
"48" 0 0 0 0 0 0 0 0 0 0 0.0701979785818988 0.0732496804723615 0 0 0 0 0 0 0 0 0 0 0 0 0 0 0 0 0 0 0.0653138683323584 0 0 0 0 0 0 0 0 0 0 0 0 0 0 0 0 0 0 0 0 0 0 0.140042261434999 0.0878935433353522 0 0 0 0 0 0 0 0 0 0 0 0.152668719183651 0 0 0 0 0 0 0 0.0953722533799626 0 0 0 0 0.118023462514631 0 0 0 0.11784025399561
"49" 0 0 0 0 0 0 0 0 0 0 0 0 0 0 0 0 0 0 0 0 0.0920479124275899 0 0 0 0.12393360888585 0 0 0 0 0 0 0 0 0 0 0 0 0 0 0 0 0 0 0 0.287415328675022 0 0 0 0 0.18323623088586 0 0 0.149238727310287 0 0 0.159174325692784 0 0 0 0 0 0 0 0 0 0 0 0 0 0 0 0 0 0.160891148602885 0 0 0 0 0 0 0 0 0 0
"50" 0 0 0 0 0 0 0 0 0 0 0 0 0 0 0 0 0 0 0 0 0.0998336784833369 0 0 0 0.188475597537938 0 0 0 0 0 0 0 0 0 0 0 0 0 0 0 0 0 0 0 0.247655119326798 0 0 0 0.157521411815061 0 0 0 0.187834591642462 0 0 0.135755334278266 0 0 0 0 0 0 0 0 0 0 0 0 0 0 0 0 0 0.161837277200068 0 0 0 0 0 0 0 0 0 0
"51" 0.187055057095181 0 0 0 0 0 0 0 0 0.242314796652156 0 0 0 0 0 0 0 0 0 0 0 0 0 0 0 0 0 0 0 0 0.100843943281974 0 0 0 0 0 0 0 0 0 0 0.185190349489499 0 0 0 0 0 0 0 0 0 0 0 0 0 0 0 0 0 0 0 0 0 0 0 0 0 0 0 0 0 0 0 0 0 0 0 0 0 0 0 0 0 0
"52" 0 0 0 0 0.120896048475509 0.0676344753820831 0 0.0757727682475821 0 0 0 0 0 0 0.0897597609188983 0 0 0 0.103498414951284 0 0 0 0.0999389636232098 0 0 0 0.063304745246268 0 0 0 0 0 0 0 0.101548237182138 0 0 0 0 0 0 0 0 0 0 0 0.0506333715816903 0 0 0 0 0 0 0 0 0 0.0797650736242485 0 0 0 0.0721526055399876 0 0 0 0 0 0 0 0 0.0737739821022183 0 0 0 0 0 0.081201488868553 0 0.0420544914473451 0 0 0 0.0837847120808478 0.129985737399245 0
"53" 0 0 0 0 0 0 0 0 0 0 0 0 0 0 0 0 0 0 0 0 0.107916504218579 0 0 0 0.162383971745965 0 0 0 0 0 0 0 0 0 0 0 0 0 0 0 0 0 0 0 0 0 0 0 0.141922356749535 0.172803403946665 0 0 0 0 0 0.101980745101644 0 0 0 0 0 0 0 0 0 0 0 0 0 0 0 0 0 0.0889612146362134 0 0 0 0 0.321302768699668 0 0 0 0 0
"54" 0 0 0 0 0 0 0 0.106478716160642 0 0 0 0 0.196055292546066 0 0 0 0 0 0 0 0 0 0 0 0 0 0 0 0 0 0 0 0 0 0 0 0 0 0 0 0 0 0 0 0 0 0 0.113822745467273 0 0 0 0 0 0 0.0686065440942031 0 0 0 0 0 0 0 0 0 0 0 0 0 0 0 0 0 0.0642590903749244 0 0.138430746207332 0 0 0 0 0.141109548735588 0 0 0 0
"55" 0 0 0 0 0 0.0854354224489928 0 0.0718339760194359 0 0 0.0873452951745815 0.113111227890344 0.268903210259362 0 0 0 0 0 0 0 0 0 0 0 0 0 0 0 0 0 0.0688032310068204 0 0 0 0 0 0 0 0 0 0 0 0 0 0 0 0 0.110211341953215 0 0 0 0 0 0.1595918161044 0 0 0.0598541618743725 0 0 0 0.079858308168894 0 0 0 0 0 0 0 0 0 0 0 0.0852977639318228 0 0.189779123764789 0 0 0 0 0.090805448089088 0 0 0 0
"56" 0 0 0 0 0 0 0 0 0 0 0 0 0 0 0 0 0 0 0 0 0.118267450772656 0 0 0 0.142143497289515 0 0 0 0 0 0 0 0 0 0 0 0 0 0 0 0 0 0 0.257055856175435 0 0 0 0 0.169027338354226 0.140440607630178 0 0 0.151532844818475 0 0 0 0 0 0 0 0 0 0 0 0 0 0 0 0 0 0 0 0 0.145425150400693 0 0 0 0 0 0 0 0 0 0
"57" 0 0 0 0 0 0.0704021053778809 0 0 0 0 0.11196821629469 0.0928575633334767 0 0 0 0 0 0 0 0 0 0 0.0725198433368826 0 0 0 0.0943158989137324 0 0 0 0.0793349933538872 0 0 0 0.0824392035941248 0 0 0 0 0 0 0.154991001956439 0 0 0 0 0 0 0 0 0 0.0636135965698237 0 0 0.0700842414157848 0 0 0 0 0 0.0751362531925181 0 0 0 0 0 0 0 0 0 0 0 0 0 0 0 0 0.0835103029156914 0 0 0 0 0 0
"58" 0 0.0867370925696115 0 0 0 0 0 0 0 0 0 0 0 0.101866287846872 0 0.0978420766497048 0 0 0 0 0 0 0 0 0 0 0 0.109519044944164 0 0 0 0 0 0.0906666328036868 0 0 0.0954112293642123 0.0838813510508675 0 0 0 0 0 0 0 0 0 0 0 0 0 0 0 0 0 0 0 0 0 0 0 0 0 0 0 0 0 0 0 0 0.0760242694447095 0 0 0 0 0 0 0 0 0 0 0 0 0
"59" 0 0 0 0 0 0 0.0582186291783694 0 0.0959244126425106 0 0 0 0 0 0 0 0.107824414589985 0 0 0.080391990149979 0 0 0 0.0737549089436004 0 0 0 0 0 0 0 0 0 0 0 0 0 0 0.081908516250533 0 0.111256092315907 0 0 0 0 0 0 0 0 0 0 0 0 0 0 0 0 0 0 0.0550230217476763 0 0.104052901387436 0 0 0 0.150777393108544 0 0 0 0 0 0 0 0 0 0 0 0 0 0 0.0926298313915451 0 0 0
"60" 0 0 0 0 0 0 0.0754637096610606 0 0.115255028999302 0 0 0 0 0 0 0 0 0 0.0863155115323803 0.104223085676802 0 0 0 0.0741567526381361 0 0.142961394314638 0 0 0 0 0 0 0 0 0 0 0 0 0.12615959258052 0.114914291179054 0.076794753997781 0 0 0 0 0 0.071755685861344 0 0 0 0 0 0 0 0 0 0 0 0.0983654554005872 0 0 0.0873126330875572 0.0599850769602441 0 0.129067499293536 0 0 0 0.0872769832389585 0.0768379473459762 0 0 0 0 0 0 0 0 0 0 0.0543556956982107 0 0 0
"61" 0 0 0 0 0.121900027287904 0.0553266306558656 0 0.0692701740281183 0 0 0.0851400929700201 0.0772614259781868 0 0 0.098509801333944 0 0 0 0 0 0 0 0.0778195053241583 0 0 0 0.0651128440648438 0 0 0 0.0921015617556124 0 0 0 0.0848890755097372 0 0 0 0 0 0 0.1628842963532 0 0 0 0 0 0 0 0 0 0.0620092495178126 0 0 0.0594662052343531 0 0.0859190910862531 0 0 0 0 0 0 0 0 0 0 0 0 0 0 0 0.0748789280989216 0 0 0 0 0.0419776363407902 0 0.130166876210817 0 0 0 0
"62" 0 0 0 0 0 0 0.073420479917789 0 0.0584757832035411 0 0 0 0 0 0 0 0 0 0 0 0 0 0 0.104002292839727 0 0.116063582166428 0 0 0 0 0 0 0 0 0 0 0 0 0.0979991141710979 0.106142536952773 0 0 0 0 0 0 0 0 0 0 0 0 0 0 0 0 0 0 0.0701452448711174 0.0494742734509234 0 0 0 0 0.10786138450913 0 0 0 0.0886151839269654 0 0 0 0 0 0 0 0 0 0 0 0.107330253509505 0 0 0
"63" 0 0 0 0 0 0 0.0666188837095364 0 0 0 0 0 0 0 0 0 0 0.0786237113119532 0.0795475518859997 0 0 0 0 0 0 0 0.0510652063199785 0 0 0.0811864471371599 0 0 0.0733747306382141 0 0.0864702114029984 0.0921778789353228 0 0 0 0 0 0 0 0 0 0 0.0891060427143076 0 0 0 0 0 0 0 0 0 0 0 0 0.0661460297402739 0 0 0 0.101074599671667 0 0 0 0 0.0742121503258466 0.0912297931608919 0 0 0 0 0 0.0773654262272118 0.0722830933078105 0 0 0 0 0 0 0
"64" 0 0.0917136422475574 0 0 0 0 0 0 0 0 0 0 0 0 0 0 0 0.0772843080767382 0 0 0 0 0.0847251223947788 0 0 0 0 0 0 0.0610456049826293 0 0 0.0817004352400318 0 0.082459617215118 0.07605788374777 0 0 0 0 0 0 0 0 0 0 0 0 0 0 0 0 0 0 0 0 0 0 0 0 0 0 0.0731054696748889 0 0 0 0 0 0.0513654979367388 0.0922704593268223 0.107331603311845 0 0 0 0 0 0.0638210234666133 0 0 0 0 0 0 0
"65" 0 0 0 0 0 0 0 0 0 0 0 0 0 0 0 0 0 0 0 0 0 0 0 0.0880396304834117 0 0.100883884954301 0 0 0 0 0 0 0 0 0 0 0 0 0.101922959818514 0.115605675830397 0 0 0 0 0 0 0 0 0 0 0 0 0 0 0 0 0 0 0 0.0407432190496382 0 0.101103436594404 0 0 0 0 0 0 0 0 0 0 0 0 0 0 0 0 0 0 0.123280950463513 0 0 0
"66" 0 0 0 0.173560411454034 0 0 0 0 0.0888135726739862 0 0 0 0 0 0 0 0 0 0 0.10784032322899 0 0 0 0.109417212109891 0 0 0 0 0 0 0 0 0 0 0 0 0 0 0 0 0 0 0 0 0 0 0 0 0 0 0 0 0 0 0 0 0 0 0.0898354834904063 0 0 0 0 0 0 0 0 0 0 0 0 0.158252920518712 0 0 0 0 0 0 0 0 0 0 0 0
"67" 0 0 0 0 0 0 0 0 0 0 0.0965297915403822 0.106502396473783 0 0 0 0 0 0 0 0 0 0.273602178183788 0 0 0 0 0 0 0.221261531890477 0 0.0750437074863773 0 0 0 0 0 0 0 0 0 0 0 0.166145178405196 0 0 0 0 0.137271645718452 0 0 0 0 0 0 0 0 0 0 0 0 0 0 0 0 0 0 0 0 0 0 0 0 0 0 0 0 0 0 0 0 0 0 0 0.131538516871746
"68" 0.174582768030103 0 0.138257813060316 0 0 0 0 0 0 0 0 0 0 0 0 0 0 0 0 0 0 0 0 0 0 0 0 0 0 0 0 0.17792708818233 0 0.0735654833964138 0 0 0 0 0 0 0 0 0 0 0 0.140065977394515 0 0 0 0 0 0 0 0 0 0 0 0 0 0 0 0 0 0 0 0 0 0 0 0 0 0 0 0 0 0 0 0 0 0 0 0 0 0
"69" 0 0 0 0 0 0 0.0718440837373834 0 0 0 0 0 0 0 0 0 0 0.0920851531773062 0.101705735037341 0 0 0 0 0 0 0.117455633915499 0 0 0 0 0 0 0 0 0 0.0800475035488682 0 0 0.0822039825415702 0 0 0 0 0 0 0 0.0568617514747691 0 0 0 0 0 0 0 0 0 0 0 0 0.086742031697432 0 0.0926954151594392 0.0686658752121026 0.0696442061389599 0 0 0 0 0 0.0683085821948337 0 0 0 0 0 0 0.0613286485140343 0 0 0 0 0 0 0
"70" 0 0 0 0 0 0 0.0700559907003161 0 0 0 0 0 0 0 0 0 0 0 0.0645901175057212 0 0 0 0 0 0 0 0.0682710721383033 0 0 0 0 0 0.105493771417353 0 0.0850078023113451 0 0 0 0 0 0 0 0 0 0 0 0.080494026492343 0 0 0 0 0.0677714025003345 0 0 0 0 0 0 0 0.0767702161589761 0 0 0.0903133778013888 0.0944498295528841 0 0 0 0 0.085171201649078 0 0 0 0 0 0 0.0888478950318082 0 0 0 0 0 0.0598563097440308 0 0
"71" 0 0.0861257754454335 0 0 0 0 0 0 0 0 0 0 0 0.111325608904896 0 0.0615038454096599 0 0.0701301460523463 0 0 0 0 0 0 0 0 0 0.138792064430367 0 0.0450854247784634 0 0 0 0.0599724430798472 0 0.087757141052665 0.0794463219721219 0.101052270061277 0 0 0 0 0 0 0 0 0 0 0 0 0 0 0 0 0 0 0 0.127612238017622 0 0 0 0 0 0.107398934736691 0 0 0 0 0 0 0 0 0 0 0 0 0.0697066603364161 0 0 0 0 0 0 0
"72" 0 0 0 0.21353158845595 0 0 0 0 0 0 0 0 0 0 0 0 0.126609686895684 0 0 0.095360621225983 0 0 0 0 0 0 0 0 0 0 0 0 0 0 0 0 0 0 0 0 0 0 0 0 0 0 0 0 0 0 0 0 0 0 0 0 0 0 0 0 0 0 0 0 0 0.237167235960361 0 0 0 0 0 0 0 0 0 0 0 0 0.239796451821276 0 0 0 0 0
"73" 0 0 0 0 0.0997792136534484 0.0641940913128093 0 0.0737064761662041 0 0 0 0 0.170918728655286 0 0.0937607866256276 0 0 0 0 0 0 0 0 0 0 0 0 0 0 0 0 0 0 0 0 0 0 0 0 0 0 0 0 0 0 0 0 0 0 0 0 0 0 0.141792729989983 0.0624158605887527 0 0 0 0 0 0.0391514957055672 0 0 0 0 0 0 0 0 0 0 0 0 0 0.159445923634412 0 0 0.0867176875340341 0 0.0732031475181167 0 0 0.13367455157991 0
"74" 0 0 0 0 0 0 0 0 0 0 0 0 0 0 0 0 0 0 0 0 0.133699013194959 0 0 0 0.115487184846932 0 0 0 0 0 0 0 0 0 0 0 0 0 0 0 0 0 0 0.245873158621506 0 0 0 0 0.086615180942911 0.152380982378511 0 0 0.116807667331602 0 0 0.151955385755195 0 0 0 0 0 0 0 0 0 0 0 0 0 0 0 0 0 0 0 0 0 0 0 0 0 0 0 0
"75" 0 0 0 0 0 0 0 0.056816519264476 0 0 0 0 0.205770107610875 0 0 0 0 0 0 0 0 0 0 0 0 0 0 0 0 0 0 0 0 0 0 0 0 0 0 0 0 0 0 0 0 0 0 0.133045106304895 0 0 0 0 0 0.0978625949181612 0.0728183679758795 0 0 0 0 0 0 0 0 0 0 0 0 0 0 0 0 0 0.0726828849930828 0 0 0 0 0 0 0.102966677686218 0 0 0 0
"76" 0 0 0 0 0.143510804303065 0.0654320260808108 0 0 0 0 0 0 0 0 0.0646726849539175 0 0 0 0.0656229418650537 0 0 0 0.0808488494128002 0 0 0 0.0591542557988616 0 0 0 0 0 0.0887307627233893 0 0.0676883757686265 0 0 0 0 0 0 0 0 0 0 0 0.0779626960515524 0 0 0 0 0.0701453675777278 0 0 0 0 0 0 0 0 0 0 0.0583282719854264 0 0 0 0 0 0 0.0783553392393711 0 0 0 0 0 0 0 0.0563806678295749 0 0 0 0.0780733416126044 0 0
"77" 0 0.110615581522439 0 0 0 0 0 0 0 0 0 0 0 0.0842895261017096 0 0.109507319669415 0 0.068369786024196 0 0 0 0 0 0 0 0 0 0 0 0.0859633522313567 0 0 0.0862274940620976 0.0880034490878291 0 0.0821780902417183 0.0784392089567013 0.0768239194842859 0 0 0 0 0 0 0 0.168924635386427 0 0 0 0 0 0 0 0 0 0 0 0 0 0 0 0 0.0740080870675018 0.0830998994398926 0 0 0 0 0.107613061547096 0 0.0821234401917248 0 0 0 0 0 0 0 0 0 0 0 0 0
"78" 0 0 0 0 0.074117101571373 0.0553819341001518 0 0.0701100769332982 0 0 0.114601990042413 0 0 0 0.102001447935969 0 0 0 0 0 0 0 0.0832676639550965 0 0 0 0.086436411992495 0 0 0 0 0 0 0 0.0764449080536756 0 0 0 0 0 0 0 0 0 0 0 0 0 0 0 0 0.079582991427458 0 0 0 0 0.0796909382718505 0 0 0 0.0331768243901514 0 0 0 0 0 0 0 0 0 0 0 0.0984514315725781 0 0 0.0599298275145982 0 0 0 0 0 0.0922866889865062 0.0573171706986964 0
"79" 0 0 0 0 0 0 0 0 0 0 0 0 0 0 0 0 0 0 0 0 0 0 0 0 0.173601454138794 0 0 0 0 0 0 0 0 0 0 0 0 0 0 0 0 0 0 0 0 0 0 0 0 0 0 0 0.171129363275706 0 0 0 0 0 0 0 0 0 0 0 0 0 0 0 0 0 0 0.199843608188695 0 0 0 0 0 0 0 0 0 0 0 0
"80" 0 0 0 0 0 0 0 0.078127739079283 0 0 0.0953683879319216 0.0753874089301492 0.329695496156135 0 0 0 0 0 0 0 0 0 0 0 0 0 0 0 0 0 0 0 0 0 0 0 0 0 0 0 0 0 0 0 0 0 0 0.0994670233659344 0 0 0 0 0 0.113758360797006 0.0894521842273708 0 0 0 0 0 0.0629318926781434 0 0 0 0 0 0 0 0 0 0 0 0.113791592870046 0 0.141117327572159 0 0 0 0 0 0 0 0 0
"81" 0 0 0 0 0 0 0.0760831388745425 0 0.0823704975324505 0 0 0 0 0 0 0 0 0 0 0.0854521394775612 0 0 0 0.0645141226188207 0 0.124083876700192 0 0 0 0 0 0 0 0 0 0 0 0 0.0991213044405725 0.115160694739601 0 0 0 0 0 0 0 0 0 0 0 0 0 0 0 0 0 0 0.116495384550081 0.0593514317180831 0 0.0909937818178237 0 0 0.123237709688281 0 0 0 0 0 0 0 0 0 0 0 0 0 0 0 0 0 0 0
"82" 0 0 0 0 0.0761852963506201 0 0.0519525396423002 0.0487475989490334 0 0 0 0 0 0 0.113274284849185 0 0 0 0.123147523499479 0 0 0 0 0 0 0 0 0 0 0 0 0 0 0 0 0 0 0 0 0 0.0929915159155136 0 0 0 0 0 0.0672372816320928 0 0 0 0 0.0811116087712702 0 0 0 0 0 0 0 0 0 0 0 0 0 0 0 0 0 0.090537868966209 0 0 0 0 0 0.0665050644746915 0 0.0465193748950976 0 0 0 0 0.184049384030423 0
"83" 0 0 0 0 0.10476903093538 0.0652717593029626 0 0.0868150068903122 0 0 0 0 0 0 0.0876980395507911 0 0 0 0 0 0 0 0 0 0 0 0 0 0 0 0 0 0 0 0 0 0 0 0 0 0 0 0 0 0 0 0 0 0 0 0 0.0454554371665353 0 0 0 0 0 0 0 0 0 0 0 0 0 0 0 0 0 0 0 0 0.0816986869721574 0 0 0 0 0.055416634857825 0 0 0 0.0971875532261205 0 0
"84" 0 0 0 0 0 0 0 0 0 0 0 0.081874726114425 0 0 0 0 0 0 0 0 0 0.239513448693557 0 0 0 0 0 0 0.149398713375129 0 0.0742738442497136 0 0 0 0 0 0 0 0 0 0 0 0.242001049353785 0 0 0 0 0.0944785122205845 0 0 0 0 0 0 0 0 0 0 0 0 0 0 0 0 0 0 0.0898167754643936 0 0 0 0 0 0 0 0 0 0 0 0 0 0 0 0 0
