"V1" "V2" "V3" "V4" "V5" "V6" "V7" "V8" "V9" "V10" "V11" "V12" "V13" "V14" "V15" "V16" "V17" "V18" "V19" "V20" "V21" "V22" "V23" "V24" "V25" "V26" "V27" "V28" "V29" "V30" "V31" "V32" "V33" "V34" "V35" "V36" "V37" "V38" "V39" "V40" "V41" "V42" "V43" "V44" "V45" "V46" "V47" "V48" "V49" "V50" "V51" "V52" "V53" "V54" "V55" "V56" "V57" "V58" "V59" "V60" "V61" "V62" "V63" "V64" "V65" "V66" "V67" "V68" "V69" "V70" "V71" "V72" "V73" "V74" "V75" "V76" "V77" "V78" "V79" "V80" "V81" "V82" "V83" "V84"
"1" 0 0 0 0 0 0 0 0 0 0 0 0 0 0 0 0 0 0 0 0 0.11420642813358 0 0 0 0 0 0 0 0 0.120339994809704 0 0 0 0 0 0 0 0 0 0 0 0 0 0 0 0 0 0 0.127238309855802 0 0 0 0 0 0 0 0 0 0 0 0 0 0 0 0 0.207756785214988 0 0 0.15760241099154 0 0.0904103613748319 0 0.0998116810630802 0 0 0 0 0 0 0 0.101207109065362 0 0 0
"2" 0 0 0 0 0 0 0 0 0 0 0 0 0 0 0.105912391834607 0.0904025312794123 0 0 0 0 0 0 0 0 0 0 0.0994965230624493 0 0.0836269590201435 0 0 0 0 0 0 0 0 0 0 0 0 0 0 0.0954883756512309 0 0.0971760610406829 0 0 0 0.129575449346647 0 0 0 0 0 0 0 0.0962914480994228 0 0 0 0 0 0.147633429695549 0 0 0 0 0 0 0 0 0 0 0 0 0 0 0 0.118370681519886 0 0 0 0
"3" 0 0 0 0 0 0 0.0970423788271102 0 0 0 0 0.124476173605874 0 0 0 0 0 0 0 0 0 0 0 0 0 0 0 0 0 0 0 0 0 0 0 0 0 0.308931311697151 0 0 0 0 0 0 0 0 0 0 0 0 0.370425478184964 0 0 0 0 0 0 0 0 0 0.259799659435259 0 0 0 0 0 0 0.11147623477209 0 0 0 0 0 0 0 0 0 0.253372032010271 0 0 0 0 0 0
"4" 0 0 0 0 0 0.0573630747785497 0 0 0 0 0.0718270427933843 0 0.0535031645423653 0 0 0 0 0 0 0 0 0 0 0 0 0.0774098543896238 0 0 0 0 0 0.0606070446236248 0.0632487778352692 0.0631149904709973 0 0 0.0530211734210974 0 0.0581548375285772 0 0.0491279238442459 0.0751491188582983 0 0 0 0 0 0 0 0 0 0 0.0548095844005266 0 0 0.0599066055913535 0 0 0 0 0 0 0 0 0 0 0.0309028310026383 0.097865213150562 0 0 0 0.0758239827382175 0 0 0.0425756629235076 0.0760073601800087 0 0 0 0 0 0 0 0.04906198401631
"5" 0 0 0 0 0 0 0 0.0835145488855336 0 0 0 0 0 0 0 0 0 0 0 0 0.115625188625206 0 0 0.135670096472147 0 0 0 0.152260591517587 0 0 0 0 0 0 0.14459706837452 0 0 0 0 0.167430653299436 0 0 0.0955398768822588 0 0.129898760538531 0 0 0 0 0 0 0 0 0 0 0 0 0 0 0 0 0 0.121218432981223 0 0.0816461454820316 0 0 0 0.13322829081036 0.0864773029366965 0 0 0 0.104054733325091 0 0 0 0 0 0 0 0 0 0
"6" 0 0 0 0.0677870667394162 0 0 0 0 0 0 0 0 0.0437026762430195 0 0 0 0 0 0 0 0 0 0 0 0 0.0716729107195609 0 0 0 0.162777082858342 0 0.0441837460136914 0 0 0 0 0 0 0 0 0.0479872137894703 0.0776656126861808 0 0 0 0 0 0 0 0 0 0 0.0477767042904177 0 0 0.0508514232204774 0 0 0 0 0 0 0 0 0 0 0.0634460830910961 0.0751236063003666 0 0 0 0.0792021530227411 0 0 0.0430135640931654 0 0 0 0 0 0 0 0 0
"7" 0 0 0.115416844234207 0 0 0 0 0 0 0 0 0.101407431701967 0 0 0 0 0 0 0 0 0 0 0 0 0 0.0481138464900189 0 0 0 0 0 0 0 0 0 0 0 0 0 0 0 0.105034510002255 0 0 0 0 0 0 0 0 0 0 0 0 0 0 0 0 0 0 0.269599546993932 0 0 0 0 0 0 0.112397434523275 0 0 0 0.0777119016790463 0 0 0 0 0 0.223251214857133 0 0 0 0 0 0
"8" 0 0 0 0 0.069856166280216 0 0 0 0 0 0 0 0 0 0 0 0 0 0 0 0.0932720532061388 0 0 0.0606225090043963 0 0 0 0.149311024363299 0 0 0 0 0 0 0 0 0 0 0 0 0 0 0.1104524076234 0 0 0 0 0 0 0 0 0 0 0 0 0 0 0 0 0 0 0 0.0985548385762826 0 0 0 0 0 0 0.0887968241499388 0 0 0 0.106197372683943 0 0 0 0 0 0 0 0.133171838204587 0 0
"9" 0 0 0 0 0 0 0 0 0 0 0.0647847778677336 0 0 0 0 0 0 0 0 0 0 0 0.0903426346574296 0 0 0 0 0 0 0 0 0 0.0469692354213378 0.0803753323923014 0 0 0.0481840396908362 0 0 0.112850453542568 0 0 0 0 0.121563952009863 0 0 0 0 0 0 0 0 0 0 0 0 0 0 0.0511039419403298 0 0 0 0 0.0375341913726381 0 0 0 0 0 0 0 0 0 0 0.026462065913549 0 0 0.256375433129227 0 0 0 0 0.0656308854821718
"10" 0 0 0 0 0 0 0 0 0 0 0 0 0 0.12944999577778 0.0746639707214321 0 0 0 0.142426395786898 0.17014268171515 0 0 0 0 0 0 0 0 0 0 0 0 0 0 0 0 0 0 0 0 0 0 0 0 0 0 0.108672566519775 0 0 0 0 0 0 0 0 0 0 0 0 0 0 0 0 0 0 0 0 0 0 0 0 0 0.13086265603123 0 0 0 0 0 0 0 0 0 0.183157573313673 0
"11" 0 0 0 0.0664288976404315 0 0 0 0 0.0779606924989114 0 0 0 0.0373874083183345 0 0 0 0 0 0 0 0 0 0 0 0 0.0821591907506877 0 0 0 0 0 0.0508481594696746 0.0662749095971905 0.056196456187995 0 0 0.0540440865785797 0 0.0826947104675277 0 0.0685429217878472 0 0 0 0 0 0 0 0 0 0 0 0.0449260242911294 0 0 0.0601903399033858 0 0 0 0.0712414876185778 0 0 0 0 0 0 0.0435252142436704 0 0 0 0 0 0 0 0.0202567366117334 0.0370645581361121 0 0 0 0 0 0 0 0.0641043482867979
"12" 0 0 0.231356918189002 0 0 0 0.0927522812972481 0 0 0 0 0 0 0 0 0 0 0 0 0 0 0 0 0 0 0 0 0 0 0 0 0 0 0 0 0 0 0 0 0 0 0 0 0 0 0 0 0 0 0 0 0 0 0 0 0 0 0 0 0 0.249157015577132 0 0 0 0 0 0 0.100997062362667 0 0 0 0.0960448792471003 0 0 0 0 0 0.275550332096906 0 0 0 0 0 0
"13" 0 0 0 0.0443398695623125 0 0.0901240135114515 0 0 0 0 0.0686565591272845 0 0 0 0 0 0 0 0 0 0 0 0 0 0 0.0882790466980277 0 0 0 0 0 0.0601012639356299 0.0383016562860269 0.05512985894929 0 0 0.0548370249116488 0 0.0499847141964284 0 0.0442130665105524 0.0774026589371524 0 0 0 0 0 0 0 0 0 0 0.0468751345373672 0 0 0.0490983253092705 0 0 0 0.070954184825655 0 0 0 0 0 0 0.0504182632240695 0 0 0 0 0.0809362070754418 0 0 0.0403766375773533 0.0472925630442465 0 0 0 0 0 0 0 0.0510772594499581
"14" 0 0 0 0 0 0 0 0 0 0.179936885554728 0 0 0 0 0 0 0 0 0 0.0708104177615658 0 0 0 0 0 0 0 0 0 0 0.117367784391355 0 0 0 0 0 0 0 0 0 0 0 0 0 0 0 0.13953223973159 0 0 0 0 0 0 0 0.127990935553196 0 0 0 0 0 0 0.151384702985202 0 0 0 0 0 0 0 0 0 0 0 0 0 0 0 0 0 0 0.159970027877201 0 0.155515236627426 0
"15" 0 0.115780219059937 0 0 0 0 0 0 0 0.183235793959245 0 0 0 0 0 0.087838793733504 0 0 0.0941274604246536 0 0 0 0 0 0 0 0.0890216860826729 0 0.0888213723030519 0 0 0 0 0 0 0 0 0 0 0 0 0 0 0.0886367613647392 0 0.100314688641817 0 0.166433915490868 0 0.118826534186626 0 0 0 0 0 0 0 0.0755572497195067 0 0 0 0 0 0.0915040800801886 0 0 0 0 0 0 0 0 0 0 0 0 0 0 0 0.0929963353119767 0 0 0 0
"16" 0 0.102348846981139 0 0 0 0 0 0 0 0 0 0 0 0 0.0800198635013027 0 0 0.217460659120959 0 0 0 0 0 0 0 0 0.0719987108438162 0 0.122682796049062 0 0 0 0 0 0 0 0 0 0 0 0 0 0 0.0862054152053993 0 0.0897226369752502 0 0 0 0.101997686253176 0 0 0 0.170197445572332 0 0 0 0.0883046545108647 0 0 0 0 0 0 0 0 0 0 0 0 0 0 0 0 0 0 0 0 0 0.126490782914587 0 0 0 0
"17" 0 0 0 0 0 0 0 0 0 0 0 0 0 0 0 0 0 0 0 0 0 0.185050533726768 0 0 0 0 0 0 0 0 0 0 0 0 0 0 0 0 0 0 0 0 0 0 0 0 0 0 0 0 0 0 0 0 0 0 0 0 1.20204481566255 0 0 0 0 0 0 0 0 0 0 0 0 0 0 0 0 0 0 0 0 0 0 0 0 0
"18" 0 0 0 0 0 0 0 0 0 0 0 0 0 0 0 0.0721562936194194 0 0 0 0 0 0 0 0 0 0 0 0 0 0 0 0 0 0 0 0 0 0 0 0 0 0 0 0 0 0 0 0 0.176711422989598 0 0 0 0 0 0 0 0 0 0 0 0 0 0 0 0 0.127303814362836 0 0 0 0 0.101988466849292 0 0.154996169493396 0 0 0 0 0 0 0.127665549687766 0 0 0 0
"19" 0 0 0 0 0 0 0 0 0 0.177003597304492 0 0 0 0 0.0897612575544989 0 0 0 0 0.150816050360567 0 0 0 0 0.16304413525872 0 0.0670345932451425 0 0 0 0 0 0 0 0 0 0 0 0 0 0 0 0 0 0 0 0 0.163377664251058 0 0 0 0 0 0 0 0 0 0 0 0 0 0 0 0.121434564601275 0 0 0 0 0 0 0 0 0 0 0 0 0 0 0 0 0 0 0 0
"20" 0 0 0 0 0 0 0 0 0 0.148023736216869 0 0 0 0.119672832322165 0 0 0 0 0.183049658906848 0 0 0 0 0 0 0 0 0 0 0 0 0 0 0 0 0 0 0 0 0 0 0 0 0 0 0 0.105587792376095 0 0 0 0 0 0 0 0.18961483069949 0 0 0 0 0 0 0.121240145839874 0 0 0 0 0 0 0 0 0 0 0 0 0 0 0 0 0 0 0 0 0.129301335772774 0
"21" 0.114811965720442 0 0 0 0.0629163584935509 0 0 0.107987679187253 0 0 0 0 0 0 0 0 0 0 0 0 0 0 0 0 0 0 0 0 0 0 0 0 0 0 0 0.18755226692267 0 0 0 0 0 0 0 0 0 0 0 0 0 0 0 0 0 0 0 0 0 0 0 0 0 0 0.0781407284078575 0 0 0 0 0 0.13058097604933 0.0932367123739161 0.0907123021408027 0 0 0.12800125312248 0 0 0 0 0 0 0.12426670819711 0 0 0
"22" 0 0 0 0 0 0 0 0 0 0 0 0 0 0 0 0 0.645250690977301 0 0 0 0 0 0 0 0 0 0 0 0 0 0 0 0 0 0 0.191039577976097 0 0 0 0 0 0 0 0 0 0 0 0 0 0 0 0.16671057652775 0 0 0 0 0 0 0 0 0 0 0.0512960869879766 0 0 0 0 0 0 0 0 0 0 0 0 0 0.228402228282387 0 0 0 0 0 0 0
"23" 0 0 0 0 0 0 0 0 0.0875326908137866 0 0 0 0 0 0 0 0 0 0 0 0 0 0 0 0 0 0 0 0 0 0 0 0.0567336007673022 0 0.180034367901681 0 0 0 0 0.141285871877289 0 0 0 0 0.148916636829593 0 0 0 0 0 0 0 0 0 0 0 0.29171423965538 0 0 0.0687917859790455 0 0 0 0 0.0763640378643413 0 0 0 0 0 0 0 0 0 0 0.052565382317746 0 0 0.244934315258678 0 0 0 0 0.0522342524533848
"24" 0 0 0 0 0.0950233838255036 0 0 0.0781760783538944 0 0 0 0 0 0 0 0 0 0 0 0 0 0 0 0 0 0 0 0.123943673313608 0 0 0 0 0 0 0 0 0 0 0 0.149081912010057 0 0 0.121245657372131 0 0 0 0 0 0 0 0 0 0 0 0 0 0 0 0 0 0 0 0.116854444249575 0 0 0 0 0 0 0.0938137342940266 0 0 0 0.112545342241793 0 0 0 0 0 0 0 0.110186974347276 0 0
"25" 0 0 0 0 0 0 0 0 0 0 0 0 0 0 0 0 0 0 0.139707420677745 0 0 0 0 0 0 0 0.0724458743791952 0 0 0 0 0 0 0 0 0 0 0 0 0 0 0 0 0 0 0 0 0.111124228271056 0 0 0 0 0 0 0 0 0 0.0731120147017077 0 0 0 0 0 0.0927121218839269 0 0 0 0 0 0 0 0 0 0 0 0 0 0 0 0 0 0 0 0
"26" 0 0 0 0.0539917209459444 0 0.0995281531616006 0.117003432738269 0 0 0 0.0696842670102541 0 0.0614278548467414 0 0 0 0 0 0 0 0 0 0 0 0 0 0 0 0 0 0 0.0426780377262649 0 0 0 0 0 0 0.0246851033725583 0 0.0526832653276858 0.054482682386418 0 0 0 0 0 0 0 0 0 0 0.0753379366374347 0 0 0.0526959010455244 0 0 0 0 0 0 0 0 0 0 0.0512483194840973 0.0906071076841317 0 0 0 0.0842075847109672 0 0 0.0422625336394586 0 0 0 0 0 0 0 0 0
"27" 0 0.0978280304234221 0 0 0 0 0 0 0 0 0 0 0 0 0.0781676645032965 0.0940322374526705 0 0 0.134591497141654 0 0 0 0 0 0.149990587772716 0 0 0 0.0873276219866577 0 0 0 0 0 0 0 0 0 0 0 0 0 0 0.135752823979891 0 0.0803478830698689 0 0.12443638311432 0 0.132038690306775 0 0 0 0 0 0 0 0.08101913690969 0 0 0 0 0 0.0520244755665487 0 0 0 0 0 0 0 0 0 0 0 0 0 0 0 0 0 0 0 0
"28" 0 0 0 0 0.0525243928054376 0 0 0.13110789571044 0 0 0 0 0 0 0 0 0 0 0 0 0 0 0 0.0935274048884178 0 0 0 0 0 0 0 0 0 0 0 0 0 0 0 0 0 0 0.0980953028826887 0 0 0 0 0 0 0 0 0 0 0 0 0 0 0 0 0 0 0 0.101067777032873 0 0 0 0 0 0 0.131750365042942 0 0 0 0.104373323575997 0 0 0 0 0 0 0 0.0988628898727312 0 0
"29" 0 0.0936365211291797 0 0 0 0 0 0 0 0 0 0 0 0 0.0760669252063592 0.0858561917171489 0 0 0 0 0 0 0 0 0 0 0.0742309701392358 0 0 0 0 0 0 0 0 0 0 0 0 0 0 0 0 0.135329407672053 0 0.0882691460083259 0 0.149526237183315 0 0.0979666683975166 0 0 0 0 0 0 0 0.0944434567154614 0 0 0 0 0 0.100680582567594 0 0 0 0 0 0 0 0 0 0 0 0 0 0 0 0.128421899386344 0 0 0 0
"30" 0.135699800207173 0 0 0 0 0.0625196142521948 0 0 0 0 0 0 0 0 0 0 0 0 0 0 0 0 0 0 0 0 0 0 0 0 0 0 0 0 0 0 0 0 0 0 0 0 0 0 0 0 0 0 0.133742366011959 0 0 0 0.059864931029762 0 0 0 0 0 0 0 0 0 0 0 0.0569828793423673 0.126313795662955 0 0 0.119938536102502 0 0.154930890363829 0 0 0 0 0 0 0 0 0 0 0 0 0
"31" 0 0 0 0 0 0 0 0 0 0 0 0 0 0.105941031487575 0 0 0 0 0 0 0 0 0 0 0 0 0 0 0 0 0 0 0 0 0 0.20195534511717 0 0 0 0 0 0 0 0 0 0 0.10556139092171 0 0 0 0 0 0 0 0.161057888912862 0 0 0 0 0 0 0.208805835282407 0 0 0 0 0 0 0 0 0 0 0 0 0 0 0.341598587987069 0 0 0 0.140162259795378 0 0 0
"32" 0 0 0 0.067060767419323 0 0.0768251592951651 0 0 0 0 0.0328207910583072 0 0.0596906817115145 0 0 0 0 0 0 0 0 0 0 0 0 0.0797282499732072 0 0 0 0 0 0 0.0444990602443339 0.0786478911364226 0 0 0.0680977712625628 0 0.0755100023385574 0 0.0507560045502643 0.0592724555710804 0 0 0 0 0 0 0 0 0 0 0.0533333472869822 0 0 0.0376159246281208 0 0 0 0.048114158846372 0 0 0 0 0.0973683255753149 0 0.0453237143863485 0 0 0 0 0 0 0 0.040729658182883 0.0510137694601836 0 0 0 0 0 0 0 0.043964224721326
"33" 0 0 0 0.0541419645906376 0 0 0 0 0.0896416225356777 0 0.0479255271720612 0 0.053890127051185 0 0 0 0 0 0 0 0 0 0.116361049254102 0 0 0 0 0 0 0 0 0.051257284041748 0 0.0615011249312359 0 0 0.0687496295700374 0 0.0677154069694484 0 0.0482076254861916 0 0 0 0 0 0 0 0 0 0 0 0.0517400641503953 0 0 0.0832097975503176 0 0 0 0.0589892817614139 0 0 0 0 0 0 0.0604380318419638 0 0 0 0 0 0 0 0.0355222188929044 0.0535145935964213 0 0 0.230745265894549 0 0 0 0 0.0722117843543907
"34" 0 0 0 0.0516924696517853 0 0 0 0 0.0942854995693507 0 0.0585549617860764 0 0.0581948996376235 0 0 0 0 0 0 0 0 0 0 0 0 0 0 0 0 0 0 0.0602926042543722 0.043642614214846 0 0 0 0.0767767472641545 0 0.0630571748691774 0 0.0367099792996995 0 0 0 0 0 0 0 0 0 0 0 0.0652832488081175 0 0 0.068988716680662 0 0 0 0.0676997002159246 0 0 0 0 0.0902631453598245 0 0.0474107147517163 0 0 0 0 0 0 0 0.0592136944175837 0.0481570878129713 0 0 0 0 0 0 0 0.0670334000336395
"35" 0 0 0 0 0.0649613185781565 0 0 0 0 0 0 0 0 0 0 0 0 0 0 0 0 0 0.0706629945981108 0 0 0 0 0 0 0 0 0 0 0 0 0 0 0 0 0.132340611867967 0 0 0.116264724644897 0 0.12523729606201 0 0 0 0 0 0 0 0 0 0 0 0.441431252483678 0 0 0 0 0 0 0 0 0 0 0 0 0 0 0 0 0 0 0 0 0 0 0 0 0 0 0
"36" 0 0 0 0 0 0 0 0 0 0 0 0 0 0 0 0 0 0 0 0 0.0937914084507074 0.132424796815004 0 0 0 0 0 0 0 0 0.184840710787426 0 0 0 0 0 0 0 0 0 0 0 0 0 0 0 0 0 0 0 0 0.154507900222303 0 0 0 0 0 0 0 0 0 0 0 0 0 0 0 0 0 0 0 0 0 0 0 0 0.208711464958681 0 0 0 0 0 0 0
"37" 0 0 0 0.0464804697364898 0 0 0 0 0.081092295537442 0 0.0807832634181008 0 0.0776355275038979 0 0 0 0 0 0 0 0 0 0 0 0 0 0 0 0 0 0 0.068445646866332 0.0666484521261723 0.058342244628442 0 0 0 0 0.0619399525845644 0 0.071864941115979 0 0 0 0 0 0 0 0 0 0 0 0.0531390821650555 0 0 0.0522797313967527 0 0 0 0.0443469436440583 0 0 0 0 0 0 0.0491213757199393 0 0 0 0 0 0 0 0.0518898162743668 0.0726394408285948 0 0 0 0 0 0 0 0.0490146362034234
"38" 0 0 0.150219256364273 0 0 0 0 0 0 0 0 0 0 0 0 0 0 0 0 0 0 0 0 0 0 0 0 0 0 0 0 0 0 0 0 0 0 0 0 0 0 0 0 0 0 0 0 0 0 0 0.235131520406842 0 0 0.17581111143872 0 0 0 0 0 0 0 0 0 0 0 0 0 0 0 0 0 0 0 0 0 0 0 0 0 0 0 0 0 0
"39" 0 0 0 0.0733100410731408 0 0 0 0 0 0 0.0670887739198028 0 0.0422744614521598 0 0 0 0 0 0 0 0 0 0 0 0 0.070796896716337 0 0 0 0 0 0.0712279705593435 0.0676364156535799 0.0506688640616758 0 0 0.0553707160092122 0 0 0 0.0548618410626197 0 0 0 0 0 0 0 0 0 0 0 0.0387695738608615 0 0 0.05762027430636 0 0 0 0.0709567450641251 0 0 0 0 0 0 0.0639404081781762 0 0 0 0 0 0 0 0.0524791827425315 0.0616651276697907 0 0 0 0 0 0 0 0.0586399088427811
"40" 0 0 0 0 0.0811470364043855 0 0 0 0.0565008206696812 0 0 0 0 0 0 0 0 0 0 0 0 0 0.131639434767812 0.112012286064353 0 0 0 0 0 0 0 0 0 0 0.196550173329114 0 0 0 0 0 0 0 0.0634066965875728 0 0.0875132663923754 0 0 0 0 0 0 0 0 0 0 0 0 0 0 0 0 0 0 0 0.108584260124193 0 0 0 0 0 0 0 0 0 0 0 0 0 0 0 0 0 0 0
"41" 0 0 0 0.0408792384603938 0 0.0758015702177349 0 0 0 0 0.0434754426451219 0 0.0436298302764347 0 0 0 0 0 0 0 0 0 0 0 0 0.074539207882435 0 0 0 0 0 0.0535190245117938 0.0512189401621695 0.0632068224392953 0 0 0.0772392588563685 0 0.0590490882642427 0 0 0.0862116042500226 0 0 0 0 0 0 0 0 0 0 0.0488047337604478 0 0 0.0406396761365514 0 0 0 0.068859383812548 0 0 0 0 0 0 0.0665387638167336 0 0 0 0 0.107634571787313 0 0 0.0347314183997167 0.065958569983524 0 0 0 0 0 0 0 0.0539751539182502
"42" 0 0 0 0.0412272912563651 0 0.0925222873076203 0.138280863173073 0 0 0 0 0 0.0612883918375549 0 0 0 0 0 0 0 0 0 0 0 0 0.0594036311991428 0 0 0 0 0 0.0535365955433588 0 0 0 0 0 0 0 0 0.0397345181865658 0 0 0 0 0 0 0 0 0 0 0 0.0737732626213724 0 0 0.0389392753545821 0 0 0 0 0 0 0 0 0 0 0.0560515904468973 0.109054329814788 0 0 0 0.0974307473210852 0 0 0.0675769028055058 0 0 0 0 0 0 0 0 0
"43" 0 0 0 0 0.0683769738565901 0 0 0.124695973180145 0 0 0 0 0 0 0 0 0 0 0 0 0 0 0 0.0749456880256828 0 0 0 0.130405536725276 0 0 0 0 0 0 0.153387843893552 0 0 0 0 0.126266070646269 0 0 0 0 0.146167079815054 0 0 0 0 0 0 0 0 0 0 0 0 0 0 0 0 0 0.112924662842073 0 0 0 0 0 0 0.111647851958269 0 0 0 0.125097110934005 0 0 0 0 0 0 0 0.130568715109136 0 0
"44" 0 0.0607057552380282 0 0 0 0 0 0 0 0 0 0 0 0 0.0772957067145818 0.0857059936335049 0 0 0 0 0 0 0 0 0 0 0.0799050112610727 0 0.0761830953810148 0 0 0 0 0 0 0 0 0 0 0 0 0 0 0 0 0.139451935643462 0 0 0 0.10718184781446 0 0 0 0 0 0 0 0.111521602637047 0 0 0 0 0 0.0919865553631301 0 0 0 0 0 0 0 0 0 0 0 0 0 0 0 0.10254217538172 0 0 0 0
"45" 0 0 0 0 0.0656390038804648 0 0 0 0.0775513042592874 0 0 0 0 0 0 0 0 0 0 0 0 0 0.114292808912247 0 0 0 0 0 0 0 0 0 0 0 0.19893263730899 0 0 0 0 0.135032081174667 0 0 0.0959531452608458 0 0 0 0 0 0 0 0 0 0 0 0 0 0 0 0 0 0 0 0 0 0.0506389602747015 0 0 0 0.169540427784362 0 0 0 0 0 0 0 0 0 0 0 0 0 0 0
"46" 0 0.0834537111800326 0 0 0 0 0 0 0 0 0 0 0 0 0.0758550068697321 0.0774935334337824 0 0 0 0 0 0 0 0 0 0 0.0733818817390313 0 0.102019103739973 0 0 0 0 0 0 0 0 0 0 0 0 0 0 0.0802389877037026 0 0 0 0 0 0.0812736060922236 0 0 0 0.185493555375995 0 0 0 0.0806146916841246 0 0 0 0 0 0 0 0 0 0 0 0 0 0 0 0 0 0 0 0 0 0.109268233353829 0 0 0 0
"47" 0 0 0 0 0 0 0 0 0 0.113197099366911 0 0 0 0.0937808670287194 0 0 0 0 0 0.148899254078085 0 0 0 0 0 0 0 0 0 0 0.150180954559582 0 0 0 0 0 0 0 0 0 0 0 0 0 0 0 0 0 0 0 0 0 0 0 0.128628452424067 0 0 0 0 0 0 0.127767918833137 0 0 0 0 0 0 0 0 0 0 0.136162203493668 0 0 0 0 0 0 0 0.100836275493067 0 0.168654516004548 0
"48" 0 0 0 0 0 0 0 0 0 0 0 0 0 0 0.073502796124243 0 0 0 0.187655837744982 0 0 0 0 0 0.274354337898714 0 0.0964928208704529 0 0.105739892101636 0 0 0 0 0 0 0 0 0 0 0 0 0 0 0 0 0 0 0 0 0 0 0 0 0 0 0 0 0.0871372148776309 0 0 0 0 0 0.115603186836423 0 0 0 0 0 0 0 0 0 0 0 0 0 0 0 0 0 0 0 0
"49" 0.0878060273847704 0 0 0 0 0 0 0 0 0 0 0 0 0 0 0 0 0.163809456486003 0 0 0 0 0 0 0 0 0 0 0 0.13778373668215 0 0 0 0 0 0 0 0 0 0 0 0 0 0 0 0 0 0 0 0 0 0 0 0 0 0 0 0 0 0 0 0 0 0 0 0.164502883916416 0 0 0 0 0.109002046609096 0 0.116905338417605 0 0 0 0 0 0 0 0.0763890698942429 0 0 0
"50" 0 0.122464945921916 0 0 0 0 0 0 0 0 0 0 0 0 0.0766878921423827 0.0974564298167868 0 0 0 0 0 0 0 0 0 0 0.0895590945871673 0 0.082168977279829 0 0 0 0 0 0 0 0 0 0 0 0 0 0 0.0843959316019363 0 0.074747375343688 0 0 0 0 0 0 0 0 0 0 0 0.0666713624012615 0 0 0 0 0 0.104694368943473 0 0 0 0 0 0 0 0 0 0 0 0 0 0 0 0.131857603835805 0 0 0 0
"51" 0 0 0.134945296661717 0 0 0 0 0 0 0 0 0 0 0 0 0 0 0 0 0 0 0 0 0 0 0 0 0 0 0 0 0 0 0 0 0 0 0.426371463610807 0 0 0 0 0 0 0 0 0 0 0 0 0 0 0 0.27707426204142 0 0 0 0 0 0 0 0 0 0 0 0 0 0 0 0 0 0 0 0 0 0 0 0 0 0 0 0 0 0
"52" 0 0 0 0 0 0 0 0 0 0 0 0 0 0 0 0 0 0 0 0 0 0.251880764553672 0 0 0 0 0 0 0 0 0 0 0 0 0 0.180183527031943 0 0 0 0 0 0 0 0 0 0 0 0 0 0 0 0 0 0 0 0 0 0 0 0 0 0 0.0923226273600107 0 0 0 0 0 0 0.0866878674191374 0 0 0 0 0 0 0.189394687796693 0 0 0 0 0.148714747972356 0 0
"53" 0 0 0 0.0464773100940351 0 0.0680923291378598 0 0 0 0 0.0533645317226645 0 0.0514750239167769 0 0 0 0 0 0 0 0 0 0 0 0 0.0595131820887093 0 0 0 0.156394167446439 0 0.0567142031657413 0.0677778913290131 0.0563647426983999 0 0 0.0813880166080377 0 0.0617690263710969 0 0.0572545088649456 0.0611890666142494 0 0 0 0 0 0 0 0 0 0 0 0 0 0.0469329012709491 0 0 0 0.0742628290850453 0 0 0 0 0.0565891110656617 0 0.0643873205678499 0 0 0 0 0 0 0 0.0641640859746652 0.0524629955286487 0 0 0 0 0 0 0 0.0586280298005555
"54" 0 0 0 0 0 0 0 0 0 0 0 0 0 0 0 0.0742658348780658 0 0 0 0 0 0 0 0 0 0 0 0 0 0 0 0 0 0 0 0 0 0.283183579150335 0 0 0 0 0 0 0 0.0984243520465312 0 0 0 0 0.333647554915755 0 0 0 0 0 0 0 0 0 0 0 0 0 0 0 0 0 0 0 0 0 0 0 0 0 0 0 0 0.125087786755998 0 0 0 0
"55" 0 0 0 0 0 0 0 0 0 0 0 0 0 0.125130641523274 0 0 0 0 0 0.131122297347104 0 0 0 0 0 0 0 0 0 0 0.15142850114027 0 0 0 0 0 0 0 0 0 0 0 0 0 0 0 0.0756990883578362 0 0 0 0 0 0 0 0 0 0 0 0 0 0 0.22116399252826 0 0 0 0 0 0 0 0 0 0 0 0 0 0 0 0 0 0 0 0 0.16233085674904 0
"56" 0 0 0 0.0540299011975943 0 0.0909898022590888 0 0 0 0 0.0576639087057401 0 0.0547535392717224 0 0 0 0 0 0 0 0 0 0 0 0 0.0625706526520349 0 0 0 0 0 0.0572977690525465 0.0535095732192811 0.0736858036707697 0 0 0.0765651523182222 0 0.0738669316114337 0 0.0512820708764977 0.0772215244696713 0 0 0 0 0 0 0 0 0 0 0.0683248525122265 0 0 0 0 0 0 0 0 0 0 0 0 0 0.0586840493239002 0.0864751034233951 0 0 0 0.0743046694419212 0 0 0.0534922371491829 0.0518598549338983 0 0 0 0 0 0 0 0.0535409696237129
"57" 0 0 0 0 0 0 0 0 0 0 0 0 0 0 0 0 0 0 0 0 0 0 0.0704402045546645 0 0 0 0 0 0 0 0 0 0 0 0.187961785723897 0 0 0 0 0 0 0 0 0 0 0 0 0 0 0 0 0 0 0 0 0 0 0 0 0 0 0 0 0 0 0 0 0 0 0 0 0 0 0 0 0 0 0 0.196659762332526 0 0 0 0 0
"58" 0 0.110249565205671 0 0 0 0 0 0 0 0 0 0 0 0 0.0645186283708031 0.0939264602761376 0 0 0 0 0 0 0 0 0.239741691285152 0 0.111059015455029 0 0.0717556486355927 0 0 0 0 0 0 0 0 0 0 0 0 0 0 0.105428314953618 0 0.122816534749678 0 0.0929125389739568 0 0.113571041484211 0 0 0 0 0 0 0 0 0 0 0 0 0 0.100465738398726 0 0 0 0 0 0 0 0 0 0 0 0 0 0 0 0.115296456535331 0 0 0 0
"59" 0 0 0 0 0 0 0 0 0 0 0 0 0 0 0 0 0.499308444690881 0 0 0 0 0 0 0 0 0 0 0 0 0 0 0 0 0 0 0 0 0 0 0 0 0 0 0 0 0 0 0 0 0 0 0 0 0 0 0 0 0 0 0 0 0 0 0 0 0 0 0 0 0 0 0 0 0 0 0 0 0 0 0 0 0 0 0
"60" 0 0 0 0 0 0 0 0 0.107049826229109 0 0.0397741461688589 0 0.051298155053949 0 0 0 0 0 0 0 0 0 0.0966071708825194 0 0 0 0 0 0 0 0 0.0604661664233553 0.0475836030314154 0.0449348440458556 0 0 0.066058585753763 0 0.0600303418885134 0 0.0424487080934784 0 0 0 0 0 0 0 0 0 0 0 0.0494936282224797 0 0 0 0 0 0 0 0 0 0 0 0.0546920322510261 0 0.0714663593334669 0 0 0 0 0 0 0 0.0471710137336867 0.0457102426943873 0 0 0.221108500976741 0 0 0 0 0.0461122770222313
"61" 0 0 0.153898711071622 0 0 0 0.125646117110408 0 0 0 0 0.131037971954748 0 0 0 0 0 0 0 0 0 0 0 0 0 0 0 0 0 0 0 0 0 0 0 0 0 0 0 0 0 0 0 0 0 0 0 0 0 0 0 0 0 0 0 0 0 0 0 0 0 0 0 0 0 0 0 0.117221741919362 0 0 0 0 0 0 0 0 0 0.275852826961165 0 0 0 0 0 0
"62" 0 0 0 0 0 0 0 0 0 0 0 0 0 0.153112262400102 0 0 0 0 0 0.13547995648705 0 0 0 0 0 0 0 0 0 0 0.167320752558223 0 0 0 0 0 0 0 0 0 0 0 0 0 0 0 0.104224919118282 0 0 0 0 0 0 0 0.151017301877988 0 0 0 0 0 0 0 0 0 0 0 0 0 0 0 0 0 0 0 0 0 0 0 0 0 0 0 0.158013548922923 0
"63" 0 0 0 0 0.0974383574932246 0 0 0.102755893902318 0 0 0 0 0 0 0 0 0 0 0 0 0.0967765974917716 0.248515297225262 0 0.156878596865272 0 0 0 0.160307558505158 0 0 0 0 0 0 0 0 0 0 0 0 0 0 0.0761896660680948 0 0 0 0 0 0 0 0 0.153486947638428 0 0 0 0 0 0 0 0 0 0 0 0 0 0 0 0 0 0.0949114485456534 0 0 0 0.126633946088012 0 0 0 0 0 0 0 0.136774355404083 0 0
"64" 0 0.115785068498141 0 0 0 0 0 0 0 0 0 0 0 0 0.067484751855274 0 0 0 0.111400469923678 0 0 0 0 0 0.155451842473054 0 0.087632262749301 0 0.0688775868363116 0 0 0 0 0 0 0 0 0 0 0 0 0 0 0.0974050668401386 0 0 0 0.126582817479932 0 0.136016036973929 0 0 0 0 0 0 0 0.0680230799056158 0 0 0 0 0 0 0 0 0 0 0 0 0 0 0 0 0 0 0 0 0 0 0 0 0 0
"65" 0 0 0 0 0.0641100715824244 0 0 0 0.0538294977801023 0 0 0 0 0 0 0 0 0 0 0 0 0 0.107096411543867 0 0 0 0 0 0 0.130897251228431 0 0.0472482562837272 0 0.0657682093033182 0 0 0 0 0 0.137465684622398 0 0 0 0 0.145776894571178 0 0 0 0 0 0 0 0.0513948842775973 0 0 0 0 0 0 0.0422584126974847 0 0 0 0 0 0 0 0 0.100982453766918 0 0 0 0 0 0 0 0 0 0 0 0 0 0 0.0679863118763894
"66" 0.102864139598601 0 0 0 0 0 0 0 0 0 0 0 0 0 0 0 0 0.197863962978577 0 0 0 0 0 0 0 0 0 0 0 0.137472333149993 0 0 0 0 0 0 0 0 0 0 0 0 0 0 0 0 0 0 0.16196255388254 0 0 0 0 0 0 0 0 0 0 0 0 0 0 0 0 0 0 0 0.159705851851395 0 0.123940089459425 0 0 0 0 0 0 0 0 0 0 0 0 0
"67" 0 0 0 0.0484398180850574 0 0.0861962087806578 0 0 0 0 0.0562034137117504 0 0.0591261387299241 0 0 0 0 0 0 0 0 0 0 0 0 0.0739710742323552 0 0 0 0 0 0.0502545773368017 0.0525222873010581 0.0612960567611302 0 0 0.0554568872511615 0 0.0479408135882513 0 0.0374792182211521 0.0813752674241915 0 0 0 0 0 0 0 0 0 0 0.0431013641841219 0 0 0.0581902052884413 0 0 0 0.045522184840107 0 0 0 0 0 0 0 0 0 0 0 0.0853381225966729 0 0 0.0550717318939453 0.0492541627035296 0 0 0 0 0 0 0 0.042547501292811
"68" 0 0 0.0857730474115939 0.0378011763074802 0 0.0749865291826808 0.0856540659416155 0 0 0 0 0.165792050429246 0 0 0 0 0 0 0 0 0 0 0 0 0 0.0496553113035079 0 0 0 0 0 0 0 0 0 0 0 0 0 0 0 0.092974982893295 0 0 0 0 0 0 0 0 0 0 0 0 0 0.054488955185705 0 0 0 0 0.233698470108964 0 0 0 0 0 0 0 0 0 0 0.0989738024736362 0 0 0 0 0 0 0 0 0 0 0 0
"69" 0.0884606208895035 0 0 0 0.0581979899748652 0 0 0 0 0 0 0 0 0 0 0 0 0 0 0 0.0725664597988589 0 0 0 0 0 0 0 0 0.138223870030725 0 0 0 0 0 0 0 0 0 0 0 0 0 0 0.101059914530379 0 0 0 0 0 0 0 0 0 0 0 0 0 0 0 0 0 0 0 0.0839192205401174 0.184878304032589 0 0 0 0 0.120176112767863 0 0 0 0 0 0 0 0 0 0 0 0 0
"70" 0 0 0 0 0.0883933750215647 0 0 0.130425701250888 0 0 0 0 0 0 0 0 0 0 0 0 0.0860530064590133 0 0 0.105663385650697 0 0 0 0.117731565199835 0 0 0 0 0 0 0 0 0 0 0 0 0 0 0.0918258559830495 0 0 0 0 0 0 0 0 0.230447966644417 0 0 0 0 0 0 0 0 0 0 0.0885908641281537 0 0 0 0 0 0 0 0 0 0 0.0771892537305225 0 0 0 0 0 0 0 0.109197544267179 0 0
"71" 0.0672745275628739 0 0 0 0 0 0 0 0 0 0 0 0 0 0 0 0 0.172596830863434 0 0 0.0932066877825178 0 0 0 0 0 0 0 0 0.10682028746186 0 0 0 0 0 0 0 0 0 0 0 0 0 0 0 0 0 0 0.164184897978224 0 0 0 0 0 0 0 0 0 0 0 0 0 0 0 0 0.186147224037334 0 0 0.115260866499867 0 0 0 0.187330200149631 0 0 0 0 0 0 0 0.126236656229263 0 0 0
"72" 0 0 0 0.0374911325149648 0 0.0570048190935079 0.117834253205228 0 0 0 0 0.144880547659413 0.049870190948979 0 0 0 0 0 0 0 0 0 0 0 0 0.0663497550867966 0 0 0 0 0 0 0 0 0 0 0 0 0 0 0.0304633935566115 0.0835374737755011 0 0 0 0 0 0 0 0 0 0 0 0 0 0.0480964158717429 0 0 0 0 0 0 0 0 0 0 0.0546995099260778 0.10279270605484 0 0 0 0 0 0 0.0293171715526211 0 0 0 0 0 0 0 0 0
"73" 0.113510995973093 0 0 0 0 0 0 0 0 0.138589557671549 0 0 0 0 0 0 0 0.149114924837286 0 0 0 0 0 0 0 0 0 0 0 0 0 0 0 0 0 0 0 0 0 0 0 0 0 0 0 0 0.100868145649276 0 0.162334806603426 0 0 0 0 0 0 0 0 0 0 0 0 0 0 0 0 0 0 0 0 0 0.105512012033995 0 0 0 0 0 0 0 0 0 0.108782761467357 0 0 0
"74" 0 0 0 0 0.0573230347842668 0 0 0.140007256983947 0 0 0 0 0 0 0 0 0 0 0 0 0.0911903334739497 0 0 0.14702591674426 0 0 0 0.118683131120104 0 0 0 0 0 0 0 0 0 0 0 0 0 0 0.117573976245779 0 0 0 0 0 0 0 0 0 0 0 0 0 0 0 0 0 0 0 0.108828330989298 0 0 0 0 0 0 0.116481370601802 0 0 0 0 0 0 0 0 0 0 0 0.150261340100773 0 0
"75" 0 0 0 0.0338714653816355 0 0.062576786564166 0 0 0 0 0.0707999836926382 0 0.0582299076703334 0 0 0 0 0 0 0 0 0 0 0 0 0.0747552467468439 0 0 0 0 0 0.0523267808291355 0.0798556142207142 0.0425977901177453 0 0 0.0685183952020981 0 0.0369373097912153 0 0.0611821798970512 0.0787569243755872 0 0 0 0 0 0 0 0 0 0 0.0375760382055932 0 0 0.0659918095294075 0 0 0 0.0612785342591747 0 0 0 0 0 0 0.0300834815081406 0 0 0 0 0.08389839663692 0 0 0 0.0699767246931797 0 0 0 0 0 0 0 0.0575502287480151
"76" 0 0 0 0.0418311261955747 0 0 0 0 0.0966650694781599 0 0.0620292119125852 0 0.0537358754194727 0 0 0 0 0 0 0 0 0 0.0894318368419576 0 0 0 0 0 0 0 0 0.0384675695495913 0.0790021726067066 0.081815530168299 0 0 0.0647437761144091 0 0.0603080474678655 0 0.0380386399839929 0 0 0 0 0 0 0 0 0 0 0 0.0505066219426771 0 0 0.044720983224286 0 0 0 0.0492622541429232 0 0 0 0 0 0 0.0679536378427757 0 0 0 0 0 0 0 0.0672769233935162 0 0 0 0 0 0 0 0 0.0726658335169899
"77" 0 0 0 0 0 0 0 0 0 0 0 0 0 0 0 0 0 0 0 0 0 0.210220925344016 0 0 0 0 0 0 0 0 0.146310460096204 0 0 0 0 0.225719526387385 0 0 0 0 0 0 0 0 0 0 0 0 0 0 0 0.173661677134403 0 0 0 0 0 0 0 0 0 0 0 0 0 0 0 0 0 0 0 0 0 0 0 0 0 0 0 0 0 0 0 0
"78" 0 0 0.117542111320513 0 0 0 0.148642003615744 0 0 0 0 0.15053287483358 0 0 0 0 0 0 0 0 0 0 0 0 0 0 0 0 0 0 0 0 0 0 0 0 0 0 0 0 0 0 0 0 0 0 0 0 0 0 0 0 0 0 0 0 0 0 0 0 0.148657990640138 0 0 0 0 0 0 0 0 0 0 0 0 0 0 0 0 0 0 0 0 0 0 0
"79" 0 0 0 0 0 0 0 0 0.0922941175925824 0 0 0 0 0 0 0 0 0 0 0 0 0 0.102973592591655 0 0 0 0 0 0 0 0 0 0.0510743356215893 0 0 0 0 0 0 0 0 0 0 0 0 0 0 0 0 0 0 0 0 0 0 0 0.197000889525421 0 0 0.0540656287938573 0 0 0 0 0 0 0 0 0 0 0 0 0 0 0 0 0 0 0 0 0 0 0 0
"80" 0 0.101596794753833 0 0 0 0 0 0 0 0 0 0 0 0 0.0953253294075349 0.0781359879040597 0 0.234525634760253 0 0 0 0 0 0 0 0 0 0 0.12058998265389 0 0 0 0 0 0 0 0 0 0 0 0 0 0 0.0919453053195866 0 0.139618527305846 0 0 0 0.10510238072683 0 0 0 0.183284940900182 0 0 0 0.060750262664726 0 0 0 0 0 0 0 0 0 0 0 0 0 0 0 0 0 0 0 0 0 0 0 0 0 0
"81" 0.113423451125487 0 0 0 0 0 0 0 0 0 0 0 0 0.133764691134452 0 0 0 0 0 0 0.118598075265808 0 0 0 0 0 0 0 0 0 0.113217868445026 0 0 0 0 0 0 0 0 0 0 0 0 0 0 0 0.13241995454122 0 0.126821461660919 0 0 0 0 0 0 0 0 0 0 0 0 0 0 0 0 0 0 0 0 0 0.128000917335506 0 0.158834345747966 0 0 0 0 0 0 0 0 0 0 0
"82" 0 0 0 0 0 0 0 0.0715578689797094 0 0 0 0 0 0 0 0 0 0 0 0 0 0 0 0.141627181320156 0 0 0 0.0849344099186624 0 0 0 0 0 0 0 0 0 0 0 0 0 0 0.12192215561287 0 0 0 0 0 0 0 0 0.200698872702768 0 0 0 0 0 0 0 0 0 0 0.0557820608338756 0 0 0 0 0 0 0.100837199700314 0 0 0 0.0994009816179424 0 0 0 0 0 0 0 0 0 0
"83" 0 0 0 0 0 0 0 0 0 0.129017256081408 0 0 0 0.10415518977765 0 0 0 0 0 0.187637908676841 0 0 0 0 0 0 0 0 0 0 0 0 0 0 0 0 0 0 0 0 0 0 0 0 0 0 0.127097182710173 0 0 0 0 0 0 0 0.162459988387256 0 0 0 0 0 0 0.187866798822154 0 0 0 0 0 0 0 0 0 0 0 0 0 0 0 0 0 0 0 0 0 0
"84" 0 0 0 0.0677622555145631 0 0 0 0 0.0561107490541636 0 0.0855962605712424 0 0.0767571228228618 0 0 0 0 0 0 0 0 0 0.0648283993964595 0 0 0 0 0 0 0 0 0.0365840316664617 0.0662336025334638 0.0555194566591298 0 0 0.0607359697258435 0 0.0707829459572886 0 0.0622855402960465 0 0 0 0 0 0 0 0 0 0 0 0.0585331643609729 0 0 0.0481833643458697 0 0 0 0.0607391719455534 0 0 0 0 0.0660279220589894 0 0.0532109665061694 0 0 0 0 0 0 0 0.0646089614821954 0.0521451265034394 0 0 0 0 0 0 0 0
