"V1" "V2" "V3" "V4" "V5" "V6" "V7" "V8" "V9" "V10" "V11" "V12" "V13" "V14" "V15" "V16" "V17" "V18" "V19" "V20" "V21"
"1" 0 0 0.30527069930309 0 0 0 0 0 0 0 0 0 0 0 0 0 0 0 0 0 0
"2" 0 0 0 0.377099213414597 0 0 0 0 0 0 0 0 0 0 0 0 0 0 0 0 0
"3" 1.31917373567048 0 0 0.195899857119312 0.77308379856339 0 0 0 0 0.342152097925607 0 0 0 0 0 0 0 0 0 0 0
"4" 0 0.901631884938099 0.251776592319479 0 0 0.20024752657199 0 0 0 0 0 0 0 0 0 0 0 0 0 0 0
"5" 0 0 0.211570959384067 0 0 0 0 0 0 0 0 0 0 0 0 0 0 0 0 0 0
"6" 0 0 0 0.328074707623372 0 0 0.942533314768399 0 0.329517746498735 0 0 0 0 0 0 0 0 0 0 0 0
"7" 0 0 0 0 0 0.369525376567965 0 0 0 0 0 0 0 0 0 0 0 0 0 0 0
"8" 0 0 0 0 0 0 0 0 0 0.250074004151516 0 0 0 0 0 0 0 0 0 0 0
"9" 0 0 0 0 0 0.421626382901968 0 0 0 0 0.771126588983493 0.295575976984397 0 0 0 0 0 0 0 0 0
"10" 0 0 0.168162794630358 0 0 0 0 0.973508542615314 0 0 0 0 0.308873049186666 0 0 0 0 0 0 0 0
"11" 0 0 0 0 0 0 0 0 0.369039434153767 0 0 0 0 0 0 0 0 0 0 0 0
"12" 0 0 0 0 0 0 0 0 0.344468192384885 0 0 0 0 1.08397571428364 0 0.348544382266645 0 0 0 0 0
"13" 0 0 0 0 0 0 0 0 0 0.316309204368746 0 0 0 0 0 0 0.300991278653302 0 1.35626911956196 0 0
"14" 0 0 0 0 0 0 0 0 0 0 0 0.374764766286184 0 0 0 0 0 0 0 0 0
"15" 0 0 0 0 0 0 0 0 0 0 0 0 0 0 0 0 0.393525470552361 0 0 0 0
"16" 0 0 0 0 0 0 0 0 0 0 0 0.134211987580435 0 0 0 0 0 0.814977500615731 0 0.939393582538798 0
"17" 0 0 0 0 0 0 0 0 0 0 0 0 0.361126291630054 0 0.971678543916493 0 0 0 0 0 1.51088858146648
"18" 0 0 0 0 0 0 0 0 0 0 0 0 0 0 0 0.324170081392706 0 0 0 0 0
"19" 0 0 0 0 0 0 0 0 0 0 0 0 0.335048697728954 0 0 0 0 0 0 0 0
"20" 0 0 0 0 0 0 0 0 0 0 0 0 0 0 0 0.448068933100475 0 0 0 0 0
"21" 0 0 0 0 0 0 0 0 0 0 0 0 0 0 0 0 0.469683034867858 0 0 0 0
