"V1" "V2" "V3" "V4" "V5" "V6" "V7" "V8" "V9" "V10" "V11" "V12" "V13" "V14" "V15" "V16" "V17" "V18" "V19" "V20" "V21" "V22" "V23" "V24" "V25" "V26" "V27" "V28" "V29" "V30" "V31" "V32" "V33" "V34" "V35" "V36" "V37" "V38" "V39" "V40" "V41" "V42" "V43" "V44" "V45" "V46" "V47" "V48" "V49" "V50" "V51" "V52" "V53" "V54" "V55" "V56" "V57" "V58" "V59" "V60" "V61" "V62" "V63" "V64" "V65" "V66" "V67" "V68" "V69" "V70" "V71" "V72" "V73" "V74" "V75" "V76" "V77" "V78" "V79" "V80" "V81" "V82" "V83" "V84"
"1" 0 0 0.259882103665966 0 0 0 0 0 0 0 0 0.214407185133327 0 0 0 0 0 0 0 0 0 0 0 0 0 0 0 0 0 0.10529697153977 0 0 0 0 0 0 0 0 0 0 0 0 0 0 0 0 0 0 0 0.383878972559291 0 0 0 0 0 0.0934654154868565 0 0 0 0 0 0 0 0 0 0 0 0 0 0 0.125923989443321 0 0 0 0 0 0 0 0 0 0 0.278826699089188 0 0
"2" 0 0 0 0 0 0 0 0 0 0.22108116783394 0 0 0 0 0.112945295735275 0 0 0 0 0 0 0.125730550202831 0 0 0.182858349467616 0 0 0 0 0 0 0 0 0 0 0 0 0 0 0 0 0 0 0 0 0 0 0 0 0 0 0 0 0 0 0 0 0 0 0 0.1409266792063 0 0 0 0 0 0 0.229723905284858 0 0 0 0 0 0 0 0 0 0 0 0 0 0 0 0.100430030782798
"3" 0.191014264344724 0 0 0 0 0 0 0 0 0 0 0 0 0 0 0 0 0 0 0 0 0 0 0 0 0 0.512820226175857 0 0.252160663953351 0 0 0 0 0 0 0 0 0 0 0 0 0 0 0 0 0 0 0 0 0 0 0 0 0 0.103015690923514 0 0 0 0 0 0 0 0 0 0 0 0 0 0 0 0 0 0 0 0 0 0 0 0 0 0 0 0 0
"4" 0 0 0 0 0 0.297504003957098 0 0 0 0 0 0 0 0 0 0 0 0 0 0 0 0.136120026006149 0 0 0 0 0 0 0 0 0 0 0 0 0 0 0 0 0 0 0 0.239978136054201 0 0.178358872917913 0 0 0 0 0 0.4024952075583 0 0.154943348339039 0 0.23269833033217 0 0 0 0 0 0 0 0 0 0 0 0 0 0 0 0 0.0754853822878298 0.239249423122985 0 0 0 0 0 0 0 0 0 0 0 0
"5" 0 0 0 0 0 0 0 0 0 0 0 0 0 0 0 0 0 0 0 0 0 0 0 0 0 0.141742531902496 0 0 0 0 0 0 0 0 0 0 0 0 0 0 0 0 0 0 0 0 0 0 0 0 0 0 0 0 0 0 0 0 0 0 0 0 0 0 0 0 0 0 0 0 0 0 0 0 0 0 0 0 0 0 0 0 0.174563144617575 0
"6" 0 0 0 0.0951099300880673 0 0 0 0 0 0 0 0 0 0 0 0 0 0 0 0 0 0 0 0 0 0 0 0 0 0 0 0 0 0.193099204248263 0 0 0 0 0 0 0 0 0 0 0 0 0 0 0.170948276556601 0 0 0 0 0 0 0.0891904895952511 0 0 0 0 0 0 0 0 0 0 0 0 0 0 0 0 0 0 0 0 0 0 0 0 0 0 0 0
"7" 0 0 0 0 0 0 0 0 0 0 0.115540357939417 0.147160381083113 0.212838775715628 0.154339282538011 0 1.11037296186395 0.198592513117647 0 0 0 0 0 0 0 0 0 0 0 0 0 0 0 0 0 0 0 0 0 0 0.13003436301298 0 0 0 0 0 0 0 0 0 0 0 0 0 0 0 0 0 0 0 0 0 0 0 0 0 0 0.230951769210352 0 0 0 0 0 0 0 0 0 0 0.140617523066454 0 0 0 0 0 0
"8" 0 0 0 0 0 0 0 0 0 0 0 0 0 0 0 0 0 0.280193047734733 0.188197284381172 0 0 0 0 0 0 0 0 0.0909240873702337 0 0 0 0 0 0 0 0 0 0 0 0 0 0 0 0 0 0 0 0 0 0 0 0 0 0 0 0.0832753471272546 0 0 0.348159520957685 0 0 0 0 0 0.0754551901720447 0 0 0 0.160464847323366 0 0 0 0 0.110748129713874 0 0 0 0 0 0 0 0 0 0
"9" 0 0 0 0 0 0 0 0 0 0 0 0 0 0 0.161686526156011 0 0 0 0 0 0 0 0 0 0 0 0 0 0 0 0 0 0 0 0.153834321639737 0 0 0 0 0 0 0 0 0 0 0 0 0 0 0 0 0 0 0 0 0 0 0 0 0 0 0 0 0 0 0 0 0 0 0 0 0 0 0 0 0 0 0 0 0 0 0 0 0
"10" 0 0.0884407787475663 0 0 0 0 0 0 0 0 0 0 0 0 0.158268003404305 0 0 0 0 0 0 0 0 0.379940329255278 0 0 0 0 0 0 0 0 0 0 0 0 0 0 0 0 0 0 0 0 0 0 0.103650801922241 0 0 0 0 0 0 0 0 0.0395455537743754 0 0 0 0 0.115124040159953 0 0 0 0 0 0 0 0 0 0 0 0 0 0 0 0 0 0 0 0 0 0 0
"11" 0 0 0 0 0 0 0.0961287986213179 0 0 0 0 0 0 0 0 0 0 0 0 0 0 0 0 0 0 0 0 0 0 0.0763277327318937 0 0 0 0 0 0 0 0 0 0 0 0 0.123506046088263 0 0 0 0 0.176995193408084 0.184541163770384 0 0 0 0 0 0 0 0 0.232582694149255 0 0 0 0 0 0 0 0 0 0 0 0 0 0 0 0 0 0 0 0 0 0 0 0 0 0
"12" 0.153966254817255 0 0 0 0 0 0.113661367434793 0 0 0 0 0 0 0 0 0 0 0 0 0 0 0 0 0 0 0 0 0 0 0 0 0 0 0 0 0 0 0 0 0 0 0 0 0 0 0 0 0.142574284228381 0 0 0.219957835475366 0 0 0 0 0 0 0 0 0 0 0 0 0 0 0 0 0 0.118824981970994 0 0 0 0 0 0 0 0.185523381003868 0 0 0 0 0 0 0
"13" 0 0 0 0 0 0 0.12611228457297 0 0 0 0 0 0 0 0 0 0 0 0 0 0 0 0 0 0 0 0 0 0 0 0 0 0 0.102276525863316 0 0 0 0 0 0 0 0 0 0 0 0 0 0 0 0 0 0 0 0 0 0 0 0 0 0 0 0 0 0.287750902964897 0 0.222240573214166 0 0 0 0 0 0 0 0.125304353583315 0 0 0 0 0 0 0 0 0 0
"14" 0 0 0 0 0 0 0.133697058392075 0 0 0 0 0 0 0 0 0 0 0 0 0.153886095032903 0 0 0 0 0 0 0 0.0932008867703887 0.20086775185825 0 0 0 0 0 0 0 0 0 0 0 0 0.209979768460075 0.129721657455476 0 0 0 0 0 0 0 0 0 0 0 0 0 0 0 0 0 0 0 0 0 0 0 0 0 0 0 0 0 0 0 0 0 0 0 0 0 0 0 0 0
"15" 0 0.106471979070224 0 0 0 0 0 0 0.370950030083827 0.199494934392568 0 0 0 0 0 0 0 0 0 0 0 0 0 0 0 0 0 0 0 0 0 0 0 0 0 0 0 0 0 0 0 0 0 0 0 0 0 0 0 0 0 0 0 0 0 0 0 0 0 0 0 0 0 0 0.103086277193217 0 0 0 0 0.126299979592254 0 0.225995133604515 0 0 0 0 0 0 0 0 0 0 0 0
"16" 0 0 0 0 0 0 0.123959733592073 0 0 0 0 0 0 0 0 0 0 0 0 0 0 0 0 0 0 0 0 0 0 0 0 0 0 0 0 0 0 0 0 0 0 0 0 0 0 0 0 0 0 0 0 0 0 0 0 0 0 0 0 0 0 0 0 0 0 0 0 0 0 0 0 0 0 0 0 0 0 0 0 0 0 0 0 0
"17" 0 0 0 0 0 0 0.109314733773206 0 0 0 0 0 0 0 0 0 0 0 0 0 0 0 0 0 0 0 0 0.110901802921802 0 0 0 0 0 0 0 0 0 0 0 0 0 0 0 0 0 0 0 0 0 0 0 0 0 0 0 0 0 0 0 0 0 0 0 0 0 0 0 0 0.112745336151159 0 0 0 0 0.148085212420571 0 0 0 0 0 0 0 0 0.147174748102725 0
"18" 0 0 0 0 0 0 0 0.153087264007269 0 0 0 0 0 0 0 0 0 0 0.20852165716533 0 0 0 0 0 0 0 0 0 0.207779394248151 0 0 0 0 0 0 0 0 0 0 0 0 0 0 0 0 0 0 0 0 0 0 0 0 0 0 0 0 0 0 0 0 0 0 0 0.108470197658919 0 0 0 0 0 0 0 0 0 0 0 0 0 0 0 0 0 0 0
"19" 0 0 0 0 0 0 0 0.138765184238408 0 0 0 0 0 0 0 0 0 0.299903208859141 0 0 0 0.11187390753677 0 0 0 0 0 0 0 0 0 0 0 0 0 0 0 0 0 0 0 0 0 0 0 0 0 0 0 0 0.211108002972747 0 0 0 0 0 0 0 0 0.158360541813392 0 0 0 0 0 0 0.270912793571155 0 0 0 0 0 0 0 0 0 0 0 0 0 0 0 0 0.0681668885226246
"20" 0 0 0 0 0 0 0 0 0 0 0 0 0 0.160734105325323 0 0 0 0 0 0 0 0 0.979158792924183 0 0 0 0 0 0 0 0 0 0.269274449920917 0 0 0 0 0.12859261094188 0 0 0 0 0 0 0 0 0 0 0 0 0 0 0 0 0 0 0 0 0 0 0 0 0 0 0 0 0 0 0.124788245524324 0 0 0 0 0 0 0 0 0 0 0 0 0 0 0
"21" 0 0 0 0 0 0 0 0 0 0 0 0 0 0 0 0 0 0 0 0 0 0 0 0 0 0 0 0 0 0 0 0 0 0 0.265670161966548 0 0 0 0 0 0 0 0 0 0 0 0 0 0 0 0 0 0.230804964920005 0 0 0 0 0.247878849909222 0 0 0 0 0 0 0 0 0 0 0.100440157305768 0 0 0 0 0 0 0 0 0 0 0 0 0 0.152947717615133 0
"22" 0 0.129018311486268 0 0.122476973451435 0 0 0 0 0 0 0 0 0 0 0 0 0 0 0.117896205867001 0 0 0 0 0 0 0 0 0 0 0.0962438607467744 0 0 0 0 0 0 0 0 0 0 0.097560618939164 0 0 0 0 0 0 0.0841801529136582 0 0 0.217240956345326 0.282533856231281 0 0 0 0.095654126117703 0 0 0 0 0 0 0 0 0 0 0 0 0 0 0 0 0 0 0 0 0 0 0 0 0 0 0 0
"23" 0 0 0 0 0 0 0 0 0 0 0 0 0 0 0 0 0 0 0 0.2098307244729 0 0 0 0 0 0 0 0 0 0 0 0 0 0 0 0 0 0 0 0 0 0 0 0 0 0 0 0 0 0 0 0 0 0 0 0 0 0 0 0 0 0 0 0 0 0 0 0 0 0 0 0 0 0 0 0 0 0 0 0 0 0 0 0
"24" 0 0 0 0 0 0 0 0 0 0.222401413343705 0 0 0 0 0 0 0 0 0 0 0 0 0 0 0 0 0 0 0 0 0 0 0 0 0 0 0 0 0 0 0 0 0 0 0 0 0 0 0 0 0 0 0 0 0 0 0 0 0 0 0 0 0 0 0 0 0 0 0 0 0 0 0 0 0 0.184982499125393 0 0 0 0 0 0 0 0.156132029198736
"25" 0 0.154857193824519 0 0 0 0 0 0 0 0 0 0 0 0 0 0 0 0 0 0 0 0 0 0 0 0 0 0 0 0.15866695203897 0 0 0 0 0 0 0 0 0 0 0 0.220543198358247 0 0 0 0 0 0 0 0 0 0 0 0 0 0 0 0 0 0 0 0 0 0 0 0 0 0 0 0 0 0 0 0 0 0 0 0.170606030441616 0 0 0 0 0.143501604833147 0
"26" 0 0 0 0 0.620692835739689 0 0 0 0 0 0 0 0 0 0 0 0 0 0 0 0 0 0 0 0 0 0 0 0 0 0 0 0 0 0.251852328014198 0.166682827093161 0 0 0 0 0 0 0 0 0 0 0.164747694901699 0 0 0 0 0 0 0 0 0 0 0 0 0 0 0 0 0 0 0 0 0 0 0 0 0 0 0 0 0 0 0 0 0.223552910820174 0 0 0.139606772813913 0
"27" 0 0 0.216203065943829 0 0 0 0 0 0 0 0 0 0 0 0 0 0 0 0 0 0 0 0 0 0 0 0 0 0 0 0 0 0 0 0 0 0 0 0 0 0 0 0 0 0 0 0 0 0 0 0 0 0 0 0 0 0 0 0 0 0 0 0 0 0 0 0 0 0 0 0 0.159661998695267 0 0 0 0 0 0 0 0 0 0 0 0
"28" 0 0 0 0 0 0 0 0.141427348632525 0 0 0 0 0 0.188441830663267 0 0 0.193262629069823 0 0 0 0 0 0 0 0 0 0 0 0 0.116598935596993 0 0 0 0 0 0 0 0 0 0.105174561856647 0 0 0 0 0 0 0 0 0 0 0 0 0 0 0.125450617853113 0 0.225190829917134 0 0 0.126910163192424 0 0 0 0 0 0 0 0 0 0.171866351714835 0 0 0 0 0.182036085816897 0 0 0 0 0 0 0 0 0
"29" 0 0 0.211891039746152 0 0 0 0 0 0 0 0 0 0 0.162653910520465 0 0 0 0.233933468180905 0 0 0 0 0 0 0 0 0 0 0 0 0 0 0 0 0 0 0 0 0 0 0 0 0 0 0 0 0 0 0 0 0 0 0 0 0 0 0 0 0 0 0 0 0 0 0 0 0 0 0 0 0 0 0 0 0 0 0.151250990319458 0 0 0.235466260687032 0 0 0 0
"30" 0.105791255172942 0 0 0 0 0 0 0 0 0 0.133155327614406 0 0 0 0 0 0 0 0 0 0 0.137861064516479 0 0 0.185864920806837 0 0 0.111396745400252 0 0 0 0 0 0 0 0 0 0 0 0 0 0 0.125377924283872 0 0 0 0 0 0 0 0 0 0 0 0 0 0.187185474781307 0 0 0 0 0 0 0.400879243194379 0 0 0 0 0 0 0 0 0 0 0 0 0 0 0 0 0 0 0 0
"31" 0 0 0 0 0 0 0 0 0 0 0 0 0 0 0 0 0 0 0 0 0 0 0 0 0 0 0 0 0 0 0 0.206926048422445 0 0 0 0 0 0 0 0 0.116247319499247 0 0 0 0 0 0 0 0 0 0 0 0 0 0.120982331304474 0 0 0 0 0 0 0 0 0 0 0 0.308358772964196 0 0 0 0 0 0 0 0 0 0 0 1.19937914770815 0 0 0 0 0
"32" 0 0 0 0 0 0 0 0 0 0 0 0 0 0 0 0 0 0 0 0 0 0 0 0 0 0 0 0 0 0 0.203210140098575 0 0 0 0 0 0 0 0 0 0 0 0 0 0 0 0 0 0.2287645105265 0 0.198694940014153 0 0 0 0 0 0 0 0 0 0 0 0 0 0 0.15158581033258 0 0 0 0 0 0 0.154416478655052 0 0 0 0 0 0 0 0 0 0 0
"33" 0 0 0 0 0 0 0 0 0 0 0 0 0 0 0 0 0 0 0 0.17730381905167 0 0 0 0 0 0 0 0 0 0 0 0 0 0 0 0 0 0 0 0 0.06537610225138 0 0 0 0 0 0 0 0 0 0 0 0 0 0 0 0 0 0 0 0 0 0 0 0 0 0 0 0 0 0 0 0.195627596162575 0 0 0.173030602992101 0 0 0 0 0.307175029446804 0 0 0
"34" 0 0 0 0 0 0.265787352476837 0 0 0 0 0 0 0.17276317072637 0 0 0 0 0 0 0 0 0 0 0 0 0 0 0 0 0 0 0 0 0 0 0 0 0 0 0.116975711437387 0 0 0 0 0 0.202619135079088 0.186172976889089 0 0 0 0 0 0 0 0 0 0 0 0 0 0 0 0 0 0 0 0 0 0 0 0 0 0 0 0.171688528034598 0 0 0 0 0 0.140632151416141 0 0 0
"35" 0 0 0 0 0 0 0 0 0.412685949936596 0 0 0 0 0 0 0 0 0 0 0 0.141431445899879 0 0 0 0 0.122511068526985 0 0 0 0 0 0 0 0 0 0 0 0 0 0 0 0 0 0 0 0 0 0 0 0 0 0 0 0 0 0 0 0 0 0 0 0 0 0 0 0 0 0 0 0.152786786383749 0 0 0 0 0 0 0 0 0 0 0 0 0 0.0921829846545839
"36" 0 0 0 0 0 0 0 0 0 0 0 0 0 0 0 0 0 0 0 0 0 0 0 0 0 0.14761363899032 0 0 0 0 0 0 0 0 0 0 0 0 0 0 0 0.172000812322085 0 0 0 0 0 0 0.18128179895602 0 0 0 0 0 0 0 0 0 0 0 0.152550220454181 0 0 0 0 0 0 0 0.134106740670062 0 0.0643028262922451 0 0 0 0 0 0 0 0 0 0 0 0 0
"37" 0 0 0 0 0 0 0 0 0 0 0 0 0 0 0 0 0 0 0 0 0 0 0 0 0 0 0 0 0 0 0 0 0 0 0 0 0 0 0 0 0 0 0 0 0 0 0 0 0 0 0 0 0 0 0 0 0 0 0 0 0 0 0 0 0 0 0 0.284229005469764 0 0 0 0 0 0 0 0 0 0.130988694119525 0 0 0 0 0 0
"38" 0 0 0 0 0 0 0 0 0 0 0 0 0 0 0 0 0 0 0 0.10727106020876 0 0 0 0 0 0 0 0 0 0 0 0 0 0 0 0 0 0 0 0 0 0 0 0 0 0 0 0 0 0 0 0 0 0 0 0 0 0.227763883571914 0 0 0 0 0 0 0.0617891481540524 0 0 0 0 0 0.0940536663631027 0 0 0 0 0 0 0 0 0.214717951659269 0 0 0 0
"39" 0 0 0 0 0 0 0 0 0 0 0 0 0 0 0 0 0 0 0 0 0 0 0 0 0 0 0 0 0 0 0 0 0 0 0 0 0 0 0 0 0 0 0 0 0 0 0 0 0 0 0 0 0 0 0 0.109975076322781 0 0 0 0 0 0 0 0 0 0 0 0 0.142758787044856 0 0 0 0 0 0 0 0 0 0 0 0 0 0 0
"40" 0 0 0 0 0 0 0.108594243090064 0 0 0 0 0 0 0 0 0 0 0 0 0 0 0 0 0 0 0 0 0.107165507438444 0 0 0 0 0 0.162657067049611 0 0 0 0 0 0 0.101362405045056 0 0 0.236695756367614 0 0 0 0 0 0 0 0 0 0 0 0 0 0 0 0 0 0 0.235798264503611 0 0.0763801724593073 0 0 0 0 0 0 0 0 0 0 0 0 0 0 0 0 0 0 0.094067060850422
"41" 0 0 0 0 0 0 0 0 0 0 0 0 0 0 0 0 0 0 0 0 0 0.0867435058929066 0 0 0 0 0 0 0 0 0.242018844282737 0 0.188073498863126 0 0 0 0 0 0 0.123746014729954 0 0 0 0 0 0 0 0 0 0 0 0 0 0 0 0 0.203350689486382 0 0 0.167121591775587 0 0.209744386076513 0 0 0 0 0.287064311877399 0 0 0 0 0 0 0 0 0 0 0 0 0 0 0 0 0
"42" 0 0 0 0.114064124586632 0 0 0 0 0 0 0 0 0 0.178137334589931 0 0 0 0 0 0 0 0 0 0 0.198992638736509 0 0 0 0 0 0 0 0 0 0 0.15950010589571 0 0 0 0 0 0 0 0 0 0 0 0 0 0 0 0 0 0 0 0 0 0 0 0 0 0 0 0 0 0 0 0 0 0.193872590040402 0 0 0 0 0 0 0 0 0 0 0 0 0 0
"43" 0 0 0 0 0 0 0 0 0 0 0.144873500910315 0 0 0.142723412304567 0 0 0 0 0 0 0 0 0 0 0 0 0 0 0 0.114410009334267 0 0 0 0 0 0 0 0 0 0 0 0 0 0 0.245487815334572 0 0 0 0 0 0 0 0 0 0 0 0 0 0 0 0 0 0 0.332823171517141 0 0 0 0 0 0 0 0 0 0 0 0 0.155565028808925 0.17224393472464 0 0 0 0 0 0
"44" 0 0 0 0.100450426694394 0 0 0 0 0 0 0 0 0 0 0 0 0 0 0 0 0 0 0 0 0 0 0 0 0 0 0 0 0 0 0 0 0 0 0 0.0866021953595782 0 0 0 0 0 0 0 0.160690985218434 0 0 0 0 0.220018010533629 0 0 0.0815100381747377 0 0 0 0 0 0 0 0 0 0 0 0 0 0 0 0 0 0 0 0 0 0 0 0 0 0 0 0
"45" 0 0 0 0 0 0 0 0 0 0 0 0 0 0 0 0 0 0 0 0 0 0 0 0 0 0 0 0 0 0 0 0 0 0 0 0 0 0 0 0 0 0 0.10481549386603 0 0 0 0 0 0 0 0 0 0 0 0 0 0 0 0 0.216742812247786 0 0 0 0 0 0 0 0 0 0 0.127978916809253 0 0 0 0.181533397155069 0.171227821945332 0 0 0 0 0 0 0 0
"46" 0 0 0 0 0 0 0 0 0 0 0 0 0 0 0 0 0 0 0 0 0 0 0 0 0 0 0 0 0 0 0 0 0 0.178400257970797 0 0 0 0 0 0 0 0 0 0 0 0 0 0 0 0 0 0 0.222384737166594 0.211915651816523 0 0 0 0 0 0 0 0 0 0 0 0 0 0 0 0 0 0 0 0.143182082749383 0 0 0 0 0 0 0 0 0 0
"47" 0 0 0 0 0 0 0 0 0 0.135262229217791 0 0 0 0 0 0 0 0 0 0 0 0 0 0 0 0.159071225797144 0 0 0 0 0 0 0 0.126985063118588 0 0 0 0 0 0 0 0 0 0 0 0 0 0 0 0 0 0 0 0 0.15169473716921 0 0.192060337078428 0 0 0 0 0 0 0 0 0.313563692636576 0 0 0 0 0 0 0 0 0 0 0 0 0 0 0 0 0 0
"48" 0 0 0 0 0 0 0 0 0 0 0.146577050128188 0.200555758107989 0 0 0 0 0 0 0 0 0 0.11739502008076 0 0 0 0 0 0 0 0 0 0 0 0 0 0 0 0 0 0 0 0 0 0.188570969074782 0 0 0 0 0 0 0 0 0 0 0 0.0922763208249266 0 0 0 0 0 0 0 0 0 0 0 0 0 0 0 0 0 0 0 0.147516272958931 0 0 0 0 0 0 0 0
"49" 0 0 0 0 0 0.321413698457781 0 0 0 0 0.212585576344781 0 0 0 0 0 0 0 0 0 0 0 0 0 0 0 0 0 0 0 0 0.191657893957225 0 0 0 0.154928663683917 0 0 0 0 0 0 0 0 0 0 0 0 0 0 0 0 0 0 0 0 0 0 0 0 0 0 0.304480499270167 0 0 0 0 0 0 0.157067369506704 0 0 0 0 0 0 0 0 0 0 0 0 0 0
"50" 0.152885656201319 0 0 0.148684032904146 0 0 0 0 0 0 0 0 0 0 0 0 0 0 0 0 0 0 0 0 0 0 0 0 0 0 0 0 0 0 0 0 0 0 0 0 0 0 0 0 0 0 0 0 0 0 0 0 0 0 0 0 0 0 0 0 0 0 0 0 0 0 0 0 0 0 0 0 0 0 0 0 0 0 0 0.173902447202644 0 0 0 0
"51" 0 0 0 0 0 0 0 0 0 0 0 0.129466516347808 0 0 0 0 0 0 0.14987189879874 0 0 0.105635443027945 0 0 0 0 0 0 0 0 0 0.181736269567324 0 0 0 0 0 0 0 0 0 0 0 0 0 0 0 0 0 0 0 0 0 0 0 0 0 0 0 0 0 0 0 0 0 0 0 0 0 0 0 0 0 0 0 0 0 0 0 0 0 0 0 0.138865214900812
"52" 0 0 0 0.15124427223729 0 0 0 0 0 0 0 0 0 0 0 0 0 0 0 0 0 0.0926583737255694 0 0 0 0 0 0 0 0 0 0 0 0 0 0 0 0 0 0 0 0 0 0 0 0 0 0 0 0 0 0 0 0 0 0 0 0 0 0 0 0 0.248456281400871 0 0 0 0 0 0 0 0.119333836801044 0 0 0 0 0 0 0 0 0 0 0 0 0
"53" 0 0 0 0 0 0 0 0 0 0 0 0 0 0 0 0 0 0 0 0 0.216257179085836 0 0 0 0 0 0 0 0 0 0 0 0 0 0 0 0 0 0 0 0 0 0 0.223020081051813 0 0.261190774182332 0 0 0 0 0 0 0 0 0 0 0 0 0 0 0 0 0 0 0.10014332649294 0 0 0 0 0.130285634710813 0 0 0 0 0 0 0 0 0 0 0 0 0 0
"54" 0 0 0 0.0861014460278453 0 0 0 0 0 0 0 0 0 0 0 0 0 0 0 0 0 0 0 0 0 0 0 0 0 0 0 0 0 0 0 0 0 0 0 0 0 0 0 0 0 0.312608622240829 0 0 0 0 0 0 0 0 0 0 0 0.21261324530578 0 0 0 0.222891109252864 0 0 0 0 0 0 0 0 0 0 0 0 0 0 0 0 0 0.142633448189172 0 0 0 0
"55" 0 0 0.261743083386038 0 0 0 0 0 0 0 0 0 0 0 0 0 0 0 0 0 0 0 0 0 0 0 0 0.102263652491787 0 0 0.207066493462403 0 0 0 0 0 0 0 0 0 0 0 0 0 0 0 0.119361205366713 0 0 0 0 0 0 0 0 0.0924837007134066 0 0 0 0 0 0 0 0 0 0 0 0 0 0 0 0 0 0 0.145743008732593 0 0 0.13423223916623 0 0 0 0 0 0.12068479626017
"56" 0.217967218003151 0 0 0 0 0.179686399803885 0 0.111164708361359 0 0.18059406950629 0 0 0 0 0 0 0 0 0 0 0 0.138441706850572 0 0 0 0 0 0 0 0 0 0 0 0 0 0 0 0 0.550014647522734 0 0 0 0 0.238188770036773 0 0 0 0.120417690187392 0 0 0 0 0 0 0.15020424460157 0 0 0 0 0 0 0 0 0 0.0650522624013887 0 0 0 0 0 0 0 0 0 0 0 0 0 0 0 0 0 0 0
"57" 0 0 0 0 0 0 0 0 0 0 0 0 0 0 0 0 0 0 0 0 0 0 0 0 0 0 0 0.100936438160295 0 0.161253510598052 0 0 0 0 0 0 0 0 0 0 0.113542243026748 0 0 0 0 0 0.18454080850855 0 0 0 0 0 0 0 0 0 0 0 0 0 0 0 0 0 0 0 0 0 0 0 0 0 0 0 0.162940702915697 0 0 0 0 0 0 0 0 0
"58" 0 0 0 0 0 0 0 0 0 0 0.217357620787423 0 0 0 0 0 0 0 0 0 0.271465797261118 0 0 0 0 0 0 0 0 0 0 0 0 0 0 0 0 0.251219274016038 0 0 0 0 0 0 0 0 0 0 0 0 0 0 0 0.182247902325747 0 0 0 0 0 0 0 0 0 0 0 0 0 0 0 0 0 0 0 0 0.245601184941471 0 0 0 0 0 0 0 0 0
"59" 0 0 0 0 0 0 0 0.13743127461216 0 0 0 0 0 0 0 0 0 0 0 0 0 0 0 0 0 0 0 0 0 0 0 0 0 0 0 0 0 0 0 0 0 0 0 0 0 0 0 0 0 0 0 0 0 0 0 0 0 0 0 0 0 0 0 0 0.0838417950708923 0 0 0 0 0 0 0 0 0 0 0 0 0 0 0 0 0.217498023117492 0 0
"60" 0 0 0 0 0 0 0 0 0 0 0 0 0 0 0 0 0 0 0.08607849106713 0 0 0 0 0 0 0 0 0.134794603353772 0 0 0 0 0 0 0 0 0 0 0 0 0.157614888096684 0 0 0 0.140409373147352 0 0 0 0 0 0 0 0 0 0 0 0 0 0 0 0 0 0 0 0.0734012217597408 0 0 0 0 0 0 0 0 0 0 0 0 0 0 0 0 0 0 0.0893884875287435
"61" 0 0.197379059335763 0 0 0 0 0 0 0 0.146791844782968 0 0 0 0 0 0 0 0 0 0 0 0 0 0 0 0 0 0 0 0 0 0 0 0 0 0.0811598891848632 0 0 0 0 0 0 0 0 0 0 0 0 0 0 0 0 0 0 0 0 0 0 0 0 0 0 0.231652708932161 0 0 0 0 0 0 0 0 0 0.127714035157102 0 0 0 0.0962414589718994 0 0 0 0 0 0 0.090792134880249
"62" 0 0 0 0 0 0 0 0 0 0 0 0 0 0 0 0 0 0 0 0 0 0 0 0 0 0 0 0 0 0 0 0 0 0 0 0 0 0 0 0 0.10257473637326 0 0 0 0 0 0 0 0 0 0 0 0 0.268910148752728 0 0 0 0 0 0 0 0 0 0 0 0.176102974996173 0 0 0 0 0 0 0 0 0 0 0 0 0 0 0.329227154405084 0 0.15486582981137 0
"63" 0 0 0 0 0 0 0 0 0 0 0 0 0 0 0 0 0 0 0 0 0 0 0 0 0 0 0 0 0 0 0 0 0 0 0 0 0 0 0 0.138261735815465 0 0 0 0 0 0 0 0 0.160312590690289 0 0 0.294617642913298 0 0 0 0 0 0 0 0 0.161566629158457 0 0 0 0 0 0 0 0 0 0 0 0 0 0 0 0 0 0 0 0 0 0 0
"64" 0 0 0 0 0 0 0 0 0 0 0 0 0.162848182570271 0 0 0 0 0 0 0 0 0 0 0 0 0 0 0 0 0.100135951577808 0 0 0 0 0 0 0 0 0 0 0 0 0.129916075876027 0 0 0 0 0 0 0 0 0 0 0 0 0 0 0 0 0 0 0 0 0 0 0 0 0 0 0 0 0 0 0 0 0 0 0 0 0 0 0 0 0
"65" 0 0 0 0 0 0 0 0.172106143590006 0 0 0 0 0 0 0.166958868842346 0 0 0.329257068225718 0 0 0 0 0 0 0 0 0 0 0 0 0 0 0 0 0 0 0 0.162430472692261 0 0.13728831995303 0 0 0 0 0 0 0 0 0 0 0 0 0.2201165460897 0 0 0.109550580651925 0 0 0.327380676945628 0.223493890632005 0 0 0 0 0 0 0 0 0 0 0 0 0 0 0 0 0.136655306788686 0 0 0 0 0 0 0
"66" 0 0 0 0 0 0 0 0 0 0 0 0 0.214771022540819 0 0 0 0 0 0 0 0 0 0 0 0 0 0 0 0 0 0 0.180040847462662 0 0 0 0 0 0 0 0 0 0 0 0 0 0 0.198058513291383 0 0 0 0 0 0 0 0 0 0 0 0 0 0 0.212591354487665 0 0 0 0 0 0 0 0 0 0 0 0 0 0 0 0 0 0 0 0 0 0
"67" 0 0 0 0 0 0 0.118230800820632 0 0 0 0 0 0 0 0 0 0 0 0.105219548500861 0 0 0 0 0 0 0 0 0 0 0 0.204720228435941 0 0 0 0 0 0 0 0 0 0.169306196370981 0 0 0 0 0 0 0 0 0 0 0 0 0 0 0 0 0 0 0 0 0 0 0 0 0 0 0 0 0 0 0 0 0 0 0 0 0 0 0 0 0 0 0
"68" 0 0.142706014098712 0 0 0 0 0 0 0 0 0 0 0 0 0 0 0 0 0 0 0 0 0 0 0 0 0 0 0 0 0 0 0 0 0 0 0.613299053028695 0 0 0 0 0 0 0 0 0 0 0 0 0 0 0 0 0 0 0 0 0 0 0 0 0 0 0 0 0 0 0 0 0 0 0 0 0 0 0 0 0.16022314980301 0 0 0 0 0.196071093603287 0
"69" 0 0 0 0 0 0 0 0.127007312155123 0 0 0 0.157381512509197 0 0 0 0 0.163951374336962 0 0 0.303062768296042 0.259733517089756 0 0 0 0 0 0 0 0 0 0 0 0 0 0 0.15581887483496 0 0 0.451198188496163 0 0 0 0 0 0 0 0 0 0 0 0 0 0 0 0 0 0 0 0 0 0 0 0 0 0 0 0 0 0 0 0 0 0.1340163812033 0 0 0 0 0 0 0 0 0 0 0
"70" 0 0 0 0 0 0 0 0 0 0 0 0 0 0 0.189465936637726 0 0 0 0 0 0 0 0 0 0 0 0 0.0900243366649154 0 0 0 0 0 0 0.261605309529458 0 0 0 0 0 0 0.224097570101305 0 0 0 0 0 0 0.178898446624297 0 0 0 0.194781156785212 0 0 0 0 0 0 0 0 0 0 0 0 0 0 0 0 0 0.101986017514711 0 0 0 0 0 0 0 0 0 0 0 0 0
"71" 0.193827947276281 0 0 0.101687400345122 0 0 0 0 0 0 0 0 0 0 0 0 0 0 0 0 0 0 0 0 0 0 0 0 0 0 0 0 0 0 0 0.1598726135769 0 0.256157586319878 0 0 0 0 0 0 0.180461331889045 0 0 0 0 0 0 0.223118018151094 0 0 0 0 0 0 0 0 0 0 0 0 0 0 0 0 0 0.117167369775823 0 0.133171774428056 0.178657312640533 0 0 0 0 0 0 0 0 0 0 0
"72" 0 0 0 0.138849687530362 0 0 0 0 0 0 0 0 0 0 0.197600257638037 0 0 0 0 0 0 0 0 0 0 0 0.597107645076176 0 0 0 0 0 0 0 0 0 0 0 0 0 0 0 0 0 0 0 0 0 0 0 0 0 0 0 0 0 0 0 0 0 0 0 0 0 0 0 0 0 0 0 0.104990817344483 0 0 0.163629810448947 0 0 0 0 0 0 0 0 0 0
"73" 0 0 0 0 0 0 0 0 0 0 0 0 0 0 0 0 0 0 0 0 0 0 0 0 0 0 0 0 0 0 0 0.22781741261318 0.227917554443723 0 0 0 0 0 0 0 0 0 0 0 0 0 0 0 0 0 0 0 0 0 0 0 0 0 0 0 0.136332442823396 0 0 0 0 0 0 0 0.173523294348909 0 0.116125737772908 0 0 0 0 0 0 0 0 0 0 0.196307652319381 0 0
"74" 0 0 0 0 0 0 0 0.100925166354622 0 0 0 0 0.244050519601799 0 0 0 0.248917635986366 0 0 0 0 0 0 0 0 0 0 0 0 0 0 0 0 0 0 0 0 0 0 0 0 0 0 0 0 0.212012402992242 0 0 0 0 0 0 0 0 0 0 0 0 0 0 0 0 0 0 0 0 0 0 0 0 0 0.206815022753333 0 0 0 0.161165472573551 0 0.110016922926102 0 0 0 0 0 0
"75" 0 0 0 0 0 0 0 0 0 0 0 0 0 0 0 0 0 0 0 0 0 0 0 0 0 0 0 0.0873205626703529 0 0 0 0 0 0.13813573095427 0 0 0 0 0 0 0 0 0 0 0.245471147499497 0 0 0 0 0 0 0 0 0 0.163223858451563 0 0.213874086867616 0.166793384506297 0 0 0 0 0 0 0 0 0 0 0 0 0 0 0 0 0 0 0 0 0 0 0 0 0 0
"76" 0 0 0 0 0 0 0 0 0 0 0 0 0 0 0 0 0 0 0 0 0 0 0 0.256817414747322 0 0 0 0 0 0 0 0 0.20750308801224 0 0 0 0 0 0 0 0 0 0 0 0.224336891234043 0 0 0.146431071374847 0 0 0 0 0 0 0 0 0 0 0 0 0 0 0 0 0 0 0 0 0 0 0 0 0 0.16817384632738 0 0 0 0 0 0 0.201812128635525 0 0 0
"77" 0 0 0 0 0 0 0 0 0 0 0 0.147582592633361 0 0 0 0 0 0 0 0 0 0 0 0 0 0 0 0 0.243628590193587 0 0 0 0 0 0 0 0 0 0 0 0 0 0.143911626208373 0 0 0 0 0 0 0 0 0 0 0 0 0 0 0 0 0 0.165949907063184 0 0 0 0.12031436463664 0 0 0 0 0 0 0 0 0 0 0 0 0 0 0 0 0.356647297738114 0 0
"78" 0 0 0 0 0 0 0.170818211280149 0 0 0 0 0 0 0 0 0 0 0 0 0 0 0 0 0 0.245934941409858 0 0 0 0 0 0 0 0 0 0 0 0.583874440621984 0 0 0 0 0 0.155815673845198 0 0 0 0 0 0 0 0 0 0 0 0.122681587478396 0 0 0 0 0 0 0 0 0 0 0 0 0.267842882271621 0 0 0 0 0 0.19835188211298 0 0 0 0 0 0 0 0 0 0
"79" 0 0 0 0 0 0 0 0 0 0 0 0 0 0 0 0 0 0 0 0 0 0 0 0 0 0 0 0 0 0 0.157806704259848 0 0 0 0 0 0 0 0 0 0 0 0 0 0 0 0 0 0 0 0 0 0 0 0 0 0 0 0 0 0 0 0 0 0 0 0 0 0 0 0 0 0 0 0 0 0 0 0 0 0 0 0 0
"80" 0 0 0 0 0 0 0 0 0 0 0 0 0 0 0 0 0 0 0 0 0 0 0 0 0 0.0875419373314816 0 0 0.219135925399966 0 0 0 0 0 0 0 0 0.198868593354014 0 0 0 0 0 0 0 0 0 0 0 0.18874442654623 0 0 0 0.189650251173439 0 0 0 0 0 0 0 0 0 0 0 0 0 0 0 0 0 0 0 0 0 0 0 0 0 0 0 0 0 0
"81" 0 0 0 0 0 0 0 0 0 0 0 0 0 0 0 0 0 0 0 0 0 0 0 0 0 0 0 0 0 0 0 0 0.219016417030861 0.165272896084492 0 0 0 0 0 0 0 0 0 0 0 0 0 0 0 0 0 0 0 0 0 0 0 0 0 0 0 0.239100524154631 0 0 0 0 0 0 0 0 0 0 0 0 0 0.166938835140981 0 0 0 0 0 0 0 0
"82" 0.150231440940652 0 0 0 0 0 0 0 0 0 0 0 0 0 0 0 0 0 0 0 0 0 0 0 0 0 0 0 0 0 0 0 0 0 0 0 0 0 0 0 0 0 0 0 0 0 0 0 0 0 0 0 0 0 0 0 0 0 0.322896495464649 0 0 0 0 0 0 0 0 0 0 0 0 0 0.196687279662432 0 0 0 0.120761230024259 0 0 0 0 0 0 0
"83" 0 0 0 0 0.430967141102683 0 0 0 0 0 0 0 0 0 0 0 0.201700135533127 0 0 0 0.210750338248378 0 0 0 0.229744601887643 0.212268811923805 0 0 0 0 0 0 0 0 0 0 0 0 0 0 0 0 0 0 0 0 0 0 0 0 0 0 0 0 0 0 0 0 0 0 0 0.204454622324475 0 0 0 0 0 0.21036647608206 0 0 0 0 0 0 0 0 0 0 0 0 0 0 0 0
"84" 0 0.132242585668434 0 0 0 0 0 0 0 0 0 0 0 0 0 0 0 0 0.15273990149959 0 0 0 0 0.35283172846852 0 0 0 0 0 0 0 0 0 0 0.234412311236168 0 0 0 0 0.140920425104269 0 0 0 0 0 0 0 0 0 0 0.2150412897107 0 0 0 0.0950568016646091 0 0 0 0 0.189296119692728 0.136552282067619 0 0 0 0 0 0 0 0 0 0 0 0 0 0 0 0 0 0 0 0 0 0 0
