"V1" "V2" "V3" "V4" "V5" "V6" "V7" "V8" "V9" "V10" "V11" "V12" "V13" "V14" "V15" "V16" "V17" "V18" "V19" "V20" "V21" "V22" "V23" "V24" "V25" "V26" "V27" "V28" "V29" "V30" "V31" "V32" "V33" "V34" "V35" "V36" "V37" "V38" "V39" "V40" "V41" "V42"
"1" 0 0 0.0834809343717062 0 0 0 0.143961478314709 0 0 0 0 0.208563522560735 0 0 0 0 0 0 0 0.1484749470866 0 0 0 0.265390298961425 0 0.187546970131726 0 0 0 0 0 0 0 0 0 0 0 0 0.384383877057814 0 0 0
"2" 0 0 0 0 0 0 0 0.0931406952634952 0.0500659160053228 0 0.0701026884613555 0 0 0 0.0480089505157696 0.104077901864156 0 0.0768023056102649 0 0 0.0923670255198062 0 0 0 0 0 0.0894360604236597 0.0953042067661157 0.0661770723272854 0 0.104838965111474 0 0 0 0 0 0.103926056190226 0 0 0 0 0
"3" 0.197368623088732 0 0 0 0 0 0 0 0 0 0 0 0 0 0.0604350290849817 0 0.0757426126039262 0 0 0.149108333581231 0 0 0 0 0 0.177864050081026 0.0592317831203143 0 0.0715968861103217 0.0953521034402268 0 0 0.050156710794815 0 0 0.10250725453456 0 0 0 0.0445660463504051 0 0
"4" 0 0 0 0 0 0 0 0 0 0 0 0 0 0 0 0.0495053653343685 0 0 0 0 0.0970692210953572 0 0 0 0.214038230895321 0 0 0 0 0 0 0.322096531100535 0 0 0 0 0.106058691494684 0 0 0 0 0
"5" 0 0 0 0 0 0 0 0 0.0740802552896871 0.0839592668018354 0.0787459525658767 0 0 0.181885420169152 0.0641516240251807 0 0 0.0652939764933803 0 0 0.0701991477316752 0.0918268835206577 0 0 0 0 0.0892147675056852 0.0848636377940002 0.0633072818896405 0.083181612031351 0 0 0.0628447312276388 0.0735831882731353 0.133631674450818 0 0 0.0785630180625258 0 0.0416820395063156 0 0
"6" 0 0 0 0 0 0 0 0 0 0.0786052757713833 0 0 0 0 0 0 0 0 0.0744186277470009 0 0 0.068831254544733 0.0614901787671043 0 0 0 0 0 0 0.0966855045091083 0 0 0 0 0 0.0745388076633298 0 0 0 0 0 0.14688575143358
"7" 0.181172433694487 0 0 0 0 0 0 0 0 0 0 0 0.304441194181987 0 0 0 0 0 0 0 0 0 0 0.427929822686547 0.155566686779275 0.216194517427728 0 0 0 0 0 0 0 0 0 0 0 0 0.326995272792559 0 0 0
"8" 0 0.114618586167477 0 0 0 0 0 0 0.0686577851324619 0 0.0850232412514656 0 0 0 0 0.0909877011457452 0 0.0958208159986601 0 0 0.0580648453441964 0 0 0 0 0 0 0.0833918373803894 0 0 0.0807980351289277 0 0 0 0 0 0.0860460558230962 0 0 0 0 0
"9" 0 0.0566064468953627 0 0 0.0500102092866902 0 0 0.134693179704899 0 0 0.0876756272261254 0 0 0.21103318926006 0.0666651415513142 0.118939635355542 0 0.0790563483343082 0 0 0.0548932920055632 0 0 0 0 0 0.0784078120805785 0.0919984108696215 0.0741951735046148 0 0.089446094059861 0 0 0 0 0 0.0911676602683383 0.113730826222088 0 0 0 0
"10" 0 0 0 0 0.0522583058500397 0.144583744473653 0 0 0 0 0 0 0 0 0 0 0.0789261618311844 0 0 0 0 0.0727852477300522 0.06299413596557 0 0 0 0 0 0 0.0931208051650999 0 0 0.102943216753279 0.0669557752238323 0.211781136885301 0.0679801041864672 0 0.088891348532917 0 0.041023446397844 0 0.206246069472361
"11" 0 0.0741373706398677 0 0 0.0688755279289563 0 0 0.113668070100858 0.070928833849466 0 0 0 0 0.158584878276394 0.0706045103908217 0 0 0.0935802146522585 0 0 0.064135276687582 0 0 0 0 0 0.0674225418466712 0.0745754125517299 0.0760604194194068 0 0.130205244953382 0 0 0 0 0 0 0.101666098423963 0 0.0554920652585368 0 0
"12" 0.144002492990803 0 0 0 0 0 0 0 0 0 0 0 0 0 0 0 0 0 0 0.121320310998424 0 0 0 0 0 0 0 0 0 0 0 0 0 0 0 0.0836940080964353 0 0 0 0 0.284257595227347 0
"13" 0 0 0 0 0 0 0.141186496500383 0 0 0 0 0 0 0 0 0 0 0 0 0 0 0 0 0 0.1615431928436 0.209227420446567 0 0 0 0 0 0 0 0 0 0 0 0 0 0 0 0
"14" 0 0 0 0 0.0515238940456876 0 0 0 0.0421781481563551 0 0.0975362798165299 0 0 0 0 0 0 0 0 0 0 0 0 0 0 0 0 0.097902492628554 0 0 0 0 0 0 0 0 0 0.107133213289999 0 0 0 0
"15" 0 0.122506197708424 0.0843736327879875 0 0.0866870129795812 0 0 0 0.0761773026090535 0 0.102315255811764 0 0 0 0 0 0.0751029853905026 0.0954425978350325 0 0 0.0663904200946712 0 0.0851772565716166 0 0 0 0.0933540378400876 0 0.0751268758234958 0.0588985715934212 0 0 0.0864274412471808 0 0 0 0 0.082447630981967 0 0.0541746216290009 0 0
"16" 0 0.086999446944007 0 0.22214571368626 0 0 0 0.117966538250431 0.0729173178371502 0 0 0 0 0 0 0 0 0.0639604469255072 0 0 0.0544604168410231 0 0 0 0 0 0 0.0738777428373492 0 0 0.103756264002121 0.239203649986083 0 0 0 0 0.13327578302939 0 0 0 0 0
"17" 0 0 0.129325750056995 0 0 0 0 0 0 0.0703451549596013 0 0 0 0 0.0591845075680099 0 0 0 0.11822372471009 0.154878536005023 0 0.0542147724345453 0.0787318066235045 0 0 0 0 0 0 0.0786940209070836 0 0 0.0828745058738832 0.12401970168627 0 0.0729940184480116 0 0 0 0.0705016061678194 0.183808523759573 0
"18" 0 0.0851752206598523 0 0 0.0574728877698169 0 0 0.104213603426915 0.0728363052537825 0 0.113535194801703 0 0 0 0.0617540958781767 0.0975106125343757 0 0 0 0 0.0966799465950431 0 0 0 0 0 0.0846636985310939 0.110622062836222 0.0785103922303735 0 0.0799930634637872 0 0 0 0 0 0.106555482178516 0 0 0 0 0
"19" 0 0 0 0 0 0.18831390119261 0 0 0 0 0 0 0 0 0 0 0.0703101859166899 0 0 0 0 0.0919244295489503 0.109454933947254 0 0 0 0 0 0 0.0351464027976446 0 0 0 0 0 0.0675630316851781 0 0 0 0 0.345545550152097 0.188754753418797
"20" 0.0671987919462859 0 0.0849048111638738 0 0 0 0 0 0 0 0 0.257955367092795 0 0 0 0 0.0797057400901172 0 0 0 0 0 0 0 0 0.20174899753998 0.0494377251327759 0 0 0 0 0 0.0594365739949879 0 0 0.073916884553951 0 0 0 0 0 0
"21" 0 0.0826068132626646 0 0.184164332700716 0.0421760594451607 0 0 0.0788833317391996 0.06948161231378 0 0.0807056042769179 0 0 0 0.0564817886769912 0.105514989657502 0 0.0775986969595916 0 0 0 0 0 0 0 0 0.0770737205697443 0.0783633090316195 0.0639076280456236 0 0.093157875162518 0 0 0 0 0 0.103262599225584 0 0 0 0 0
"22" 0 0 0 0 0.0531040965444973 0.134897447629247 0 0 0 0.0937023835253019 0 0 0 0 0 0 0.052428623148698 0 0.163670800346501 0 0 0 0.0597816194015765 0 0 0 0 0 0 0.0858094372149722 0 0 0.0621362518085354 0.083675552187529 0.202685831375365 0.0866234252062458 0 0 0 0.0482594517023002 0 0.193644747921349
"23" 0 0 0 0 0 0.131492059571034 0 0 0 0.0681856855935881 0 0 0 0 0.0620660145937457 0 0.0779841296639534 0 0.108632879164311 0 0 0.0788840264527108 0 0 0 0 0 0 0 0.0642286258452119 0 0 0.071866967528198 0.0870418850784904 0.118760724374435 0.0646400522718131 0 0 0 0.066977090751989 0 0.163099690955761
"24" 0.121222046614107 0 0 0 0 0 0.100673318795847 0 0 0 0 0 0 0 0 0 0 0 0 0 0 0 0 0 0 0 0 0 0 0 0 0 0 0 0 0 0 0 0.314323643746554 0 0 0
"25" 0 0 0 0.184404822972759 0 0 0.12374074365509 0 0 0 0 0 0.318069862220744 0 0 0 0 0 0 0 0 0 0 0 0 0.197554461391882 0 0 0 0 0 0.27541876538921 0 0 0 0 0 0 0 0 0 0
"26" 0.142834409526216 0 0.0790102460068741 0 0 0 0.100119173735572 0 0 0 0 0 0.24002362827472 0 0 0 0 0 0 0.134515814934816 0 0 0 0 0.188455032436578 0 0 0 0 0 0 0 0 0 0 0 0 0 0 0 0 0
"27" 0 0.0563881818734791 0.0725360490872866 0 0.0327850523762244 0 0 0 0.0754652744936623 0 0.0703010676000149 0 0 0 0.0502711507384333 0 0 0.080995580533066 0 0.0884937166266173 0.0579889546626769 0 0 0 0 0 0 0 0.0539222835864099 0 0 0 0.0984352186920716 0 0 0 0 0 0 0.0665034529402144 0 0
"28" 0 0.0724044526036406 0 0 0.0518566039256851 0 0 0.112681733133388 0.0664861618790217 0 0.0725842424644487 0 0 0.220835586370917 0 0.0549580844490113 0 0.086152006718467 0 0 0.0731630594180118 0 0 0 0 0 0 0 0.0474242334214192 0 0.119984587368622 0 0 0 0 0 0.102474586697163 0 0 0 0 0
"29" 0 0.070442901555371 0.0665883635237316 0 0.0274777882191668 0 0 0 0.0817683600680804 0 0.0677642618904264 0 0 0 0.0758627506769723 0 0 0.0662103237243051 0 0 0.0873208441732527 0 0 0 0 0 0.115055727775684 0.0950123969668785 0 0 0.100922538201027 0 0.0781026276333023 0 0 0 0 0.112755036737165 0 0.0681033815789892 0 0
"30" 0 0 0.088168268856954 0 0.0605445769577726 0.21166095299305 0 0 0 0.0730135962753033 0 0 0 0 0.0782995036475757 0 0.102477808802945 0 0.142815986355589 0 0 0.0625249040076266 0.0912808478340677 0 0 0 0 0 0 0 0 0 0.0489237244407089 0.105944671778936 0 0.087362036584262 0 0 0 0.0614852964348904 0 0
"31" 0 0.0883702302897978 0 0 0 0 0 0.102010433799101 0.0747573979162939 0 0.0771245931721784 0 0 0 0 0.117309250285212 0 0.0925097026325392 0 0 0.077618239767106 0 0 0 0 0 0 0.0972730019883385 0.0763134170555366 0 0 0 0 0 0 0 0.121304789391136 0 0 0 0 0
"32" 0 0 0 0.209631277224651 0 0 0 0 0 0 0 0 0 0 0 0.114505487689866 0 0 0 0 0 0 0 0 0.250075623636855 0 0 0 0 0 0 0 0 0 0 0 0.118402610373948 0 0 0 0 0
"33" 0 0 0.066359980864923 0 0.0640455534874858 0 0 0 0 0.0688398574895056 0 0 0 0 0.045011962146582 0 0.0680865160538216 0 0 0.143007882748286 0 0.0815901473659639 0.0894828568742364 0 0 0 0.0831517533605894 0 0.0864099577266141 0.0719410808272777 0 0 0 0.078334166412691 0 0.0897952796916826 0 0 0 0.0838139499979981 0 0
"34" 0 0 0 0 0.0697595058680409 0 0 0 0 0.0611442246635496 0 0 0 0 0 0 0.105308395198459 0 0 0 0 0.075216400170253 0.0841762000251276 0 0 0 0 0 0 0.0854737072231478 0 0 0.0584420332516694 0 0.136868483927243 0 0 0.0957265241228259 0 0.0446153221460557 0 0.193043299457477
"35" 0 0 0 0 0.0639960052758977 0 0 0 0 0.0628576744558105 0 0 0 0 0 0 0 0 0 0 0 0.0896028038018585 0.0854916079905945 0 0 0 0 0 0 0 0 0 0 0.0964029418810472 0 0 0 0.0948131157072322 0 0.0646831736586954 0 0
"36" 0 0 0.101316486754225 0 0 0.127880803386328 0 0 0 0.0982193069277352 0 0.200738180224857 0 0 0 0 0.0697704970625056 0 0.140907397378966 0.150108259453588 0 0.104960145059446 0.0664265954772421 0 0 0 0 0 0 0.0838073470247188 0 0 0.0499415580826721 0 0 0 0 0 0 0.0469748348626147 0.325085406081177 0
"37" 0 0.0781353785535681 0 0.223672563616834 0 0 0 0.0657292995236236 0.0712129070929413 0 0 0 0 0 0 0.0817521532385324 0 0.0951850225713004 0 0 0.0502117189605274 0 0 0 0 0 0 0.0995367102853653 0 0 0.107273884033458 0.206458643392519 0 0 0 0 0 0 0 0 0 0
"38" 0 0 0 0 0.0613529420382082 0 0 0 0.0903264076894538 0.0688924417456467 0.0905379367160647 0 0 0.187296061879634 0.0602344898377271 0 0 0 0 0 0 0 0 0 0 0 0 0 0.065673321910478 0 0 0 0 0.0598634739889022 0.152384850875753 0 0 0 0 0.0963708474327443 0 0
"39" 0.128434099292646 0 0 0 0 0 0.16515936372488 0 0 0 0 0 0 0 0 0 0 0 0 0 0 0 0 0.30654517746923 0 0 0 0 0 0 0 0 0 0 0 0 0 0 0 0 0 0
"40" 0 0 0.0791287051399637 0 0.091625527253476 0 0 0 0 0.0911982940849695 0.0515991719698804 0 0 0 0.079726853678655 0 0.0623233716619633 0 0 0 0 0.0703766096299236 0.0672897384787641 0 0 0 0.106153724503287 0 0.0801935695809333 0.053127255650648 0 0 0.0889883023587079 0.121394818174268 0.119357838320843 0.0720955201830685 0 0.12767947658603 0 0 0 0
"41" 0 0 0 0 0 0 0 0 0 0 0 0.238970592192086 0 0 0 0 0.0794135521180313 0 0.123577618268158 0 0 0 0 0 0 0 0 0 0 0 0 0 0 0 0 0.0798331434516001 0 0 0 0 0 0
"42" 0 0 0 0 0 0.116883074653012 0 0 0 0.0784849259978299 0 0 0 0 0 0 0 0 0.155707894186227 0 0 0.0749824293830105 0.100971516221654 0 0 0 0 0 0 0 0 0 0 0.0802679932901162 0 0 0 0 0 0 0 0
