"V1" "V2" "V3" "V4" "V5" "V6" "V7" "V8" "V9" "V10" "V11" "V12" "V13" "V14" "V15" "V16" "V17" "V18" "V19" "V20" "V21"
"1" 0 0.260370189127374 0 0 0 0 0 0 0 0 0 0 0 0 0 0 0 0 0 0 0
"2" 0.732186886306499 0 0 0 0.887108338851093 0.387215622165908 0 0 0 0 0 0 0 0 0 0 0 0 0 0 0
"3" 0 0 0 0.34985287318677 0 0 0 0 0 0 0 0 0 0 0 0 0 0 0 0 0
"4" 0 0 0.900322675738603 0 0 0.283366122537874 0 0 0.306241495565533 0 0 0 0 0 0 0 0 0 0 0 0
"5" 0 0.394289808258795 0 0 0 0 0 0 0 0 0 0 0 0 0 0 0 0 0 0 0
"6" 0 0.209103470370427 0 0.347162642426031 0 0 0 0.271181993134131 0 0 0 0 0 0 0 0 0 0 0 0 0
"7" 0 0 0 0 0 0 0 0 0.273054848331057 0 0 0 0 0 0 0 0 0 0 0 0
"8" 0 0 0 0 0 0.27848082980035 0 0 0 0 0.195276268771269 1.15462997539699 0 0 0 0 0 0 0 0 0
"9" 0 0 0 0.256081914709305 0 0 0.928318659762421 0 0 0 0 0 0 0 0.96973128055728 0 0 0 0 0 0
"10" 0 0 0 0 0 0 0 0 0 0 0.23994239469462 0 0 0 0 0 0 0 0 0 0
"11" 0 0 0 0 0 0 0 0.284562357619359 0 0.527584532310829 0 0 1.39568963799164 0.35320050674196 0 0 0 0 0 0 0
"12" 0 0 0 0 0 0 0 0.372121941002567 0 0 0 0 0 0 0 0 0 0 0 0 0
"13" 0 0 0 0 0 0 0 0 0 0 0.280123635866425 0 0 0 0 0 0 0 0 0 0
"14" 0 0 0 0 0 0 0 0 0 0 0.216875681260373 0 0 0 0 0.409802815529653 0 0 1.12585909768422 0 0
"15" 0 0 0 0 0 0 0 0 0.331201717910861 0 0 0 0 0 0 0 0 0 0 0 0
"16" 0 0 0 0 0 0 0 0 0 0 0 0 0 0.366943811609213 0 0 0.330829347099549 0 0 1.12646254741171 0
"17" 0 0 0 0 0 0 0 0 0 0 0 0 0 0 0 0.419090623566111 0 0.756853457869199 0 0 0.757429361050212
"18" 0 0 0 0 0 0 0 0 0 0 0 0 0 0 0 0 0.292827057153407 0 0 0 0
"19" 0 0 0 0 0 0 0 0 0 0 0 0 0 0.217490166618531 0 0 0 0 0 0 0
"20" 0 0 0 0 0 0 0 0 0 0 0 0 0 0 0 0.199883892028693 0 0 0 0 0
"21" 0 0 0 0 0 0 0 0 0 0 0 0 0 0 0 0 0.352902282685685 0 0 0 0
