"V1" "V2" "V3" "V4" "V5" "V6" "V7" "V8" "V9" "V10" "V11" "V12" "V13" "V14" "V15" "V16" "V17" "V18" "V19" "V20" "V21"
"1" 0 0.0800982971245872 0.15246658652295 0.10430615543026 0 0.1057400300374 0 0.0804082708046008 0 0 0 0 0 0 0.0949090626153525 0.111898341252589 0.113633804522277 0.0903642491330597 0.0611083018259371 0.0819880316809728 0
"2" 0.0839332408428086 0 0 0.0825470406300038 0.0920553104381827 0.0821972328626644 0.182047474222424 0.0769023088093314 0.0921100483122524 0 0 0 0.0674841718368621 0 0.10520968331018 0.118377322524826 0.159756931979277 0.112940028029473 0.0763268216059825 0.11443655557061 0
"3" 0.10621603205728 0 0 0 0 0 0 0.0695741369022592 0 0 0 0 0 0.278552252833682 0.0971934772981546 0.140581015818284 0 0.0733835150472133 0 0 0
"4" 0.0975717194260097 0.0632228356546139 0 0 0.1118983520111 0.114790299859326 0.238333741604419 0.0634826091825962 0.089672524404936 0 0 0 0.0914663999310286 0 0 0 0.137660591664417 0.107898975112346 0.0453981342737268 0.115339802693481 0.163781083155714
"5" 0 0.0801262169459886 0 0.077811745292691 0 0.0765138115994713 0 0.0647583568211485 0.0829558131413517 0 0.112520268535421 0 0.0521439755628331 0 0 0 0 0.0808808310916906 0.0565592686563383 0 0.155323623499084
"6" 0.087939330463737 0.0533393587127228 0 0.0840686624715359 0.0853010636494399 0 0.203625364788029 0.086109606860027 0 0 0 0 0.0563285988532947 0 0 0.111752216072043 0.106052619196001 0.0806034492427764 0.0469705771575857 0.116926890217392 0
"7" 0 0.10704228939995 0 0.096029006082129 0 0.0892828085421666 0 0 0 0 0 0 0 0 0 0 0.142210629833302 0 0.0694410346265299 0.111553501762471 0
"8" 0.065255761763381 0.0586479769552655 0.163914528820558 0.0825990392875133 0.0993199257589836 0.0769196131225632 0 0 0.0891715380217003 0.187178996361179 0.147201552542248 0.15305729164267 0.0756320654974433 0 0.0495545567226455 0.0940380181727316 0 0.0841834323396179 0.0724847909827323 0 0
"9" 0 0.0793297914523602 0 0.0717574472166915 0.103446603698977 0 0 0.0575601603749373 0 0.118918167035224 0.105095151791659 0.119925727142977 0.0800552813329183 0 0.0796484640408444 0 0 0 0.0909338525352964 0 0.192469447645796
"10" 0 0 0 0 0 0 0 0.0785421664083574 0.0745139722280555 0 0.104729526635767 0.133501626157979 0.087716151554592 0.166937888098165 0.0712006466092113 0 0 0 0 0 0
"11" 0 0 0 0 0.0890416655651742 0 0 0.0517330134425761 0.0936711705628063 0.14714711319937 0 0.153987189999651 0.064605088735367 0 0.0914829826638061 0 0 0 0 0 0.149261476391195
"12" 0 0 0 0 0 0 0 0.0549013045532841 0.0955441184583805 0.171277076179276 0.118402765717747 0 0.0791214484325085 0.258388026515809 0.0975973981884535 0 0 0 0 0 0
"13" 0 0.0765737847030778 0 0.054644471224223 0.0970654237575414 0.0923227515157883 0 0.0737108124285801 0.0850166433464164 0.148836706354445 0.109980665569343 0.153781174164617 0 0 0.063151769294844 0 0 0.0870944993492012 0.0691518685531959 0 0.164064833789753
"14" 0 0 0.164785985745116 0 0 0 0 0 0 0.109728718663586 0 0.128530108873532 0 0 0.0634606394941216 0 0 0 0 0 0
"15" 0.0983246270977866 0.0723182051244188 0.228600060596326 0 0 0 0 0.0584166799395168 0.086335443668815 0.131940049625709 0.117865372709169 0.155137367493287 0.0450041147918254 0.317855585304567 0 0.0719092644519049 0 0.0751836983139918 0.0501097195033493 0 0
"16" 0.0782475691435214 0.0768990817600022 0.178457679131406 0 0 0.0830727826123147 0 0.0710708735033631 0 0 0 0 0 0 0.0471002817538129 0 0 0.0805881690129858 0.0784029985650459 0.0853764548139944 0
"17" 0.0935884237809716 0.0773687024698299 0 0.0597740832672826 0 0.086648633596025 0.226909274375433 0 0 0 0 0 0 0 0 0 0 0.0746780099062645 0.0690866997747245 0.106230029681166 0
"18" 0.0984711015600262 0.0633751092454233 0.112920107649187 0.102175906175697 0.094741523143887 0.0781378435174066 0 0.0707989540940849 0 0 0 0 0.0626208077431158 0 0.0723553840086442 0.0911799579162305 0.153818429965115 0 0.0591573200325979 0.123741147830029 0
"19" 0.0975303594293183 0.0706738679575413 0 0.0611485400066411 0.163893539798448 0.0606797936530431 0.168937528329631 0.0709033765467965 0.103350086742195 0 0 0 0.101374190709902 0 0.0952327971135458 0.110237138730338 0.0736790684137168 0.0790578383045088 0 0.0457851406563082 0.205363787412696
"20" 0.107613376045934 0.048135343882136 0 0.0683344520079881 0 0.0892600155238338 0.126731774416915 0 0 0 0 0 0 0 0 0.123363180817443 0.164515684160208 0.0819839217926705 0.097000659554363 0 0
"21" 0 0 0 0.0618707250606867 0.0963055958230505 0 0 0 0.0522264629274877 0 0.0800900926471947 0 0.0806023512523408 0 0 0 0 0 0.0705988443200546 0 0
