"V1" "V2" "V3" "V4" "V5" "V6" "V7" "V8" "V9" "V10" "V11" "V12" "V13" "V14" "V15" "V16" "V17" "V18" "V19" "V20" "V21"
"1" 0 0.275534338481054 0.426282123317852 0.422585994994752 0.627204978824755 0.228830093608783 0.675531065044337 0.338884120212049 0.736174033521702 0.663618644286951 0.795208913445313 0.75865419409031 0.514509597323154 0.796653314100047 0.431326716113784 0.156199033470983 0.417391479882642 0.196486018277837 0.364005817670728 0.333551955772531 0.806044128990316
"2" 0.275534338481054 0 0.603466003444768 0.15705201852257 0.356693778794756 0.141042251482313 0.510123250479037 0.225147920249733 0.512584346450748 0.562694705289647 0.588843614393044 0.642185788824261 0.312782690421163 0.853222756034186 0.415611065478464 0.419653870278368 0.352420924744681 0.0969732935110219 0.0885067091372374 0.309690339258268 0.547442368748534
"3" 0.426282123317852 0.603466003444768 0 0.75715176756018 0.864237742630622 0.6316573906856 1.08596756847295 0.473846823186383 0.838106562979667 0.582898295645212 0.852229270541987 0.672391281538526 0.644148028156799 0.446427034949516 0.355800554091421 0.310929753902837 0.842428337127337 0.508234030281703 0.676118500390502 0.759610395913622 0.978011356771538
"4" 0.422585994994752 0.15705201852257 0.75715176756018 0 0.257679153515392 0.2257323572237 0.400460302654337 0.334538600592199 0.481077664518372 0.626421396562882 0.569967977147315 0.690644455967694 0.334575674032402 0.973636003629441 0.532902882436286 0.572521622963947 0.338557116970421 0.253921976852454 0.0840712621823829 0.335065816475486 0.46335656869987
"5" 0.627204978824755 0.356693778794756 0.864237742630622 0.257679153515392 0 0.471757944142174 0.565377726469201 0.390419475812206 0.267171019885821 0.533009486681541 0.361330154561442 0.564449084306958 0.251780947123423 0.961436794453066 0.553743284194646 0.75844761925513 0.588720090579069 0.432100473940854 0.272953878243141 0.592457749319771 0.206049660667159
"6" 0.228830093608783 0.141042251482313 0.6316573906856 0.2257323572237 0.471757944142174 0 0.454594353190469 0.34589009362656 0.65118844613383 0.692995812045869 0.729204652072559 0.776418260764584 0.45375757069434 0.941081716220278 0.517895185860605 0.384944964714683 0.23449704712885 0.164140580388252 0.202495255124142 0.175356979970615 0.671943063571317
"7" 0.675531065044337 0.510123250479037 1.08596756847295 0.400460302654337 0.565377726469201 0.454594353190469 0 0.725911052172969 0.830823134137583 1.02553604375768 0.924879329053069 1.08515992571857 0.728748386922953 1.3624820101329 0.922621603178871 0.827535930836593 0.287758933810259 0.59164046957242 0.476259329590334 0.370209525195213 0.74421575458188
"8" 0.338884120212049 0.225147920249733 0.473846823186383 0.334538600592199 0.390419475812206 0.34589009362656 0.725911052172969 0 0.411897370491502 0.349011672427083 0.460701856520745 0.436885019472312 0.191003217295856 0.639321049088371 0.198402897080342 0.419486562613328 0.573978219056234 0.188061294568709 0.252170076147273 0.52123985613144 0.518763207843465
"9" 0.736174033521702 0.512584346450748 0.838106562979667 0.481077664518372 0.267171019885821 0.65118844613383 0.830823134137583 0.411897370491502 0 0.345828393817954 0.0942018707169895 0.339657102892601 0.222897039097141 0.806689977463687 0.484508285805412 0.831214960471401 0.81867348323797 0.548796664522744 0.45535991823112 0.803631715695011 0.180796700126786
"10" 0.663618644286951 0.562694705289647 0.582898295645212 0.626421396562882 0.533009486681541 0.692995812045869 1.02553604375768 0.349011672427083 0.345828393817954 0 0.312456170070057 0.0975694815840809 0.300643909965305 0.461340718017127 0.254097496931512 0.694360880857063 0.915067231025151 0.537022219126985 0.558828466799077 0.868072665803213 0.52504063762156
"11" 0.795208913445313 0.588843614393044 0.852229270541987 0.569967977147315 0.361330154561442 0.729204652072559 0.924879329053069 0.460701856520745 0.0942018707169895 0.312456170070057 0 0.281635794605475 0.283134904248127 0.770105618730307 0.496630924732416 0.877884317523072 0.905877742152847 0.615094157484251 0.538354064338132 0.886851831691236 0.249705240103501
"12" 0.75865419409031 0.642185788824261 0.672391281538526 0.690644455967694 0.564449084306958 0.776418260764584 1.08515992571857 0.436885019472312 0.339657102892601 0.0975694815840809 0.281635794605475 0 0.356758862830101 0.496775303344763 0.351401648883256 0.791915872951087 0.993095031643104 0.624527508356781 0.629127831945993 0.950524794004452 0.519581137922384
"13" 0.514509597323154 0.312782690421163 0.644148028156799 0.334575674032402 0.251780947123423 0.45375757069434 0.728748386922953 0.191003217295856 0.222897039097141 0.300643909965305 0.283134904248127 0.356758862830101 0 0.710108663986213 0.309276687219158 0.609079049639183 0.650490864686654 0.331971745500304 0.279260089737375 0.619572812247113 0.334364174803449
"14" 0.796653314100047 0.853222756034186 0.446427034949516 0.973636003629441 0.961436794453066 0.941081716220278 1.3624820101329 0.639321049088371 0.806689977463687 0.461340718017127 0.770105618730307 0.496775303344763 0.710108663986213 0 0.440977003942657 0.729717571689339 1.17446756426886 0.781251373873554 0.891476223084255 1.10332475492457 0.984442318928986
"15" 0.431326716113784 0.415611065478464 0.355800554091421 0.532902882436286 0.553743284194646 0.517895185860605 0.922621603178871 0.198402897080342 0.484508285805412 0.254097496931512 0.496630924732416 0.351401648883256 0.309276687219158 0.440977003942657 0 0.442472318699389 0.752007983788334 0.353870456642291 0.450512270536471 0.68931926806514 0.634503958713077
"16" 0.156199033470983 0.419653870278368 0.310929753902837 0.572521622963947 0.75844761925513 0.384944964714683 0.827535930836593 0.419486562613328 0.831214960471401 0.694360880857063 0.877884317523072 0.791915872951087 0.609079049639183 0.729717571689339 0.442472318699389 0 0.559638586705898 0.329401450108522 0.507393754762496 0.473376978196878 0.923499477909949
"17" 0.417391479882642 0.352420924744681 0.842428337127337 0.338557116970421 0.588720090579069 0.23449704712885 0.287758933810259 0.573978219056234 0.81867348323797 0.915067231025151 0.905877742152847 0.993095031643104 0.650490864686654 1.17446756426886 0.752007983788334 0.559638586705898 0 0.39815437045902 0.371948405497596 0.086755899322443 0.793979910573372
"18" 0.196486018277837 0.0969732935110219 0.508234030281703 0.253921976852454 0.432100473940854 0.164140580388252 0.59164046957242 0.188061294568709 0.548796664522744 0.537022219126985 0.615094157484251 0.624527508356781 0.331971745500304 0.781251373873554 0.353870456642291 0.329401450108522 0.39815437045902 0 0.180293540472098 0.337553559988516 0.60982892564215
"19" 0.364005817670728 0.0885067091372374 0.676118500390502 0.0840712621823829 0.272953878243141 0.202495255124142 0.476259329590334 0.252170076147273 0.45535991823112 0.558828466799077 0.538354064338132 0.629127831945993 0.279260089737375 0.891476223084255 0.450512270536471 0.507393754762496 0.371948405497596 0.180293540472098 0 0.348605433439612 0.469937486174231
"20" 0.333551955772531 0.309690339258268 0.759610395913622 0.335065816475486 0.592457749319771 0.175356979970615 0.370209525195213 0.52123985613144 0.803631715695011 0.868072665803213 0.886851831691236 0.950524794004452 0.619572812247113 1.10332475492457 0.68931926806514 0.473376978196878 0.086755899322443 0.337553559988516 0.348605433439612 0 0.798351656827751
"21" 0.806044128990316 0.547442368748534 0.978011356771538 0.46335656869987 0.206049660667159 0.671943063571317 0.74421575458188 0.518763207843465 0.180796700126786 0.52504063762156 0.249705240103501 0.519581137922384 0.334364174803449 0.984442318928986 0.634503958713077 0.923499477909949 0.793979910573372 0.60982892564215 0.469937486174231 0.798351656827751 0
