"V1" "V2" "V3" "V4" "V5" "V6" "V7" "V8" "V9" "V10" "V11" "V12" "V13" "V14" "V15" "V16" "V17" "V18" "V19" "V20" "V21" "V22" "V23" "V24" "V25" "V26" "V27" "V28" "V29" "V30" "V31" "V32" "V33" "V34" "V35" "V36" "V37" "V38" "V39" "V40" "V41" "V42" "V43" "V44" "V45" "V46" "V47" "V48" "V49" "V50" "V51" "V52" "V53" "V54" "V55" "V56" "V57" "V58" "V59" "V60" "V61" "V62" "V63" "V64" "V65" "V66" "V67" "V68" "V69" "V70" "V71" "V72" "V73" "V74" "V75" "V76" "V77" "V78" "V79" "V80" "V81" "V82" "V83" "V84"
"1" 0 0 0 0 0 0.0810855656196629 0 0 0 0 0 0 0 0.0698430146504894 0.217043040466867 0 0 0 0 0 0 0 0 0 0 0 0 0 0 0 0 0 0 0 0 0.0637668515238644 0 0 0 0 0 0.0837206534283882 0 0 0 0 0 0 0 0 0 0 0.0520020743467788 0 0 0 0 0.0567897632069976 0 0 0 0 0.105762281047497 0 0.0854896152736967 0.0837466866202639 0 0.0892340965714204 0 0.056862674123962 0 0 0 0 0 0 0 0 0.0840485425330289 0 0 0 0 0
"2" 0 0 0 0 0 0 0 0 0 0 0 0 0 0 0 0 0 0.210286376548255 0 0 0 0 0 0 0 0 0 0 0 0.64411321451306 0 0 0 0 0 0 0 0 0 0 0 0 0 0 0 0 0 0 0 0 0 0 0 0 0 0 0 0 0 0 0 0 0 0 0 0 0 0 0 0 0 0 0 0 0 0 0 0 0 0 0 0 0 0
"3" 0 0 0 0.104136604493181 0 0 0 0 0 0.0847926248875016 0.0895590480193098 0 0 0 0 0.111475899786962 0 0 0 0 0 0 0 0 0 0 0 0.0724632696422124 0.105819643488036 0 0 0 0 0 0 0 0 0 0 0 0.0830935659742069 0 0 0 0 0 0 0 0.0595984503832555 0 0.156767147459288 0 0 0 0.130389324333877 0 0 0 0 0 0 0 0 0 0 0 0 0 0 0 0 0 0 0 0 0 0 0 0 0 0.149050581905112 0.0887246380354953 0 0
"4" 0 0 0.0968133932001462 0 0 0 0 0 0 0 0.0706697313528089 0 0 0 0 0.102159890349304 0 0.206656771045421 0 0 0 0 0 0.239699995912521 0 0 0 0 0 0 0 0 0 0 0 0 0 0 0 0 0 0 0 0 0 0 0 0 0 0 0.113145876682433 0 0 0 0 0 0 0 0 0 0 0 0 0 0 0 0 0 0 0 0 0 0 0.198058222078857 0 0 0 0 0 0 0.119591719399302 0.0770107685879392 0 0
"5" 0 0 0 0 0 0 0 0 0 0 0 0 0 0 0 0 0.0421199304700592 0 0.0574865505877949 0 0.103714295579065 0 0 0 0 0 0 0 0 0 0.119978314290698 0 0 0 0 0 0 0 0 0 0 0 0 0 0 0.0968380453856215 0.0653177570598049 0.0723711266454275 0 0 0 0.0517985284045728 0 0 0 0 0 0 0 0 0.0588903451597867 0 0 0 0 0 0.084341795504999 0 0.0556077662934274 0 0 0 0 0 0 0 0.0793405182142997 0 0 0.0593193883344456 0 0 0.0673300085917053 0
"6" 0.0629782339974698 0 0 0 0 0 0 0 0 0 0 0 0 0.0522227367907124 0 0 0 0 0 0 0 0 0 0 0.0527938184696327 0 0 0 0 0 0 0 0 0 0 0.0768299266641198 0 0 0.0775265563489416 0 0 0 0 0 0 0 0 0 0 0 0 0.0751267187247423 0.0503383624882488 0 0 0.0424340777678994 0 0.0812793059806714 0 0 0 0 0.10277943097539 0 0.0755918315972331 0.0727467385483392 0 0.117912504360888 0 0.0728424074800372 0 0 0 0 0 0 0 0 0.0800471444952077 0 0 0 0 0
"7" 0 0 0 0 0 0 0 0 0.136601930651905 0 0 0 0 0 0 0 0 0 0 0 0 0 0 0 0 0 0 0 0 0 0.0851196530407713 0 0 0 0 0 0 0 0 0 0 0 0 0 0 0 0 0 0 0 0 0 0 0 0 0 0 0 0 0 0 0.423065656210681 0 0.17138547750153 0 0 0.0678536464102802 0 0 0 0 0 0 0 0 0 0.0665864774957546 0 0 0 0 0 0 0
"8" 0 0 0 0 0 0 0 0 0 0 0 0 0 0 0.237333535774429 0 0 0 0 0.111582357250718 0 0 0 0 0 0 0 0 0 0 0 0.0995391775650586 0 0 0 0.0642515133724527 0 0 0 0.140403744599605 0 0.1244325934405 0 0 0 0 0 0 0 0 0 0 0.0637142947933471 0 0 0 0 0 0 0 0 0 0.0989635506603208 0 0 0 0 0 0 0 0 0 0 0 0 0 0 0 0.0710391301860449 0 0 0 0 0
"9" 0 0 0 0 0 0 0.155820373258141 0 0 0 0 0 0 0 0 0 0 0 0 0 0.0673545312880551 0 0 0 0 0 0 0 0 0 0 0 0 0 0 0 0 0 0 0 0 0 0 0 0 0 0.0832743629521602 0 0 0 0 0 0 0 0 0 0.103475147289993 0 0 0 0 0 0 0.136241429706192 0 0 0.0779434034499169 0 0 0 0 0.097298764682389 0 0 0 0 0.104772734979323 0 0 0 0 0 0 0
"10" 0 0 0.0924508577320786 0 0 0 0 0 0 0 0 0.108631942446266 0 0 0 0 0 0 0.0640270169321905 0 0.0884567625673613 0 0 0 0 0 0 0 0.126537893674526 0 0 0 0 0 0 0 0 0 0 0 0.0765220377056257 0 0 0 0 0 0.0781025024705159 0 0.0741052997963571 0 0 0 0 0 0.0824180305254625 0 0 0 0 0 0.0685552492975015 0 0 0 0 0 0 0 0.0693150417816886 0 0 0.0952752106076636 0 0 0 0 0 0 0 0 0 0.0865867851458028 0 0
"11" 0 0 0.0669768827820612 0.0825853580263398 0 0 0 0 0 0 0 0 0 0.107338231130031 0 0.0869641448292049 0 0 0 0 0 0 0 0 0 0 0 0.0764779883472281 0 0 0 0 0.0781340103320389 0 0 0 0 0 0 0 0 0 0 0 0 0 0 0 0.0770387709314337 0 0 0 0 0 0 0 0 0 0.0880011427328017 0.0558252052732847 0 0 0 0 0 0 0 0 0 0 0 0 0 0.123559562022515 0 0.0836033761132484 0 0 0 0 0 0.0896345684992029 0 0
"12" 0 0 0 0 0 0 0 0 0 0.0342261640839593 0 0 0 0 0 0 0 0 0 0 0 0.134382936162255 0.126502000444098 0 0 0 0 0 0.113667494899168 0 0 0 0 0 0 0 0 0 0 0 0.0526591914728334 0 0 0 0 0 0 0 0 0 0 0 0 0.0820515033943934 0 0 0.0962072746600917 0 0 0 0 0 0 0 0 0 0 0 0 0 0 0.071098404873557 0 0 0.112916016743023 0 0 0 0 0 0 0 0 0
"13" 0 0 0 0 0 0 0 0 0 0 0 0 0 0 0 0 0 0 0 0 0 0 0 0.208248882699194 0 0 0 0 0 0 0 0 0 0 0 0 0 0 0 0 0 0 0 0 0 0 0 0 0 0 0.186013449876967 0 0 0 0 0 0 0 0 0 0 0 0 0 0 0 0 0 0 0 0 0 0 0 0 0 0 0 0 0 0 0 0 0
"14" 0.095441932730298 0 0 0 0 0.0432292823319823 0 0 0 0 0.0992037724962539 0 0 0 0 0 0 0 0 0 0 0 0 0 0 0 0 0 0 0 0 0.100908505974896 0.0884543260563263 0 0 0.0683596484116534 0 0 0 0 0 0 0.0833855800288855 0 0 0 0 0 0 0 0 0 0.0844295638212011 0 0 0 0 0.106684260423547 0.101569570492242 0.095888666606167 0 0 0 0 0.0698573140705549 0 0 0 0 0 0 0 0 0 0 0 0 0 0.044981692301883 0 0 0 0 0
"15" 0.0859088549432254 0 0 0 0 0 0 0.108993086514986 0 0 0 0 0 0 0 0 0 0 0 0 0 0 0 0 0 0 0 0 0 0 0 0 0 0 0 0 0 0 0 0 0 0.0910746023487067 0 0 0 0 0 0 0 0 0 0 0 0 0 0 0 0 0 0 0 0 0.0963307127791399 0 0 0 0 0 0 0 0 0 0 0 0 0 0 0 0 0 0 0 0 0
"16" 0 0 0.0678923437748187 0.124338241206644 0 0 0 0 0 0 0.0787225504795822 0 0 0 0 0 0 0 0 0 0 0 0 0 0 0 0 0.0775620481975796 0 0 0 0 0.0814930749847708 0 0 0 0 0 0 0 0 0 0 0 0 0 0 0 0.0733838802785949 0 0 0 0 0 0 0 0 0 0.0740078797877078 0 0 0 0 0 0 0 0 0 0 0 0 0 0 0.0731894574585737 0 0 0 0 0 0 0.0955811929951536 0.0801472690899586 0 0
"17" 0 0 0 0 0.0602357633725064 0 0 0 0 0 0 0 0 0 0 0 0 0 0 0 0 0 0 0 0.0958515210121044 0.0737807133689362 0 0 0 0 0 0 0 0 0.0777698593886925 0 0.0674260294368498 0 0.0708486021954957 0 0 0 0 0.105780443625663 0 0.0532716818513988 0 0.0607943006443011 0 0.049555370361402 0 0.0489896977875955 0 0 0 0.0696062934310669 0 0 0 0 0 0 0 0 0 0.0797708769313447 0 0 0 0.071072653130871 0 0 0.0922197895116037 0 0 0 0 0 0 0.0581166584976289 0 0 0.0483819290771897 0
"18" 0 0.520742016907144 0 0.093948381252055 0 0 0 0 0 0 0 0 0 0 0 0 0 0 0 0 0 0 0 0.221303668065984 0 0 0 0 0 0.66571024500129 0 0 0 0 0 0 0 0 0 0 0 0 0 0 0 0 0 0 0 0 0 0 0 0 0 0 0 0 0 0 0 0 0 0 0 0 0 0 0 0 0 0 0 0 0 0 0 0 0 0 0.0915798489385527 0 0 0
"19" 0 0 0 0 0.0727987473443986 0 0 0 0 0.106095237275997 0 0 0 0 0 0 0 0 0 0 0.0961782161635513 0 0 0 0 0 0 0.0388651032573062 0.100841710066028 0 0 0 0 0 0 0 0 0 0 0 0.0732771204764105 0 0 0 0 0 0.0611616538346831 0 0.088492968614362 0 0 0.0553328975486893 0 0 0.0818977844203717 0 0 0 0 0.089142693240745 0.0694744769386458 0 0 0 0 0 0.0737534797608218 0 0.0499637981387891 0 0 0.0772665736975041 0 0 0 0.0967263518515054 0 0 0 0.0669021976213006 0 0 0 0
"20" 0 0 0 0 0 0 0 0.11937651948481 0 0 0 0 0 0 0 0 0 0 0 0 0 0 0 0 0 0 0 0 0 0 0 0.0718760798482403 0 0.137311199999829 0 0.0469447596498216 0 0 0 0.129346564059871 0 0.0839292921100541 0 0 0 0 0 0 0 0 0 0 0.0587717374366001 0 0 0 0 0 0 0 0 0 0.101026680083139 0 0 0 0 0 0 0 0 0 0 0 0 0 0 0 0.0964453310235744 0 0 0 0 0
"21" 0 0 0 0 0.0862952513409908 0 0 0 0.139149343549334 0.0868606620180136 0 0 0 0 0 0 0 0 0.0605352038585958 0 0 0 0 0 0 0 0 0 0 0 0 0 0 0 0 0 0 0 0 0 0 0 0 0 0 0 0.0798468950845052 0 0 0 0 0 0 0.1223711605256 0 0 0.132870551927686 0 0 0 0.0497690850641046 0 0 0.0572622759505235 0 0 0.0909400628137968 0 0 0 0 0.0719140079723705 0 0 0 0 0 0 0 0.0638773172140345 0 0 0 0
"22" 0 0 0 0 0 0 0 0 0 0 0 0.119302699930672 0 0 0 0 0 0 0 0 0 0 0.121642971389906 0 0 0 0 0 0 0 0 0 0 0 0 0 0 0 0 0 0 0 0 0 0 0 0 0 0 0 0 0 0 0.145429583392885 0 0 0.144482249553311 0 0 0 0 0 0 0 0 0 0 0 0 0 0.182746656098396 0 0 0 0.135505028724153 0 0 0 0 0 0 0 0 0
"23" 0 0 0 0 0 0 0 0 0 0 0 0.122142842470501 0 0 0 0 0 0 0 0 0 0.162337656473807 0 0 0 0 0 0 0.0933678232670238 0 0 0 0 0 0 0 0 0 0 0 0 0 0 0 0 0 0 0 0 0 0 0 0 0.127285546116099 0 0 0.136039980811599 0 0 0 0 0 0 0 0 0 0 0 0 0 0.268148437740832 0.0713160639401984 0 0 0.142633244810669 0 0 0 0 0 0 0 0 0
"24" 0 0 0 0.113263940945778 0 0 0 0 0 0 0 0 0.42152797534116 0 0 0 0 0.163413522158694 0 0 0 0 0 0 0 0 0 0 0 0 0 0 0 0 0 0 0 0 0 0 0 0 0 0 0 0 0 0 0 0 0.160637853041715 0 0 0 0 0 0 0 0 0 0 0 0 0 0 0 0 0 0 0 0 0 0 0 0 0 0 0 0 0 0.103928738545359 0 0 0
"25" 0 0 0 0 0 0.0547851018371892 0 0 0 0 0 0 0 0 0 0 0.0572355599031916 0 0 0 0 0 0 0 0 0.082410353187278 0 0 0 0 0 0 0 0 0 0 0.0816209067815479 0 0.0651522378352529 0 0 0 0 0.0732038858554922 0 0 0 0 0 0.0707507181236915 0 0 0 0 0 0.0544482440086225 0 0.0804005528724679 0 0 0 0 0 0 0.0725588187728829 0.0839733707432586 0 0.117270506227917 0 0.0423493759563182 0 0 0.0887907091411268 0 0 0 0 0 0 0 0 0 0 0
"26" 0 0 0 0 0 0 0 0 0 0 0 0 0 0 0 0 0.057078241301495 0 0 0 0 0 0 0 0.0912834558457849 0 0 0 0 0 0 0 0 0 0.0958907547902773 0 0.0760238130976075 0.117466962704971 0.0654840751518249 0 0 0 0 0.0716106746229819 0 0 0 0 0 0.0863619384928823 0 0 0 0 0 0.050688422028679 0 0 0 0 0 0 0 0 0 0 0 0 0 0.0483374165657981 0 0 0.073471101727016 0 0 0 0 0 0 0 0 0 0.050034027729431 0
"27" 0 0 0 0 0 0 0 0 0 0 0 0 0 0 0 0 0 0 0 0 0 0 0 0 0 0 0 0 0 0 0 0 0 0.0903844280179848 0 0 0 0 0 0 0 0 0.0791565562193111 0 0 0 0 0 0 0 0 0 0 0 0 0 0 0 0.0713753835530996 0 0 0 0 0 0 0 0 0 0 0 0 0 0 0 0 0 0 0 0 0 0 0 0 0.163463113693019
"28" 0 0 0.0939853563002718 0 0 0 0 0 0 0 0.0623982969250771 0 0 0 0 0.0770606565432079 0 0 0.06811085114363 0 0 0 0 0 0 0 0 0 0 0 0 0 0.065200896497288 0 0 0 0 0 0 0 0.0867770823792357 0 0 0 0 0 0 0 0.0689611221743369 0 0 0.0542714126023497 0 0 0.0614439985781237 0 0 0 0 0.068943897628667 0.0609399270895182 0 0 0 0 0 0 0 0.0590740545107229 0 0 0 0 0 0 0.11404314310578 0 0 0 0 0 0.0862922495337947 0 0
"29" 0 0 0.0971876645803725 0 0 0 0 0 0 0.0839914798693622 0 0.124288217144311 0 0 0 0 0 0 0.0655932349956383 0 0 0 0.148312175143551 0 0 0 0 0 0 0 0 0 0 0 0 0 0 0 0 0 0.0646094399089771 0 0 0 0 0 0 0 0 0 0.129224630623019 0 0 0 0 0 0 0 0 0 0.0540859036973662 0 0 0 0 0 0 0 0 0 0 0.0893914908465709 0 0 0 0 0 0 0 0 0 0.0927423060623194 0 0
"30" 0 0.409276301534873 0 0 0 0 0 0 0 0 0 0 0 0 0 0 0 0.138371416782695 0 0 0 0 0 0 0 0 0 0 0 0 0 0 0 0 0 0 0 0 0 0 0 0 0 0 0 0 0 0 0 0 0 0 0 0 0 0 0 0 0 0 0 0 0 0 0 0 0 0 0 0 0 0 0 0 0 0 0 0 0 0 0 0 0 0
"31" 0 0 0 0 0.0708829516469084 0 0.159703170048089 0 0 0 0 0 0 0 0 0 0 0 0 0 0 0 0 0 0 0 0 0 0 0 0 0 0 0 0.0636776325990923 0 0 0.141088316430793 0 0 0 0 0 0 0 0.0612570858492491 0 0.0773378082793032 0 0 0 0 0 0 0 0 0 0 0 0 0 0.297154513468737 0 0 0 0 0.0848711228419565 0 0 0 0 0 0 0 0 0 0.0490875885707809 0 0 0 0 0 0.0527909176756683 0
"32" 0 0 0 0 0 0 0 0.0969695435536006 0 0 0 0 0 0.0805646788622672 0 0 0 0 0 0.0787035873556233 0 0 0 0 0 0 0 0 0 0 0 0 0 0.104324948231144 0 0.0614124241400236 0 0 0 0.10774285867248 0 0.134494064195333 0.151081534405409 0 0 0 0 0 0 0 0 0 0.0577190210051645 0 0 0 0 0 0 0 0 0 0 0 0 0 0 0 0 0 0 0 0 0 0 0 0 0 0.0663086089242685 0 0 0 0 0.153033361220868
"33" 0 0 0 0 0 0 0 0 0 0 0.105159819377619 0 0 0.073462325818629 0 0.0889268569870749 0 0 0 0 0 0 0 0 0 0 0 0.092345196603881 0 0 0 0 0 0 0 0.0479414096841755 0 0 0 0 0 0 0 0 0 0 0 0 0.0574744438712662 0 0 0 0.0578942453569091 0 0.0483200110292152 0 0 0 0.0498657349382602 0.0879858795430267 0 0 0 0 0 0 0 0 0 0 0 0 0 0.125030722083415 0 0.0899574757872555 0 0 0 0 0 0 0 0
"34" 0 0 0 0 0 0 0 0 0 0 0 0 0 0 0 0 0 0 0 0.120923976012183 0 0 0 0 0 0 0.330073862782753 0 0 0 0 0.0857287815944708 0 0 0 0.059057237567817 0 0 0 0.0781237962608022 0 0 0.116923868710403 0 0 0 0 0 0 0 0 0 0.0660782940937928 0 0 0 0 0 0.0991948322031249 0 0 0 0 0 0 0 0 0 0 0 0 0 0 0 0 0 0 0 0 0 0 0 0 0.164997823852878
"35" 0 0 0 0 0 0 0 0 0 0 0 0 0 0 0 0 0.0570742271337983 0 0 0 0 0 0 0 0 0.0814923409221066 0 0 0 0 0.101288141442974 0 0 0 0 0 0.0684186642916754 0.118971479125096 0 0 0 0 0 0.0742566261108774 0.412035673772655 0 0 0.0475334176539837 0 0.0502285084425353 0 0 0 0 0 0 0 0 0 0 0 0 0 0 0 0 0 0 0 0 0 0 0.0588372453419157 0 0 0 0 0 0 0 0 0 0.0557883313907927 0
"36" 0.107187489018941 0 0 0 0 0.0805657705081946 0 0.16889596352571 0 0 0 0 0 0.0582705853257394 0 0 0 0 0 0.109696486920715 0 0 0 0 0 0 0 0 0 0 0 0.0725369255476783 0.0858505866886615 0.104710646438834 0 0 0 0 0 0.137580407989323 0 0.122894562074508 0.138142667374093 0 0 0 0 0 0 0 0 0 0.0745915184502898 0 0 0 0 0.067457152306503 0.104947897005661 0 0 0 0.0745442270492223 0 0 0 0 0 0 0 0 0 0 0 0 0 0 0 0.0671686054478715 0 0 0 0 0
"37" 0 0 0 0 0 0 0 0 0 0 0 0 0 0 0 0 0.0468892405580397 0 0 0 0 0 0 0 0.0779507238716688 0.135056044390136 0 0 0 0 0 0 0 0 0.104802522892694 0 0 0.12304656124933 0.067357867977899 0 0 0 0 0.0870500790949897 0 0.0722374766831089 0 0.0633720016404382 0 0.0812640830755301 0 0 0 0 0 0.050484117883805 0 0 0 0 0 0 0 0 0 0 0 0 0 0.0548562252473523 0 0 0.055306881804448 0 0 0 0 0 0 0 0 0 0.0762659985311057 0
"38" 0 0 0 0 0 0 0 0 0 0 0 0 0 0 0 0 0 0 0 0 0 0 0 0 0 0.0694003771123693 0 0 0 0 0.128711407726202 0 0 0 0.104198039067207 0 0.0735513983097433 0 0 0 0 0 0 0.0725896831511779 0 0 0 0 0 0.0567131412033285 0 0 0 0 0 0 0 0 0 0 0 0 0 0 0 0 0 0 0 0 0 0 0.0578925481635274 0 0 0 0 0 0 0 0 0 0.0418781434440449 0
"39" 0 0 0 0 0 0.065498534408508 0 0 0 0 0 0 0 0 0 0 0.0846569373686876 0 0 0 0 0 0 0 0.0771092725606622 0.0778713424091801 0 0 0 0 0 0 0 0 0 0 0.0593920359587507 0 0 0 0 0 0 0.0713782712593864 0 0 0 0 0 0.0835144448359576 0 0 0 0 0 0.0337256142635784 0 0.0612880648540927 0 0 0 0 0 0 0.0534285344464119 0.070828812106979 0 0.0945323220919332 0 0.0613138663159977 0 0 0.0846849546143323 0 0 0 0 0 0 0 0 0 0 0
"40" 0 0 0 0 0 0 0 0.11173779822288 0 0 0 0 0 0 0 0 0 0 0 0.0849572535218761 0 0 0 0 0 0 0 0 0 0 0 0.0572335188660719 0 0.0867809927022261 0 0.0474558167004655 0 0 0 0 0 0.0727900530455793 0.1466076729225 0 0 0 0 0 0 0 0 0 0.05153569642782 0 0 0 0 0 0 0 0 0 0 0 0 0 0 0 0 0 0 0 0 0 0 0 0 0 0 0 0 0 0 0.18871873195146
"41" 0 0 0.0681683789955915 0 0 0 0 0 0 0.0959445984967728 0 0.114235789958775 0 0 0 0 0 0 0.043088127707283 0 0 0 0 0 0 0 0 0.0461922808584035 0.113713274357513 0 0 0 0 0 0 0 0 0 0 0 0 0 0 0 0 0 0 0 0.0619396872060676 0 0 0 0 0 0.0785589234445198 0 0 0 0 0.0648452991130619 0.0484680422115296 0 0 0 0 0 0 0 0.0705658504698176 0 0 0.0343772797414327 0 0 0 0.0936824411300203 0 0 0 0 0 0.0781161245102749 0 0
"42" 0.07153735410128 0 0 0 0 0 0 0.0785584960527929 0 0 0 0 0 0 0.185020256100147 0 0 0 0 0.103405291162112 0 0 0 0 0 0 0 0 0 0 0 0.0939276932259033 0 0 0 0.0621140489216033 0 0 0 0.117309232215821 0 0 0 0 0 0 0 0 0 0 0 0 0.0692945821349525 0 0 0 0 0 0 0 0 0 0.109051458934172 0 0 0 0 0 0 0 0 0 0 0 0 0 0 0 0.101816733371821 0 0 0 0 0
"43" 0 0 0 0 0 0 0 0 0 0 0 0 0 0.0732021737719816 0 0 0 0 0 0 0 0 0 0 0 0 0.22103006998136 0 0 0 0 0.105574230619062 0 0.12914614869507 0 0.0535876227825923 0 0 0 0.0925284327203747 0 0 0 0 0 0 0 0 0 0 0 0 0.0646176930803206 0 0 0 0 0 0.092521497750424 0 0 0 0 0 0 0 0 0 0 0 0 0 0 0 0 0 0 0 0 0 0 0 0 0.182539844625732
"44" 0 0 0 0 0 0 0 0 0 0 0 0 0 0 0 0 0.0651598057381529 0 0 0 0 0 0 0 0.0532420676120151 0.0779268220727699 0 0 0 0 0 0 0 0 0.0801015877893507 0 0.0632106505289981 0.104183195889912 0.0835524662544785 0 0 0 0 0 0 0 0 0 0 0.0711594020839152 0 0 0 0 0 0.0532530568847794 0 0 0 0 0 0 0 0 0 0 0 0 0 0.0557569011813838 0 0 0.0404468759602166 0 0 0 0 0 0 0 0 0 0.0599225481255202 0
"45" 0 0 0 0 0 0 0 0 0 0 0 0 0 0 0 0 0 0 0 0 0 0 0 0 0 0 0 0 0 0 0 0 0 0 0.0884615577142029 0 0 0 0 0 0 0 0 0 0 0 0 0 0 0 0 0 0 0 0 0 0 0 0 0 0 0 0 0 0 0 0 0 0 0 0 0 0 0 0 0 0 0.82884418195575 0 0 0 0 0 0
"46" 0 0 0 0 0.064979223359296 0 0 0 0 0 0 0 0 0 0 0 0.0615022569234783 0 0 0 0 0 0 0 0 0 0 0 0 0 0.0728579856713012 0 0 0 0 0 0.0893176748917258 0 0 0 0 0 0 0 0 0 0.0483482972641647 0.0506553746160745 0 0.0458959200570794 0 0.0743094832109628 0 0 0 0.0588613816482404 0 0 0 0 0 0 0 0 0 0 0.0863826821337165 0 0.0717897870884871 0 0 0 0.0401620911465213 0 0 0 0.0827727688583957 0 0 0.0768013995601469 0 0 0.0676425030731913 0
"47" 0 0 0 0 0.0786760651243515 0 0 0 0.140965193607991 0.0474257982626926 0 0 0 0 0 0 0 0 0.052913858516138 0 0.088133836704217 0 0 0 0 0 0 0 0 0 0 0 0 0 0 0 0 0 0 0 0 0 0 0 0 0.0461140487956086 0 0.0828319994507652 0 0 0 0 0 0 0 0 0 0 0 0 0.0517129674337531 0 0 0.171190701316295 0 0 0.0677534696152814 0 0.0599124876609087 0 0 0.0742528833119329 0 0 0 0 0.0885239660469038 0 0 0.0671100941776225 0 0 0 0
"48" 0 0 0 0 0.0611428677225701 0 0 0 0 0 0 0 0 0 0 0 0.0750960971268896 0 0 0 0 0 0 0 0 0 0 0 0 0 0.125377363252558 0 0 0 0.0903436003463945 0 0.0518520199471203 0 0 0 0 0 0 0 0 0.0701926177213282 0.0801270510148887 0 0 0.0708009198625015 0 0.0447906216237156 0 0 0 0.0600394654239313 0 0 0 0 0 0 0 0 0 0 0.0895999973405439 0 0.054750653932336 0 0 0 0 0 0 0 0.0657329206222729 0 0 0.0778052913995586 0 0 0.0702497827997454 0
"49" 0 0 0.0708561839872534 0 0 0 0 0 0 0.069143238564069 0.0752812335213664 0 0 0 0 0.0895960293783492 0 0 0.050620507537611 0 0 0 0 0 0 0 0 0.0636640267903697 0 0 0 0 0.0917427637095153 0 0 0 0 0 0 0 0.0810268694988104 0 0 0 0 0 0 0 0 0 0 0.0512373321997136 0 0 0.0788513436587849 0 0 0 0 0.0849166221163959 0.0563634876262335 0 0 0 0 0 0 0 0.0446387921978179 0 0 0 0 0 0 0.0756574653768741 0 0 0 0 0 0.0756330206758961 0 0
"50" 0 0 0 0 0 0 0 0 0 0 0 0 0 0 0 0 0.054340718491031 0 0 0 0 0 0 0 0.0703914049687386 0.0917250813274347 0 0 0 0 0 0 0 0 0.0914640938399337 0 0.0615359474306466 0.139703979866815 0.0882919955190419 0 0 0 0 0.0701925260336937 0 0.0503289721743478 0 0.060960397443303 0 0 0 0 0 0 0 0.0584012946622269 0 0 0 0 0 0 0 0 0 0 0 0 0 0.0614404343709817 0 0 0.071042697788096 0 0 0 0 0 0 0 0 0 0.0719298066077124 0
"51" 0 0 0.0713709113426443 0.111422874867656 0 0 0 0 0 0 0 0 0.52335224546064 0 0 0 0 0 0 0 0 0 0 0.20042585856582 0 0 0 0 0.0817621910347927 0 0 0 0 0 0 0 0 0 0 0 0 0 0 0 0 0 0 0 0 0 0 0 0 0 0 0 0 0 0 0 0 0 0 0 0 0 0 0 0 0 0 0 0 0 0 0 0 0 0 0 0.0871959331568945 0.0776451730122895 0 0
"52" 0 0 0 0 0.106913385046239 0.0522535082116696 0 0 0 0 0 0 0 0 0 0 0.0414511672677409 0 0.0693806016513066 0 0 0 0 0 0 0 0 0.0773559706154522 0 0 0 0 0 0 0 0 0 0 0 0 0 0 0 0 0 0.0412880578301988 0 0.0904289358163483 0.0939439010867696 0 0 0 0 0 0.0595425902030317 0.0507828817158734 0 0 0 0.0962573261154627 0.0657006790735054 0 0 0 0.0424569423600921 0.0669142678721913 0 0 0.0796946559541346 0 0 0 0 0 0 0.0950989825199236 0 0 0 0.0952798808869862 0 0 0 0
"53" 0.0682711011745479 0 0 0 0 0.0808170204428826 0 0.110977782162036 0 0 0 0 0 0.09102871657514 0 0 0 0 0 0.100909290339465 0 0 0 0 0 0 0 0 0 0 0 0.09612965616917 0.0771790970346111 0.130323219094959 0 0.0565014552883184 0 0 0 0.0996616786272203 0 0.119802939664293 0.12981667959625 0 0 0 0 0 0 0 0 0 0 0 0 0 0 0.101462167087542 0.0930096740820453 0 0 0 0.103712959800285 0 0.0543115976464892 0 0 0 0 0 0 0 0 0 0 0 0 0 0.0642528441101852 0 0 0 0 0
"54" 0 0 0 0 0 0 0 0 0 0 0 0.114193438447079 0 0 0 0 0 0 0 0 0.102515769637835 0.1892104899917 0.178178378405329 0 0 0 0 0 0 0 0 0 0 0 0 0 0 0 0 0 0 0 0 0 0 0 0 0 0 0 0 0 0 0 0 0 0.144698420862706 0 0 0 0 0 0 0 0 0 0 0 0 0 0.190334836049386 0.0688225174822364 0 0 0.1484542233236 0 0 0 0 0 0 0 0 0
"55" 0 0 0.0808104234373794 0 0 0 0 0 0 0.0696193546583007 0 0 0 0 0 0 0 0 0.0472819769037236 0 0 0 0 0 0 0 0 0.0750915480275478 0 0 0 0 0.0992901759749892 0 0 0 0 0 0 0 0.0824638513077249 0 0 0 0 0 0 0 0.0655718186493069 0 0 0.054421353608436 0 0 0 0 0 0 0 0.0801931077910186 0.0533860215364468 0 0 0 0 0 0 0 0.0687947008338963 0 0 0 0 0 0 0.0784124249115693 0 0 0 0 0 0.0950536354079992 0 0
"56" 0 0 0 0 0 0.0307514449763133 0 0 0 0 0 0 0 0 0 0 0.0469627614232208 0 0 0 0 0 0 0 0.0778485111941285 0.0868036471891993 0 0 0 0 0 0 0 0 0 0 0.0782304951274734 0 0.0701251349968804 0 0 0 0 0.10211177180888 0 0.0692712709966604 0 0.060000902011682 0 0.0850630518369107 0 0.0529189481431036 0 0 0 0 0 0 0 0 0 0 0 0 0.0701751759302114 0.080167939461081 0 0.0695386061551516 0 0.055193080160209 0 0 0.0626207379378419 0 0 0 0 0 0 0.0285954646677201 0 0 0.0716066614758618 0
"57" 0 0 0 0 0 0 0 0 0.127143428427222 0 0 0.102381998197375 0 0 0 0 0 0 0 0 0.10586456712283 0.203250314444927 0.122730706618634 0 0 0 0 0 0 0 0 0 0 0 0 0 0 0 0 0 0 0 0 0 0 0 0 0 0 0 0 0 0 0.0860011146447611 0 0 0 0 0 0 0 0 0 0.223058922259842 0 0 0 0 0 0 0 0.0678366223912747 0 0 0.102629698354169 0 0 0 0 0 0 0 0 0
"58" 0.102828527098312 0 0 0 0 0.0604340513205379 0 0 0 0 0 0 0 0.0869444822310655 0 0 0 0 0 0 0 0 0 0 0.0708836066644108 0 0 0 0 0 0 0 0 0 0 0.0850225466174921 0 0 0.0835345236130928 0 0 0 0 0 0 0 0 0 0 0 0 0 0.0502033381345638 0 0 0 0 0 0 0 0 0 0.0883287088140474 0 0.0865887989728615 0.0849194502807688 0 0.0929949061521195 0 0.0617754610643632 0 0 0 0 0 0 0 0 0.050658747361917 0 0 0 0 0
"59" 0 0 0 0 0 0 0 0 0 0 0.077825811957373 0 0 0.0543068256555219 0 0.0743160268431007 0 0 0 0 0 0 0 0 0 0 0.257148158195371 0 0 0 0 0 0.0902329418768907 0.070320742918234 0 0.0760132156413058 0 0 0 0 0 0 0.114523214001716 0 0 0 0 0 0 0 0 0 0.0747219113144802 0 0 0 0 0 0 0 0 0 0 0 0 0 0 0 0 0 0 0 0 0.12398621042239 0 0 0 0 0 0 0 0 0 0.195044262785594
"60" 0 0 0 0 0 0 0 0 0 0 0.0906890749807663 0 0 0.0659112270474557 0 0 0 0 0.0629339221880708 0 0 0 0 0 0 0 0 0.0455923190207672 0 0 0 0 0.0791999310547144 0 0 0 0 0 0 0 0.0631073755693157 0 0 0 0 0 0 0 0.0807976413046266 0 0 0.0696993856272949 0 0 0.0970726093831852 0 0 0 0 0 0.0469179734891585 0 0 0 0 0 0 0 0.088996527573713 0 0 0 0 0 0 0.0496250614105479 0 0 0 0 0 0 0 0
"61" 0 0 0 0 0.0477597081667898 0 0 0 0 0.0683455598582812 0 0 0 0 0 0 0 0 0.0606214148257367 0 0.0833970703217762 0 0 0 0 0 0 0.0761613304809472 0.0861262337750128 0 0 0 0 0 0 0 0 0 0 0 0.0476690415835212 0 0 0 0 0 0.0541416589627764 0 0.0690610137885413 0 0 0.0574772859937748 0 0 0.0734911261661704 0 0 0 0 0.0911777343161865 0 0 0 0 0 0 0.0792773691169547 0 0.073559156850055 0 0 0.0898663776022328 0 0 0 0.066962828820598 0 0 0 0.0568427308659976 0 0 0 0
"62" 0 0 0 0 0 0 0.180103156989007 0 0 0 0 0 0 0 0 0 0 0 0 0 0 0 0 0 0 0 0 0 0 0 0.117538637135966 0 0 0 0 0 0 0 0 0 0 0 0 0 0 0 0 0 0 0 0 0 0 0 0 0 0 0 0 0 0 0 0 0 0 0 0 0 0 0 0 0 0 0 0 0 0.102235251761491 0 0 0 0 0 0 0
"63" 0.0915106190084115 0 0 0 0 0.0652000639167694 0 0.13381593929675 0 0 0 0 0 0 0.302847632597271 0 0 0 0 0.128714498938642 0 0 0 0 0 0 0 0 0 0 0 0 0 0 0 0.0516968026353252 0 0 0 0 0 0.0742323060179476 0 0 0 0 0 0 0 0 0 0 0.0576646446031636 0 0 0 0 0.0688627554179094 0 0 0 0 0 0 0.075571149149958 0 0 0.0962847499575711 0 0 0 0 0 0 0 0 0 0 0.0600368992547417 0 0 0 0 0
"64" 0 0 0 0 0 0 0.179575526827308 0 0.131406372538642 0 0 0 0 0 0 0 0 0 0 0 0.071002091073759 0 0 0 0 0 0 0 0 0 0 0 0 0 0 0 0 0 0 0 0 0 0 0 0 0 0.0662882285048419 0 0 0 0 0 0 0 0 0 0.142916062587985 0 0 0 0 0 0 0 0 0 0 0 0 0 0 0 0 0 0 0 0.103860144193911 0 0 0 0 0 0 0
"65" 0.0879927925088066 0 0 0 0 0.0651243598142862 0 0 0 0 0 0 0 0.0805755459552346 0 0 0 0 0 0 0 0 0 0 0.0819000360987559 0 0 0 0 0 0 0 0 0 0 0 0 0 0.0641240637745002 0 0 0 0 0 0 0 0 0 0 0 0 0.0589251226584447 0.0751916734005424 0 0 0.0423289031836811 0 0.0910110859476939 0 0 0 0 0.0676040163294238 0 0 0.0977797027547685 0 0.0910893613694559 0 0.0767620631915783 0 0 0 0 0 0 0 0 0.0560165544477149 0 0 0 0 0
"66" 0.0587730361002297 0 0 0 0 0.0820671271520952 0 0 0 0 0 0 0 0 0 0 0.0805054205154944 0 0 0 0 0 0 0 0.0391319025012379 0 0 0 0 0 0 0 0 0 0 0 0 0 0.0664446735630684 0 0 0 0 0 0 0 0 0 0 0 0 0.0572390111333574 0 0 0 0.0630178186218648 0 0.0678735246165582 0 0 0 0 0 0 0.0790992657604423 0 0 0.0508935355916712 0 0.0589993240195257 0 0 0.0652496962297414 0 0 0 0 0 0.067194852391375 0 0 0 0 0
"67" 0 0 0 0 0.0662460763934902 0 0.143373782046393 0 0.113345641912844 0 0 0 0 0 0 0 0 0 0.0681654022917371 0 0.0866831591749878 0 0 0 0 0 0 0 0 0 0.0774062620232759 0 0 0 0 0 0 0 0 0 0 0 0 0 0 0.0497449644683116 0.0982260019015907 0.0641498720426038 0 0 0 0 0 0 0 0 0 0 0 0 0.0668788605914244 0 0 0 0 0 0 0 0 0 0 0 0 0 0 0 0.0670219608676295 0 0 0.0735572692062521 0 0 0.0730534722273291 0
"68" 0.0766349888925719 0 0 0 0 0.0709366332784039 0 0 0 0 0 0 0 0 0 0 0 0 0 0 0 0 0 0 0.0483789165117865 0 0 0 0 0 0 0 0 0 0 0 0 0 0.0841460521600937 0 0 0 0 0 0 0 0 0 0 0 0 0 0 0 0 0.0667998962583326 0 0.079891657715705 0 0 0 0 0.0757237256627814 0 0.0569893020349401 0.105927710883644 0 0 0 0.0645835764792771 0 0 0.058750037773769 0 0 0 0 0 0 0 0 0 0 0
"69" 0 0 0 0 0.0796365630479796 0 0 0 0 0.077976802133163 0 0 0 0 0 0 0 0 0.0666780054621091 0 0 0 0 0 0 0 0 0.0686195276206488 0 0 0 0 0 0 0 0 0 0 0 0 0.0697263472946332 0 0 0 0 0.0528229353031057 0.101968231454616 0.0410164210236167 0.0721507005786107 0 0 0.0308966305643449 0 0 0.0764433130858001 0 0 0 0 0.0944540253488009 0.0299639362239628 0 0 0 0 0 0 0 0 0 0 0 0 0 0 0.0849470838736535 0 0 0 0.0730973571081918 0 0 0 0
"70" 0.0852298835451153 0 0 0 0 0.0650394835392726 0 0 0 0 0 0 0 0 0 0 0.0435135010190176 0 0 0 0 0 0 0 0.0870436261417166 0.0842753896131886 0 0 0 0 0 0 0 0 0 0 0.0522189849474273 0 0.0593939419270188 0 0 0 0 0.0868930349020447 0 0 0 0 0 0.0915346562432963 0 0 0 0 0 0.0521143574541597 0 0.095794835010361 0 0 0 0 0 0 0.0624980841864095 0.0852085192729725 0 0.114368026059237 0 0 0 0 0.065443564290298 0 0 0 0 0 0 0 0 0 0.0395165408606353 0
"71" 0 0 0 0 0 0 0 0 0 0 0 0 0 0 0 0 0 0 0 0 0 0.142115945916598 0.103495957506345 0 0 0 0 0 0 0 0 0 0 0 0 0 0 0 0 0 0 0 0 0 0 0 0 0 0 0 0 0 0 0.158555157797782 0 0 0 0 0 0 0 0 0 0 0 0 0 0 0 0 0 0 0 0 0.104378908119611 0 0 0 0 0 0 0 0 0
"72" 0 0 0 0 0 0 0 0 0.113317907770468 0.0834771599084043 0 0.112811368506287 0 0 0 0 0 0 0.0790604402877192 0 0.103118233117555 0 0.132546203569603 0 0 0 0 0 0.0943339680135561 0 0 0 0 0 0 0 0 0 0 0 0.0754229963574773 0 0 0 0 0 0.104957192310003 0 0 0 0 0 0 0.156359405894665 0 0 0.0709075249769474 0 0 0 0.065559526788929 0 0 0 0 0 0 0 0 0 0 0 0 0 0.105936789544572 0 0 0 0 0 0 0 0 0
"73" 0 0 0 0 0 0 0 0 0 0 0 0 0 0 0 0 0.0632492040164205 0 0 0 0 0 0 0 0.0788822635030404 0.0978205473199647 0 0 0 0 0 0 0 0 0.0788193292001622 0 0.0968641526202526 0.149964212135259 0.0786603464899075 0 0 0 0 0.0761217869381849 0 0.0490877525541964 0 0 0 0.0519663386796214 0 0 0 0 0 0.0587409280895603 0 0 0 0 0 0 0 0 0 0.0588389484991345 0 0.104782312875896 0 0.0606374000269916 0 0 0 0 0 0 0 0 0 0 0 0 0.0596296807778561 0
"74" 0 0 0 0.0974889282599003 0 0 0 0 0 0 0.0624838601489431 0 0 0 0 0.107463455523634 0 0 0 0 0 0 0 0 0 0 0 0 0 0 0 0 0.100622171241502 0 0 0 0 0 0 0 0 0 0 0 0 0 0 0 0 0 0 0 0 0 0 0 0 0 0.11107962610702 0 0 0 0 0 0 0 0 0 0 0 0 0 0 0 0 0 0 0 0 0 0.15364520218433 0.0557041356415576 0 0
"75" 0 0 0 0 0 0 0 0 0 0 0 0.114282595256964 0 0 0 0 0 0 0 0 0 0.174416961914272 0.130016902363929 0 0 0 0 0 0 0 0 0 0 0 0 0 0 0 0 0 0 0 0 0 0 0 0 0 0 0 0 0 0 0.166952877850394 0 0 0.0722620250050811 0 0 0 0 0 0 0 0 0 0 0 0 0 0.213189028531504 0.0812163052494549 0 0 0 0 0 0 0 0 0 0 0 0
"76" 0 0 0 0 0 0 0 0 0 0 0.0784572787098162 0 0 0 0 0 0 0 0.0621516228740195 0 0 0 0 0 0 0 0 0.0702034601742318 0 0 0 0 0.114803322880162 0 0 0 0 0 0 0 0.0540988890707887 0 0 0 0 0 0 0 0.0474164101470246 0 0 0.0673214405033752 0 0 0.055510889232732 0 0 0 0 0.0743074693280105 0.0390526247367375 0 0 0 0 0 0 0 0.0722504788739952 0 0 0 0 0 0 0 0 0 0 0 0 0 0 0
"77" 0 0 0 0 0.0659560247946893 0 0.162206601448315 0 0.156369822144664 0 0 0 0 0 0 0 0 0 0 0 0 0 0 0 0 0 0 0 0 0 0.116647171224298 0 0 0 0 0 0 0 0 0 0 0 0 0 0 0.0699778001186201 0.0339633136333636 0.0624102533698138 0 0 0 0 0 0 0 0 0 0 0 0 0 0.295402491056088 0 0.143896108451022 0 0 0.0781218159605598 0 0 0 0 0 0 0 0 0 0 0 0 0.0893498029586945 0 0 0.068113915627032 0
"78" 0 0 0 0 0 0 0 0 0 0 0 0 0 0 0 0 0 0 0 0 0 0 0 0 0 0 0 0 0 0 0 0 0 0 0 0 0 0 0 0 0 0 0 0 0.439638836869866 0 0 0 0 0 0 0 0 0 0 0 0 0 0 0 0 0 0 0 0 0 0 0 0 0 0 0 0 0 0 0 0 0 0 0 0 0 0 0
"79" 0.066135927387278 0 0 0 0 0.0649152513969261 0 0.137853112165253 0 0 0 0 0 0.0922404301956262 0 0 0 0 0 0.129261094849674 0 0 0 0 0 0 0 0 0 0 0 0.0825832884660418 0 0 0 0.0551830287821149 0 0 0 0 0 0.0922052860453985 0 0 0 0 0 0 0 0 0 0 0.0645835941481661 0 0 0 0 0.0651184256740227 0 0 0 0 0.0800891064908887 0 0.0648077657576421 0.0740073144591989 0 0 0 0 0 0 0 0 0 0 0 0 0 0 0 0 0 0
"80" 0 0 0 0 0.0722968921522525 0 0 0 0 0 0 0 0 0 0 0 0.0685969528712768 0 0.0448282998637448 0 0.0974578518548341 0 0 0 0 0 0 0 0 0 0 0 0 0 0 0 0 0 0 0 0 0 0 0 0 0.0667863290889962 0.0558502801969115 0.0629583274277469 0 0 0 0.0782212207647374 0 0 0 0.0535186246727353 0 0 0 0 0.0546853553472953 0 0 0 0 0 0.0579634533290019 0 0.0777848803202287 0 0 0 0 0 0 0 0.0706313912210635 0 0 0 0 0 0.0696705442884715 0
"81" 0 0 0.0911328611048287 0.134050136416493 0 0 0 0 0 0 0 0 0 0 0 0.0996714367633196 0 0.21783569459235 0 0 0 0 0 0.193250021190106 0 0 0 0 0 0 0 0 0 0 0 0 0 0 0 0 0 0 0 0 0 0 0 0 0 0 0.176514857558861 0 0 0 0 0 0 0 0 0 0 0 0 0 0 0 0 0 0 0 0 0 0 0.154239807028751 0 0 0 0 0 0 0 0.0460122395580921 0 0
"82" 0 0 0.0823045790708836 0.122685400162642 0 0 0 0 0 0.111494787225377 0.0850728569566324 0 0 0 0 0.133680943510141 0 0 0 0 0 0 0 0 0 0 0 0.0819554288363013 0.11812620297252 0 0 0 0 0 0 0 0 0 0 0 0.0866844533189668 0 0 0 0 0 0 0 0.0505670407464004 0 0.12067154247564 0 0 0 0.0960268333300692 0 0 0 0 0 0 0 0 0 0 0 0 0 0 0 0 0 0 0.176094982619601 0 0 0 0 0 0 0.150571030030676 0 0 0
"83" 0 0 0 0 0.0768991295568945 0 0 0 0 0 0 0 0 0 0 0 0.0673093619755961 0 0 0 0 0 0 0 0 0.111669462912233 0 0 0 0 0.100979694958003 0 0 0 0.0617807544439514 0 0.0974129409388898 0.106543822828299 0 0 0 0 0 0.0727056888231488 0 0.0479139655687447 0 0.0559809462601584 0 0.0893844319689627 0 0 0 0 0 0.0511921990878908 0 0 0 0 0 0 0 0 0 0 0.0759191523100159 0 0 0.0720274745558971 0 0 0.0547418311175483 0 0 0 0.106645040431699 0 0 0.059884289341013 0 0 0 0
"84" 0 0 0 0 0 0 0 0 0 0 0 0 0 0 0 0 0 0 0 0 0 0 0 0 0 0 0.171738787696664 0 0 0 0 0.0845249492749398 0 0.138506149692473 0 0 0 0 0 0.0610141728963291 0 0 0.135855518620019 0 0 0 0 0 0 0 0 0 0 0 0 0 0 0 0.049045762112415 0 0 0 0 0 0 0 0 0 0 0 0 0 0 0 0 0 0 0 0 0 0 0 0 0
