"V1" "V2" "V3" "V4" "V5" "V6" "V7" "V8" "V9" "V10" "V11" "V12" "V13" "V14" "V15" "V16" "V17" "V18" "V19" "V20" "V21" "V22" "V23" "V24" "V25" "V26" "V27" "V28" "V29" "V30" "V31" "V32" "V33" "V34" "V35" "V36" "V37" "V38" "V39" "V40" "V41" "V42"
"1" 0 0 0 0 0 0 0 0 0 0 0.209802681533399 0 0.23253742758504 0 0 0.445606100264664 0 0 0.162935597591701 0 0 0 0 0 0 0 0 0 0 0.253316199651151 0 0 0 0 0 0 0 0 0 0 0 0
"2" 0 0 0 0 0 0 0 0 0.103867074706285 0 0 0 0 0 0 0.446986300909089 0.337522428148688 0 0 0 0 0 0 0 0 0 0 0 0 0 0 0 0 0 0 0 0 0 0 0.0770381595705702 0 0.783155439934559
"3" 0 0 0 0 0 0 0 0 0.122264370341032 0 0 0 0 0 0 0 0 0 0 0 0 0 0 0 0 0 0 0 0 0.255216543869207 0 0 0 0 0 0 0 0 0 0 0 0
"4" 0 0 0 0 0 0 0 0 0 0 0 0 0 0 0 0 0 0.224966538337675 0 0 0 0 0.867572209807187 0 0.0943621170354242 0 0 0 0 0 0 0 0 0 0 0 0 0 0 0.132725712237531 0 0
"5" 0 0 0 0 0 0 0 0 0 0 0 0 0 0 0 0 0 0 0 0 0 0 0 0 0.138036380586675 0 0 0 0 0 0 0 0 0 0 0 0 0 0 0 0 0
"6" 0 0 0 0 0 0 0 0 0 0.165242407700543 0 0 0 0 0 0 0 0 0 0 0 0 0 0 0.134979583234855 0 0 0.241741052583216 0 0 0.182967843443136 0.120570814192989 0 0 0 0 0 0 0 0 0.112551418231609 0
"7" 0 0 0 0 0 0 0 0 0 0 0 0 0 0 0 0 0 0 0 0 0 0 0 0 0 0 0 0 0 0 0 0 0 0 0 0 0 0 0 0.171266879753119 0 0
"8" 0 0 0 0 0 0 0 0 0.107319492754447 0.0812961948465257 0 0 0.25077237449139 0 0 0 0 0 0 0.272559509168954 0 0 0 0 0 0 0 0 0 0.246906008600804 0 0.159219303371739 0 0 0 0 0 0.242437077489386 0 0.0931085907927017 0 0
"9" 0 0.159592477454027 0.560017526242323 0 0 0 0 0.102798361207183 0 0 0 0 0 0.118659613077097 0 0 0 0 0 0.16489650812395 0 0 0 0 0 0 0 0 0 0 0.214197047114642 0.200306144260565 0 0 0.191123607330435 0.460987668289358 0 0 0 0 0 0
"10" 0 0 0 0 0 0.204406648899527 0 0.0916486921281509 0 0 0 0 0 0 0 0 0 0 0 0 0.464731299618316 0 0 0 0.154743275542296 0 0 0 0 0 0 0 0 1.03274323128875 0 0 0 0.271582693670823 0.287882668890714 0 0 0
"11" 0.210649782567413 0 0 0 0 0 0 0 0 0 0 0.546038136442036 0 0 0 0 0.213609400365102 0 0 0 0 0.181561700000582 0 0 0 0 0 0 0 0 0.126459292909511 0 0 0 0 0 0 0 0 0 0 0
"12" 0 0 0 0 0 0 0 0 0 0 0.202941697094662 0 0 0 0 0 0 0 0 0 0.429720246161603 0 0 0 0 0 0 0 0 0 0 0 0 0 0 0 0 0 0 0 0 0
"13" 0.189660375111608 0 0 0 0 0 0 0.141162069632074 0 0 0 0 0 0 0 0 0 0 0 0 0 0 0 0 0 0 0 0 0 0 0 0.230817424977151 0 0 0 0 0 0 0 0 0.197264712085146 0
"14" 0 0 0 0 0 0 0 0 0.116257057849598 0 0 0 0 0 0 0 0.381657818615429 0.240311446749254 0.216592752481034 0 0 0 0 0 0 0.178253179778968 0 0 0.189367037815016 0 0.173747969435638 0 0 0 0 0 0 0 0 0 0 0
"15" 0 0 0 0 0 0 0 0 0 0 0 0 0 0 0 0 0 0 0 0 0 0 0 0 0.128452806013599 0 0 0 0 0 0 0 0 0 0 0 0.382313510166446 0 0 0 0 0
"16" 0.196276535507308 0.164245221363156 0 0 0 0 0 0 0 0 0 0 0 0 0 0 0 0 0 0 0 0 0 0 0 0 0 0 0 0 0 0 0 0 0 0 0 0 0 0 0 0
"17" 0 0.226929357116859 0 0 0 0 0 0 0 0 0.206568589728878 0 0 0.157969490994414 0 0 0 0 0 0 0 0 0 0 0 0 0 0 0 0 0 0 0 0 0 0 0 0 0 0 0 0
"18" 0 0 0 0.273764891893287 0 0 0 0 0 0 0 0 0 0.0969750767788268 0 0 0 0 0 0 0 0 0 0 0.107677448659915 0 0 0 0 0.094816792361553 0 0 0 0 0 0 0.300948785606209 0 0 0 0 0
"19" 0.204808788239652 0 0 0 0 0 0 0 0 0 0 0 0 0.153695123258371 0 0 0 0 0 0 0 0 0 0 0.123577024209327 0.166860421192035 0 0 0 0 0 0 0 0 0 0 0 0 0 0 0.142699954527292 0
"20" 0 0 0 0 0 0 0 0.110046982947747 0.113058514794487 0 0 0 0 0 0 0 0 0 0 0 0 0 0 0.34747268129159 0 0.203793520644347 0 0 0 0 0 0 0 0 0 0 0 0 0 0 0.166760110950291 0
"21" 0 0 0 0 0 0 0 0 0 0.0631078417279592 0 0.375301937173214 0 0 0 0 0 0 0 0 0 0 0 0 0 0 0 0 0 0 0 0 0 0 0 0 0 0 0 0 0 0
"22" 0 0 0 0 0 0 0 0 0 0 0.279190961786909 0 0 0 0 0 0 0 0 0 0 0 0 0 0 0.165615933875228 0.138591369720132 0 0 0 0 0 1.22605263567916 0 0.162350835666366 0 0 0 0 0 0 0
"23" 0 0 0 0.284870516948362 0 0 0 0 0 0 0 0 0 0 0 0 0 0 0 0 0 0 0 0 0 0 0 0 0 0 0 0 0 0 0 0 0 0 0 0 0 0
"24" 0 0 0 0 0 0 0 0 0 0 0 0 0 0 0 0 0 0 0 0.212699448927588 0 0 0 0 0 0 0 0.233712540604489 0.236759859296214 0 0 0 0 0 0 0 0 0 0 0 0 0
"25" 0 0 0 0.247781645115529 1.07591478080003 0.218964903882535 0 0 0 0.136758418816601 0 0 0 0 0.465396854105737 0 0 0.190453017557105 0.245665431243718 0 0 0 0 0 0 0 0 0 0 0 0 0 0 0 0 0 0 0 0 0.114101184738287 0 0
"26" 0 0 0 0 0 0 0 0 0 0 0 0 0 0.159092810338124 0 0 0 0 0.254286729470474 0.207520367723609 0 0.215677026538037 0 0 0 0 0 0 0 0 0 0 0 0 0 0 0 0 0.303159569594668 0 0 0
"27" 0 0 0 0 0 0 0 0 0 0 0 0 0 0 0 0 0 0 0 0 0 0.17579780209899 0 0 0 0 0 0 0.189204043970033 0.240987275615414 0 0 0 0 0 0 0 0 0 0.134522914597001 0.181008753889891 0
"28" 0 0 0 0 0 0.188573823231682 0 0 0 0 0 0 0 0 0 0 0 0 0 0 0 0 0 0.289032572662862 0 0 0 0 0 0 0 0 0 0 0 0 0 0 0 0.133672093289132 0.167740566272857 0
"29" 0 0 0 0 0 0 0 0 0 0 0 0 0 0.155637832756236 0 0 0 0 0 0 0 0 0 0.385476469757981 0 0 0.216564200109255 0 0 0 0 0 0 0 0 0 0 0.290548793716164 0.288739701606125 0 0 0
"30" 0.237502267791427 0 0.568774715297364 0 0 0 0 0.15026226682749 0 0 0 0 0 0 0 0 0 0.199836507302776 0 0 0 0 0 0 0 0 0.244877850093835 0 0 0 0 0 0 0 0 0 0 0 0 0 0 0
"31" 0 0 0 0 0 0.1711944666742 0 0 0.0547846419988358 0 0.251301791533189 0 0 0.171172592860043 0 0 0 0 0 0 0 0 0 0 0 0 0 0 0 0 0 0 0 0 0.204466405403382 0 0 0 0 0.0797516528453109 0 0
"32" 0 0 0 0 0 0.115061236544996 0 0.153421475990118 0.139956532273178 0 0 0 0.216307608868276 0 0 0 0 0 0 0 0 0 0 0 0 0 0 0 0 0 0 0 0 0 0 0 0 0 0.233414658220537 0 0 0
"33" 0 0 0 0 0 0 0 0 0 0 0 0 0 0 0 0 0 0 0 0 0 0.176766546276479 0 0 0 0 0 0 0 0 0 0 0 0 0 0 0 0 0 0 0 0
"34" 0 0 0 0 0 0 0 0 0 0.103832223392122 0 0 0 0 0 0 0 0 0 0 0 0 0 0 0 0 0 0 0 0 0 0 0 0 0 0 0 0 0 0 0 0
"35" 0 0 0 0 0 0 0 0 0.0843579880627317 0 0 0 0 0 0 0 0 0 0 0 0 0.188973471987737 0 0 0 0 0 0 0 0 0.169629003882654 0 0 0 0 0 0 0.184755058187713 0 0 0 0
"36" 0 0 0 0 0 0 0 0 0.118286741987277 0 0 0 0 0 0 0 0 0 0 0 0 0 0 0 0 0 0 0 0 0 0 0 0 0 0 0 0.34746223218205 0 0 0 0 0
"37" 0 0 0 0 0 0 0 0 0 0 0 0 0 0 0.570559248924749 0 0 0.164331532025673 0 0 0 0 0 0 0 0 0 0 0 0 0 0 0 0 0 0.428805032110906 0 0 0 0 0 0
"38" 0 0 0 0 0 0 0 0.119586524891831 0 0.125550691491147 0 0 0 0 0 0 0 0 0 0 0 0 0 0 0 0 0 0 0.157887093090683 0 0 0 0 0 0.207670010604351 0 0 0 0 0 0 0
"39" 0 0 0 0 0 0 0 0 0 0.14859444715561 0 0 0 0 0 0 0 0 0 0 0 0 0 0 0 0.146422476521933 0 0 0.180961673467469 0 0 0.190880391548896 0 0 0 0 0 0 0 0 0 0
"40" 0 0.201627506760082 0 0.214968666896292 0 0 0.722679257447046 0.125185657666848 0 0 0 0 0 0 0 0 0 0 0 0 0 0 0 0 0.129796909894085 0 0.222987679136267 0.261688394289067 0 0 0.159823616493018 0 0 0 0 0 0 0 0 0 0 0
"41" 0 0 0 0 0 0.154092826559198 0 0 0 0 0 0 0.331359439515272 0 0 0 0 0 0.183075155144801 0.205428532984143 0 0 0 0 0 0 0.217085265939037 0.268871119993531 0 0 0 0 0 0 0 0 0 0 0 0 0 0
"42" 0 0.120180083308155 0 0 0 0 0 0 0 0 0 0 0 0 0 0 0 0 0 0 0 0 0 0 0 0 0 0 0 0 0 0 0 0 0 0 0 0 0 0 0 0
