"V1" "V2" "V3" "V4" "V5" "V6" "V7" "V8" "V9" "V10" "V11" "V12" "V13" "V14" "V15" "V16" "V17" "V18" "V19" "V20" "V21"
"1" 0 0 0.251145883685181 0 0 0 0 0 0 0 0 0 0 0 0 0 0 0 0 0 0
"2" 0 0 0.378680199221813 0 0 0 0 0 0 0 0 0 0 0 0 0 0 0 0 0 0
"3" 0.739172861397773 1.22927726707298 0 0.330328878088771 0 0 0 0 0 0 0 0 0 0 0 0 0 0 0 0 0
"4" 0 0 0.420814072949919 0 1.03553190344907 0.341367548988406 0 0 0 0 0 0 0 0 0 0 0 0 0 0 0
"5" 0 0 0 0.265533013496135 0 0 0 0 0 0 0 0 0 0 0 0 0 0 0 0 0
"6" 0 0 0 0.206955868939058 0 0 0 0 0.36613529088516 0 1.11065416306923 0 0 0 0 0 0 0 0 0 0
"7" 0 0 0 0 0 0 0 0 0 0 0 0.307296797035404 0 0 0 0 0 0 0 0 0
"8" 0 0 0 0 0 0 0 0 0 0.373491027785595 0 0 0 0 0 0 0 0 0 0 0
"9" 0 0 0 0 0 0.245666111135351 0 0 0 0.417396179094789 0 0 0 0 0 0 0.159126372585263 0 0 0 0
"10" 0 0 0 0 0 0 0 1.17428163626947 0.34922904859901 0 0 0 0.448611515726648 0 0 0 0 0 0 0 0
"11" 0 0 0 0 0 0.422550072959172 0 0 0 0 0 0 0 0 0 0 0 0 0 0 0
"12" 0 0 0 0 0 0 0.728884314539242 0 0 0 0 0 0.40814041072622 1.38618209485912 0 0 0 0 0 0 0
"13" 0 0 0 0 0 0 0 0 0 0.280244014147915 0 0.267144586157779 0 0 0 0.352877065332301 0 0 0 0 0
"14" 0 0 0 0 0 0 0 0 0 0 0 0.250104963133652 0 0 0 0 0 0 0 0 0
"15" 0 0 0 0 0 0 0 0 0 0 0 0 0 0 0 0 0.266252472811014 0 0 0 0
"16" 0 0 0 0 0 0 0 0 0 0 0 0 0.307747445667972 0 0 0 0 0 0.805110940729952 0.950703629297809 0
"17" 0 0 0 0 0 0 0 0 0.279090891881991 0 0 0 0 0 0.779637085194285 0 0 0.870502924118759 0 0 0.89878635425795
"18" 0 0 0 0 0 0 0 0 0 0 0 0 0 0 0 0 0.222372061718764 0 0 0 0
"19" 0 0 0 0 0 0 0 0 0 0 0 0 0 0 0 0.321343464188689 0 0 0 0 0
"20" 0 0 0 0 0 0 0 0 0 0 0 0 0 0 0 0.369260682420029 0 0 0 0 0
"21" 0 0 0 0 0 0 0 0 0 0 0 0 0 0 0 0 0.300893044827222 0 0 0 0
