"V1" "V2" "V3" "V4" "V5" "V6" "V7" "V8" "V9" "V10" "V11" "V12" "V13" "V14" "V15" "V16" "V17" "V18" "V19" "V20" "V21"
"1" 0 0.866552407669265 0.291089989574838 0.346114823645019 0.346114823645019 0.45866385806695 0.944013470085026 0.735214622093808 0.687995787100425 0.727222921463444 0.551245352820842 0.929981109950554 0.879936248437822 1.1247920025235 0.773936273690614 1.07021566882288 0.839144578176217 0.97447331769297 1.09451117466576 1.29954759785636 0.978960555474315
"2" 0.866552407669265 0 0.597046541469582 0.616311040594129 0.683735710306677 0.604342696621565 0.324324324324324 0.464990554975277 0.574602476364035 0.540540540540541 0.899638755518553 0.498353754448264 0.582179979149676 0.597046541469582 0.993771692478391 0.710970077727887 0.996707508896528 1.01988985211423 0.906111060229201 0.866552407669265 1.19041705651596
"3" 0.291089989574838 0.597046541469582 0 0.108108108108108 0.170933927576669 0.222870574357711 0.653137620194301 0.45866385806695 0.435797716124246 0.464990554975277 0.461838040287434 0.650897004259043 0.616311040594129 0.844351316314233 0.657595949221429 0.810810810810811 0.704778638400286 0.812610615047184 0.873269968724514 1.03834447093506 0.879936248437822
"4" 0.346114823645019 0.616311040594129 0.108108108108108 0 0.0764439763444916 0.120868539324313 0.616311040594129 0.389789327077188 0.346114823645019 0.382219881722458 0.362605617972939 0.584683990615782 0.535107834411441 0.779578654154376 0.551245352820842 0.727222921463444 0.597046541469582 0.704778638400286 0.773936273690614 0.956313838538061 0.773936273690614
"5" 0.346114823645019 0.683735710306677 0.170933927576669 0.0764439763444916 0 0.120868539324313 0.657595949221429 0.411663411127779 0.346114823645019 0.389789327077188 0.291089989574838 0.604342696621565 0.54054054054054 0.7980985437964 0.489480277737158 0.727222921463444 0.540540540540541 0.657595949221429 0.750942918348638 0.956313838538061 0.710970077727887
"6" 0.45866385806695 0.604342696621565 0.222870574357711 0.120868539324313 0.120868539324313 0 0.543236520060589 0.291089989574838 0.229331929033475 0.27027027027027 0.305775905377966 0.483474157297252 0.422175658157116 0.677295356007658 0.461838040287434 0.611551810755933 0.498353754448264 0.594594594594595 0.653137620194301 0.840883739789408 0.683735710306677
"7" 0.944013470085026 0.324324324324324 0.653137620194301 0.616311040594129 0.657595949221429 0.543236520060589 0 0.275622676410421 0.393519453474623 0.341867855153338 0.773936273690614 0.194894663538594 0.305775905377966 0.275622676410421 0.7980985437964 0.393519453474623 0.779578654154376 0.764439763444916 0.604342696621565 0.543236520060589 0.96240507106837
"8" 0.735214622093808 0.464990554975277 0.45866385806695 0.389789327077188 0.411663411127779 0.291089989574838 0.275622676410421 0 0.120868539324313 0.0764439763444916 0.498353754448264 0.194894663538594 0.170933927576669 0.389789327077188 0.54054054054054 0.362605617972939 0.535107834411441 0.556520548161459 0.486486486486486 0.584683990615782 0.727222921463444
"9" 0.687995787100425 0.574602476364035 0.435797716124246 0.346114823645019 0.346114823645019 0.229331929033475 0.393519453474623 0.120868539324313 0 0.0540540540540541 0.382219881722458 0.275622676410421 0.194894663538594 0.461838040287434 0.422175658157116 0.382219881722458 0.422175658157116 0.461838040287434 0.445741148715423 0.611551810755933 0.616311040594129
"10" 0.727222921463444 0.540540540540541 0.464990554975277 0.382219881722458 0.389789327077188 0.27027027027027 0.341867855153338 0.0764439763444916 0.0540540540540541 0 0.435797716124246 0.222870574357711 0.152887952688983 0.411663411127779 0.464990554975277 0.346114823645019 0.45866385806695 0.483474157297252 0.435797716124246 0.574602476364035 0.650897004259043
"11" 0.551245352820842 0.899638755518553 0.461838040287434 0.362605617972939 0.291089989574838 0.305775905377966 0.773936273690614 0.498353754448264 0.382219881722458 0.435797716124246 0 0.648648648648649 0.543236520060589 0.817986267590354 0.222870574357711 0.683735710306677 0.291089989574838 0.435797716124246 0.616311040594129 0.894753803094424 0.432432432432432
"12" 0.929981109950554 0.498353754448264 0.650897004259043 0.584683990615782 0.604342696621565 0.483474157297252 0.194894663538594 0.194894663538594 0.275622676410421 0.222870574357711 0.648648648648649 0 0.120868539324313 0.194894663538594 0.63268648166052 0.216216216216216 0.604342696621565 0.574602476364035 0.411663411127779 0.411663411127779 0.779578654154376
"13" 0.879936248437822 0.582179979149676 0.616311040594129 0.535107834411441 0.54054054054054 0.422175658157116 0.305775905377966 0.170933927576669 0.194894663538594 0.152887952688983 0.543236520060589 0.120868539324313 0 0.275622676410421 0.512801782730007 0.194894663538594 0.483474157297252 0.45866385806695 0.328797974610715 0.422175658157116 0.659813817066687
"14" 1.1247920025235 0.597046541469582 0.844351316314233 0.779578654154376 0.7980985437964 0.677295356007658 0.275622676410421 0.389789327077188 0.461838040287434 0.411663411127779 0.817986267590354 0.194894663538594 0.275622676410421 0 0.764439763444916 0.194894663538594 0.721171030493315 0.653137620194301 0.422175658157116 0.27027027027027 0.873269968724514
"15" 0.773936273690614 0.993771692478391 0.657595949221429 0.551245352820842 0.489480277737158 0.461838040287434 0.7980985437964 0.54054054054054 0.422175658157116 0.464990554975277 0.222870574357711 0.63268648166052 0.512801782730007 0.764439763444916 0 0.594594594594595 0.0764439763444916 0.229331929033475 0.461838040287434 0.773936273690614 0.222870574357711
"16" 1.07021566882288 0.710970077727887 0.810810810810811 0.727222921463444 0.727222921463444 0.611551810755933 0.393519453474623 0.362605617972939 0.382219881722458 0.346114823645019 0.683735710306677 0.216216216216216 0.194894663538594 0.194894663538594 0.594594594594595 0 0.543236520060589 0.461838040287434 0.229331929033475 0.229331929033475 0.683735710306677
"17" 0.839144578176217 0.996707508896528 0.704778638400286 0.597046541469582 0.540540540540541 0.498353754448264 0.779578654154376 0.535107834411441 0.422175658157116 0.45866385806695 0.291089989574838 0.604342696621565 0.483474157297252 0.721171030493315 0.0764439763444916 0.543236520060589 0 0.152887952688983 0.393519453474623 0.710970077727887 0.194894663538594
"18" 0.97447331769297 1.01988985211423 0.812610615047184 0.704778638400286 0.657595949221429 0.594594594594595 0.764439763444916 0.556520548161459 0.461838040287434 0.483474157297252 0.435797716124246 0.574602476364035 0.45866385806695 0.653137620194301 0.229331929033475 0.461838040287434 0.152887952688983 0 0.27027027027027 0.594594594594595 0.222870574357711
"19" 1.09451117466576 0.906111060229201 0.873269968724514 0.773936273690614 0.750942918348638 0.653137620194301 0.604342696621565 0.486486486486486 0.445741148715423 0.435797716124246 0.616311040594129 0.411663411127779 0.328797974610715 0.422175658157116 0.461838040287434 0.229331929033475 0.393519453474623 0.27027027027027 0 0.324324324324324 0.489480277737158
"20" 1.29954759785636 0.866552407669265 1.03834447093506 0.956313838538061 0.956313838538061 0.840883739789408 0.543236520060589 0.584683990615782 0.611551810755933 0.574602476364035 0.894753803094424 0.411663411127779 0.422175658157116 0.27027027027027 0.773936273690614 0.229331929033475 0.710970077727887 0.594594594594595 0.324324324324324 0 0.812610615047184
"21" 0.978960555474315 1.19041705651596 0.879936248437822 0.773936273690614 0.710970077727887 0.683735710306677 0.96240507106837 0.727222921463444 0.616311040594129 0.650897004259043 0.432432432432432 0.779578654154376 0.659813817066687 0.873269968724514 0.222870574357711 0.683735710306677 0.194894663538594 0.222870574357711 0.489480277737158 0.812610615047184 0
