"V1" "V2" "V3" "V4" "V5" "V6" "V7" "V8" "V9" "V10" "V11" "V12" "V13" "V14" "V15" "V16" "V17" "V18" "V19" "V20" "V21" "V22" "V23" "V24" "V25" "V26" "V27" "V28" "V29" "V30" "V31" "V32" "V33" "V34" "V35" "V36" "V37" "V38" "V39" "V40" "V41" "V42"
"1" 0 0 0 0 0.0806283289586955 0.0759276058896846 0 0.0866850429250008 0.118386686230391 0 0 0 0.136375495128637 0 0.0899597926576484 0 0 0 0 0.0779615463644832 0 0 0 0.0714999885800958 0 0 0 0.076942384130455 0 0 0 0.0606924599235719 0.0796437737649658 0 0.0671371678288405 0 0 0.0824240056058677 0 0.0785848897228627 0 0
"2" 0 0 0 0 0 0 0 0.0543026274173156 0.0646213023190336 0 0.155126143524467 0 0 0 0.0978820659599383 0.0696708388130864 0 0.0826277816692844 0 0 0 0 0 0 0 0 0.157106724167911 0 0 0 0.141516569092751 0 0 0.089071468521787 0.0543821094620414 0.102258124676462 0 0.111531012312047 0 0 0 0
"3" 0 0 0 0 0 0 0.0669565794666765 0 0 0 0 0.0968134324584516 0 0.129373135134122 0 0 0 0.117213820292942 0.0950867395784158 0 0 0 0 0 0.0755864998008349 0.0925393295074182 0 0 0 0 0 0 0.104592723286149 0 0 0.0617251625602518 0 0 0 0.0615810522869552 0 0.0596209473510335
"4" 0 0 0 0 0 0 0.098892052565878 0 0 0.194118461548916 0 0.0961347651124515 0 0.093586984183974 0 0 0 0 0 0 0.17078392331963 0 0.119101270200643 0 0 0.068250145884118 0 0 0 0 0 0 0 0 0 0 0 0 0.119543997570543 0 0.171815270504037 0
"5" 0.0600888899453244 0 0 0 0 0.0921187366233069 0 0 0 0 0 0 0 0 0 0 0 0 0.0609738783576312 0.0280952694587981 0 0 0 0.0741699478220617 0.0931684485940094 0 0 0.10599744069313 0 0.104238878382224 0 0.094113058529289 0.0554784126228556 0 0 0 0.0914897772270763 0 0 0.0790084705193936 0 0.0397892993338764
"6" 0.0871302607058623 0 0 0 0.0838401115168418 0 0 0 0 0 0 0 0 0 0 0 0 0 0 0.0597028387908624 0 0 0 0.0913436166097239 0.0819243396070213 0 0 0.0477763928202126 0 0.0888752837863715 0 0.0853998610999965 0.0559056047083794 0 0 0 0.0867807048663602 0 0 0.0696453615158576 0 0
"7" 0 0 0.113458366128301 0.135264736290569 0 0 0 0 0 0 0 0.106286994628818 0 0.107827391751823 0 0 0 0 0.0541926979218444 0 0.163104209831126 0 0.135514206224551 0 0 0.0970452680235689 0 0 0 0 0 0 0 0 0 0.0768709186172752 0 0 0.131834648875176 0 0.211131352351593 0
"8" 0.0679036847722028 0.0813095355832091 0 0 0 0 0 0 0.0522151329143533 0 0 0 0.10796769565837 0 0.111389913572921 0.0789207568976999 0 0.0726328968815798 0 0.0753680179485847 0 0 0 0 0 0 0 0 0 0 0 0.0983285187768227 0 0.0851191719578984 0.0902861852763184 0 0 0.125772354653545 0 0.0680223661166828 0 0
"9" 0.0665476674314276 0.0762124276992208 0 0 0 0 0 0.0823857755752747 0 0 0 0 0.0986486597079911 0 0.0706870679336849 0.0397658629906589 0 0 0 0.0233914012701829 0 0 0 0 0 0 0 0.107152264228952 0 0 0 0.0753268999490983 0 0 0.108450440855124 0 0 0.0374849630816036 0 0 0 0
"10" 0 0 0 0.0749389472533014 0 0 0 0 0 0 0 0.12506661612541 0 0 0 0 0 0 0 0 0.103386083797963 0 0.176863507681545 0 0 0 0 0 0 0 0 0 0 0 0 0 0 0 0 0 0.132419988335453 0
"11" 0 0.0991034846324243 0 0 0 0 0 0 0 0 0 0 0 0 0 0.090032907173906 0 0.11924571968046 0 0 0 0 0 0 0 0 0 0 0.330396474870155 0 0.157001887225526 0 0 0.122646725608863 0 0 0 0 0 0 0 0
"12" 0 0 0.112533954591612 0.0864747960784442 0 0 0.0885953650883009 0 0 0.17515302488257 0 0 0 0 0 0 0 0.11497936556785 0 0 0 0 0.171502797920458 0 0 0 0.165664765111363 0 0 0 0.141757243890458 0 0 0 0 0.0931937340065457 0 0 0 0 0.165063823982217 0
"13" 0.0673103539524765 0 0 0 0 0 0 0.0962366318288992 0.0890558279729817 0 0 0 0 0 0.0755713008912391 0.10448870712938 0 0 0 0.0486807979318528 0 0 0 0 0 0 0 0 0 0 0 0.0880528983347291 0 0 0.0790147921202321 0 0 0.0799564899960568 0 0 0 0
"14" 0 0 0.114129219959158 0.0854456226742021 0 0 0.0767948737205892 0 0 0 0 0 0 0 0 0 0 0 0.0734904134340791 0 0.117481411638851 0.163439300955276 0 0 0 0.0879989556726877 0 0 0 0 0 0 0 0 0 0.0628840018855187 0 0 0.0987735639498622 0 0 0.0719048512358481
"15" 0.103428360154765 0.0713420000119464 0 0 0 0 0 0.0830506413399861 0.0971241713643481 0 0 0 0.132720199404561 0 0 0.08478111181863 0 0 0 0.0608258011329046 0 0 0 0.103368096885555 0 0 0 0.0946050416077058 0 0 0 0.0828748421373752 0 0 0.0944836950587051 0 0 0.105921715610579 0 0 0 0
"16" 0 0.0695830020606453 0 0 0 0 0 0.0879482125385516 0.0779886171017729 0 0.191132175862727 0 0.093205382121085 0 0.0740217296547951 0 0 0.0621943682128115 0 0.0812999060317002 0 0 0 0 0 0 0 0 0 0 0 0.0864126384932765 0 0.161384559229762 0.0734612704126164 0 0 0.064848448210608 0 0 0 0
"17" 0 0 0 0 0 0 0 0 0 0 0 0 0 0 0 0 0 0 0 0 0 0.112002481897961 0 0 0 0 0 0 0 0.0845603123469063 0 0 0 0 0 0 0.0842573733568693 0 0 0 0 0.0772979890018981
"18" 0 0.0855201521788178 0.0857697213543368 0 0 0 0 0.0599273583087503 0 0 0.188803050511331 0.135947831852775 0 0 0 0.0967670585905671 0 0 0 0 0 0 0 0 0 0 0.177549546631501 0 0 0 0.135572286788726 0 0 0.139775240065286 0 0.0804552908671866 0 0 0 0 0 0
"19" 0 0 0.0667930982879568 0 0.0808249065042741 0 0.101594281711929 0 0 0 0 0 0 0.101337553658179 0 0 0 0 0 0 0 0.0923725219208218 0 0 0.0730323041646324 0.134378258382882 0 0 0 0 0 0 0.0720475044850152 0 0 0.0796379148591858 0.0752651213242959 0 0.157605796500312 0.0548564230112101 0 0.072186433438289
"20" 0.0769264482822842 0 0 0 0.0823756880969766 0.0900344353463736 0 0.0734621972388952 0.101046023778316 0 0 0 0.123940992086967 0 0.0777498991709646 0.113064743893085 0 0 0 0 0 0 0 0.0660143640855319 0 0 0 0.105969595166223 0 0 0 0.0917624547238577 0.0446953979023217 0 0.0682731119403522 0 0 0.0779317593620482 0 0.0654833875894557 0 0
"21" 0 0 0 0.145480641525727 0 0 0.109094017008481 0 0 0.21091474437966 0 0 0 0.0892126730889267 0 0 0 0 0 0 0 0 0.145196398309781 0 0 0.0885597987193893 0 0 0 0 0 0 0 0 0 0 0 0 0 0 0.157543497296105 0
"22" 0 0 0 0 0 0 0 0 0 0 0 0 0 0.107670059211962 0 0 0.200607576160185 0 0.037774973567561 0 0 0 0 0 0.0962878039061103 0.0749331663974345 0 0 0 0.0390795781579246 0 0 0 0 0 0 0.0867890603892061 0 0.114889593949484 0 0 0.0254057557277527
"23" 0 0 0 0.141357961737038 0 0 0.0632361825545839 0 0 0.261261805666057 0 0.090209768529051 0 0 0 0 0 0 0 0 0.186177577571774 0 0 0 0 0 0 0 0 0 0 0 0 0 0 0 0 0 0 0 0.153355673676354 0
"24" 0.0771629337408887 0 0 0 0.0420959442679265 0.0736844593325534 0 0 0 0 0 0 0 0 0.0663064114977919 0 0 0 0 0.0493925478388904 0 0 0 0 0.0607619449029692 0 0 0.0875249064290771 0 0.0911045059105472 0 0.0904453268117061 0.0657611763165657 0 0 0 0.0884891938854122 0 0 0.0608074789773818 0 0
"25" 0 0 0.0807471973950894 0 0.0781648062263719 0.0757525131014093 0 0 0 0 0 0 0 0 0 0 0 0 0.0648005379860298 0 0 0.109294962803021 0 0.0762853114215911 0 0.0937781028729004 0 0 0 0.116799829699421 0 0 0.0711165225756885 0 0 0.0713594034147398 0.105851590913661 0 0 0.0719875946125217 0 0.0564352440872033
"26" 0 0 0.0810451165849306 0.136507047672005 0 0 0.0888453271650295 0 0 0 0 0 0 0.106274747436555 0 0 0 0 0.0851405241326227 0 0.105884436136092 0.117638368658526 0 0 0.0567310337051623 0 0 0 0 0 0 0 0 0 0 0.0821260584659253 0 0 0.172453496345638 0 0 0.0684179627004913
"27" 0 0.112226546266231 0 0 0 0 0 0 0 0 0 0.0926157007994073 0 0 0 0 0 0.0931428792158069 0 0 0 0 0 0 0 0 0 0 0.255101545245871 0 0.139258076729413 0 0 0.123588954715265 0 0 0 0 0 0 0 0
"28" 0.0444294647095779 0 0 0 0.0806288153762372 0.0672671431697368 0 0 0.109184143023507 0 0 0 0 0 0.0797543232953769 0 0 0 0 0.0908137464774343 0 0 0 0.0783782754428086 0 0 0 0 0 0 0 0.0586042572284866 0.0723811330750028 0 0.0969706434765664 0 0 0 0 0.0601490255668786 0 0
"29" 0 0 0 0 0 0 0 0 0 0 0.16515098219231 0 0 0 0 0 0 0 0 0 0 0 0 0 0 0 0.0858307769721441 0 0 0 0.158743389428747 0 0 0 0 0 0 0 0 0 0 0
"30" 0 0 0 0 0.0890383599218734 0.0914782841825288 0 0 0 0 0 0 0 0 0 0 0.270571980325247 0 0 0 0 0.150657852792756 0 0.0847327941704237 0.0881570612135121 0 0 0 0 0 0 0 0.0514352863105345 0 0 0 0.0895162611571016 0 0 0.0731575958055277 0 0.0828120281375259
"31" 0 0.0727349159292832 0 0 0 0 0 0 0 0 0.175225350838572 0.0730224027128492 0 0 0 0 0 0.109581092012055 0 0 0 0 0 0 0 0 0.16590745287631 0 0.325516061049699 0 0 0 0 0.124410726141329 0 0 0 0 0 0 0 0
"32" 0.0726301738666255 0 0 0 0.0598171101195197 0.0881380078399811 0 0.0885588643646567 0.0878320882094254 0 0 0 0.0696553135367756 0 0.0586341640394041 0.12733431530261 0 0 0 0.0644671650219777 0 0 0 0.078257093959434 0 0 0 0.0532625475115381 0 0 0 0 0 0 0.0700408548905564 0 0 0.0761465743884691 0 0 0 0
"33" 0.0535355283332301 0 0.102596978584548 0 0.0731386608663869 0.112589176879322 0 0 0 0 0 0 0 0 0 0 0 0 0.0637458541533809 0.0625887994655498 0 0 0 0.0845984236208642 0.0856981320693813 0 0 0.103875228452017 0 0.0892545518358608 0 0 0 0 0 0.0716321649367631 0.0953115070763121 0 0 0.0425511545445599 0 0.0617409099802375
"34" 0 0.101385280839891 0 0 0 0 0 0.0887518058428723 0 0 0.166729592946415 0 0 0 0 0.0822316166063982 0 0.117223443760116 0 0 0 0 0 0 0 0 0.169376130572627 0 0 0 0.173041634068951 0 0 0 0 0.102069616622081 0 0 0 0 0 0
"35" 0.0662353301948565 0.0918133039470801 0 0 0 0 0 0.0682741888983973 0.104621087423536 0 0 0 0.116177157456347 0 0.0516481862714626 0.0827644868181609 0 0 0 0.0637827573936325 0 0 0 0 0 0 0 0.091239167286155 0 0 0 0.0826465490089169 0 0 0 0 0 0.0918232420899206 0 0 0 0
"36" 0 0.10076046618096 0.0990606117069666 0 0 0 0.0913007656986144 0 0 0 0 0.0989828036934174 0 0.0879370851025917 0 0 0 0.0622342436720845 0.0787014073395178 0 0 0 0 0 0.0512948568523277 0.0871651159397383 0 0 0 0 0 0 0.0876343879390229 0.118316783066371 0 0 0 0 0 0.041471573819792 0 0.0696760203991752
"37" 0 0 0 0 0.0716553632889189 0.087156765239582 0 0 0 0 0 0 0 0 0 0 0.266755706613243 0 0.0929217356682468 0 0 0.0873777796895628 0 0.0680829747661657 0.0569523855797981 0 0 0 0 0.114745662139149 0 0 0.0767271225828067 0 0 0 0 0 0 0.0664370504582513 0 0.0692912258475937
"38" 0.076100498515379 0.0812865903577317 0 0 0 0 0 0.0934373288169237 0.0990635021030436 0 0 0 0.0987408266362587 0 0.104450648075507 0.0718347021285986 0 0 0 0.0726027234802415 0 0 0 0 0 0 0 0 0 0 0 0.0684435323587562 0 0 0.0941598820004566 0 0 0 0 0 0 0
"39" 0 0 0 0.134403090360131 0 0 0.100162794975356 0 0 0 0 0 0 0.107309614887437 0 0 0 0 0.0772590158088988 0 0 0.0902455740707224 0 0 0 0.0809814451656505 0 0 0 0 0 0 0 0 0 0 0 0 0 0 0 0.0706776155320509
"40" 0.0504488849036872 0 0.0676643850430638 0 0.0902056177457928 0.0623095755150771 0 0.0845214475897609 0 0 0 0 0 0 0 0 0 0 0.0769907522591213 0.06907091212027 0 0 0 0.0911564102450454 0.0700063978294407 0 0 0.0965020779001047 0 0.0893694835840963 0 0 0.075904878248589 0 0 0.0707466605027754 0.0755359627238791 0 0 0 0 0.0774229926537283
"41" 0 0 0 0.109200454925361 0 0 0.103601098449159 0 0 0.0967553367230487 0 0.119848520886939 0 0 0 0 0 0 0 0 0.162023112309588 0 0.174247969583774 0 0 0 0 0 0 0 0 0 0 0 0 0 0 0 0 0 0 0
"42" 0 0 0.0925312979998021 0 0.102789936538686 0 0 0 0 0 0 0 0 0.0763982579546884 0 0 0.287877680292525 0 0.0764527550654428 0 0 0.107607560451158 0 0 0.0595584817765913 0.0884290500477015 0 0 0 0.0995188677013733 0 0 0.0614172259942447 0 0 0.0717903233287177 0.0617003211217858 0 0.145244926998118 0.0797938369752186 0 0
