"V1" "V2" "V3" "V4" "V5" "V6" "V7" "V8" "V9" "V10" "V11" "V12" "V13" "V14" "V15" "V16" "V17" "V18" "V19" "V20" "V21"
"1" 0 0 0.151354611880198 0 0 0.167825500760602 0 0.192823088784491 0.140744528757395 0 0 0 0 0 0 0 0.178956826172196 0.139631775308816 0 0 0
"2" 0 0 0 0 0 0 0 0 0.162604873075452 0 0 0 0 0.137787836563914 0.16133383112445 0.147423037912377 0 0 0.24547821552229 0 0
"3" 0.121158083575148 0 0 0 0 0 0 0.0989189860219986 0.150579030431941 0 0 0 0 0 0.185229507313797 0 0 0 0.213028972143554 0 0
"4" 0 0 0 0 0 0.174910255548139 0 0.143917195043369 0 0 0 0 0 0.169802661320433 0 0.114421098730323 0.185902656162532 0 0.21568533158448 0.25143349906513 0
"5" 0 0 0 0 0 0 0 0 0 0.122456193721569 0.382036886792948 0 0.28940533929401 0.209811201764622 0 0 0 0 0 0 0
"6" 0.140694612622652 0 0 0.224912397758056 0 0 0 0.154698257227331 0 0.162305145937327 0 0 0 0 0 0 0 0.119702703425328 0 0 0.283208899425647
"7" 0 0 0 0 0 0 0 0.13008731041011 0.225786374443272 0 0 0 0 0 0 0 0 0 0 0.260580961956585 0.20044629142099
"8" 0.165327203931393 0 0.182637465267961 0.132746160456851 0 0.155613607064352 0.305401781756661 0 0 0 0 0 0 0.181555552256954 0 0 0.20641750706249 0 0 0 0
"9" 0.163288085142169 0.170280489241146 0.20488015070449 0 0 0 0.297909205833797 0 0 0 0 0 0.447523355743399 0 0 0 0 0 0 0.233114408796385 0
"10" 0 0 0 0 0.197740551491813 0.204840208917768 0 0 0 0 0 0 0 0.160678201317366 0.177614771344464 0.22238428101673 0.196010066950366 0 0 0 0
"11" 0 0 0 0 0.223323179271793 0 0 0 0 0 0 0 0 0 0.155843280825925 0 0 0 0 0 0
"12" 0 0 0 0 0 0 0 0 0 0 0 0 0 0 0 0.088013999705292 0 0 0 0 0
"13" 0 0 0 0 0.33006372094582 0 0 0 0.183418378806318 0 0 0 0 0 0 0.14026850615106 0 0 0 0 0
"14" 0 0.200992805606121 0 0.127811177006748 0.227180658263724 0 0 0.169784429654018 0 0.209769070297407 0 0 0 0 0.193074854335584 0 0 0 0 0 0
"15" 0 0.164758199536295 0.217191584228723 0 0 0 0 0 0 0.223816632231368 0.626880113545676 0 0 0.117228442972374 0 0 0 0.123462624720034 0 0 0
"16" 0 0.215690216016692 0 0.121916596409819 0 0 0 0 0 0.148151796981252 0 0.58068652589152 0.387906070252721 0 0 0 0 0.198566355933256 0 0 0.17360217581469
"17" 0.197586090395636 0 0 0.14443884384609 0 0 0 0.180837714489826 0 0.189843176741039 0 0 0 0 0 0 0 0.232450707883219 0.161642833812711 0 0
"18" 0.167429564699078 0 0 0 0 0.131551488362603 0 0 0 0 0 0 0 0 0.162973129415039 0.140886927272306 0.181936972103045 0 0 0 0
"19" 0 0.199932856105297 0.161906630820007 0.163391900881884 0 0 0 0 0 0 0 0 0 0 0 0 0.101946755512574 0 0 0.21191702317287 0
"20" 0 0 0 0.181954505313159 0 0 0.162968505963622 0 0.200476959475843 0 0 0 0 0 0 0 0 0 0.284263523602367 0 0.211483573837698
"21" 0 0 0 0 0 0.147283976704879 0.241407158668668 0 0 0 0 0 0 0 0 0.163620395708304 0 0 0 0.231833402596516 0
