"V1" "V2" "V3" "V4" "V5" "V6" "V7" "V8" "V9" "V10" "V11" "V12" "V13" "V14" "V15" "V16" "V17" "V18" "V19" "V20" "V21"
"1" 0 0.575066875141515 0 0 0 0 0 0.187656186360996 0 0 0.0834241311617217 0 0 0 0 0.0982886159166202 0 0.137640130951662 0 0 0
"2" 0.231391818161888 0 0 0 0 0 0 0 0 0 0 0 0 0 0 0 0 0.120551226528717 0 0 0
"3" 0 0 0 0 0 0.0737638086365586 0 0.177370104708941 0.0558273027470864 0.0789620545811587 0.115656370489268 0 0 0.0625584468802773 0 0 0.0733702873841203 0 0.125903156417551 0 0.133055178020711
"4" 0 0 0 0 0 0 0.109412889967087 0 0 0 0 0.0714595823228214 0 0 0.272580591174124 0 0 0.108632677410532 0 0.0660023111926839 0
"5" 0 0 0 0 0 0.0785305259264792 0.0906216571640727 0 0.0737213077209768 0.0622016631419742 0 0.100196839375034 0.0867256704501117 0.0716910388066929 0 0 0.0687266540582179 0 0 0.0734178482291482 0.0986662720370317
"6" 0 0 0.094595207044489 0 0.101091086096324 0 0 0.116518552015862 0.0602161635228285 0.111648600710816 0.120943104383044 0.0859438209689751 0.104019028064246 0.064881978166859 0 0.0538154491679526 0.074295600300927 0 0.109535141178561 0 0.0984833710676408
"7" 0 0 0 0.0993201808549419 0.0798998415609798 0 0 0 0.0823295247470479 0 0 0.0940160649455426 0.0872003809787419 0.0796489422028286 0.25865854424944 0.0777340653164432 0.0861170652795162 0.0915123817139766 0 0.0847158850370475 0
"8" 0.177010936777141 0 0.115202292268539 0 0 0.0668954216494917 0 0 0 0.117456583018959 0.127551515608162 0 0 0 0 0.0881757479692554 0 0 0.10574280502747 0 0
"9" 0 0 0.143651559868602 0 0.0988908351214888 0.0824114862873742 0.103629110628778 0 0 0.0598991185757459 0.0936919305367006 0.094907392378172 0.0852918543511281 0.0623301831742329 0 0.060909430763851 0.0623375004829372 0 0.108407407068236 0.0517521025544045 0.102311757494676
"10" 0 0 0.0981703085694681 0 0.108718507227141 0.0725392980221697 0 0.167107308038395 0.0741621885819363 0 0.0922966309995278 0.0810896452553106 0.0839096226659817 0.075059114967629 0 0.0836305909892885 0.101704397083344 0 0.071953790794657 0 0.076056569975097
"11" 0.114970641283492 0 0.124251563922629 0 0 0.0868023560974973 0 0.139701178595771 0.0805050005771573 0.0782148748337046 0 0 0 0.062498816889311 0 0.0377545765201943 0.0654642410036172 0 0.0578409164531117 0 0
"12" 0 0 0 0.171607590063614 0.0460565367922655 0.0831061438159923 0.0783952393102954 0 0.0974706466820437 0.0665113892619203 0 0 0.120307915182409 0.0657527040928095 0 0.0661403264507477 0.0494303429134004 0.0875979520902253 0 0.0848749883688077 0.12088545450519
"13" 0 0 0 0 0.124795936691094 0.0680413734063221 0.0884909268600741 0 0.0615518878329559 0.0912052585789101 0 0.0726322637018298 0 0.0643377701859359 0 0 0.0688201248713289 0 0 0.0835065048164358 0.0876485317809689
"14" 0 0 0.124123905774007 0 0.11940608077382 0.0744945738060072 0.130137323838178 0 0.0601792653343382 0.0729864469176634 0.0945771767285877 0.0687202093919749 0.100584490609532 0 0 0.0705043671833331 0.0654482086755764 0.0793983394540798 0.0978570196024511 0.0803801242871146 0.111525925055327
"15" 0 0 0 0.210139053614827 0 0 0.101323047596865 0 0 0 0 0 0 0 0 0 0 0.075860052203838 0 0.0755047959673938 0
"16" 0.210235870416196 0 0 0 0 0.039910945376774 0.0645273291915239 0.19067829276121 0.0911081878264711 0.0891338829462615 0.087016841039247 0.0890740648127388 0 0.0901572762287735 0 0 0.057570621595903 0.116305906205422 0.069276512859331 0.0951700162494531 0
"17" 0 0 0.104510716278674 0 0.111081854343424 0.0677889004207417 0.0898217029135557 0 0.0711237101126654 0.0853951053224394 0.112158710453472 0.0799511807527137 0.124461958285309 0.0656187240054332 0 0.074747198525561 0 0.103848823194346 0.117419670798665 0.10942002192833 0.0867597222304332
"18" 0.160962550767907 0.462735573109158 0 0.225328734032931 0 0 0.0729020365614936 0 0 0 0 0.0668012988159322 0 0.0436550807831378 0.227374205020952 0.0996875763353846 0.0353931532523842 0 0 0.0851881903422538 0
"19" 0 0 0.125901602173093 0 0 0.0400929731407331 0 0.169033105844075 0.0807962438150299 0.0613581345600262 0.0700688217420809 0 0 0.0457570089691074 0 0.0752747909773094 0.0733384931625702 0 0 0 0.0679936881943571
"20" 0 0 0 0.282290398296424 0.063014231214421 0 0.0460996858585 0 0.0822871309523147 0 0 0.0879318283255557 0.0716315848353839 0.0542674313598235 0.305175134388834 0.0797749619500147 0.0843729142796916 0.0920443258403804 0 0 0
"21" 0 0 0.112335578819912 0 0.104487655852479 0.0807185155724962 0 0 0.0596375221836297 0.0643948051903275 0 0.0893527673401672 0.108362586104993 0.0513789863253001 0 0 0.0564660388175772 0 0.112877796825698 0 0
