"V1" "V2" "V3" "V4" "V5" "V6" "V7" "V8" "V9" "V10" "V11" "V12" "V13" "V14" "V15" "V16" "V17" "V18" "V19" "V20" "V21" "V22" "V23" "V24" "V25" "V26" "V27" "V28" "V29" "V30" "V31" "V32" "V33" "V34" "V35" "V36" "V37" "V38" "V39" "V40" "V41" "V42" "V43" "V44" "V45" "V46" "V47" "V48" "V49" "V50" "V51" "V52" "V53" "V54" "V55" "V56" "V57" "V58" "V59" "V60" "V61" "V62" "V63" "V64" "V65" "V66" "V67" "V68" "V69" "V70" "V71" "V72" "V73" "V74" "V75" "V76" "V77" "V78" "V79" "V80" "V81" "V82" "V83" "V84"
"1" 0 0 0 0 0 0 0 0 0.131789063067578 0 0.0790122520594788 0 0 0.221253782287128 0 0 0 0 0 0 0 0 0 0 0 0 0 0 0 0.136151151023734 0 0 0 0 0 0 0 0 0 0 0.251647050525102 0 0 0 0 0 0 0 0 0 0 0.142987490056445 0 0 0 0 0 0 0 0 0 0 0 0 0.389627044781926 0 0 0 0 0 0 0 0 0 0 0 0 0 0 0 0 0 0 0.119209621877536
"2" 0 0 0 0 0 0 0.140476885679368 0 0 0 0 0 0 0 0 0 0 0 0 0 0 0 0 0 0 0 0 0 0 0 0 0 0 0 0 0 0 0 0 0 0 0 0 0 0 0 0 0.104485275510796 0 0 0 0 0 0 0 0 0 0 0 0 0 0.179215478953226 0 0 0 0 0 0 0 0 0 0 0 0 0 0 0 0 0 0 0 0 0 0
"3" 0 0 0 0 0 0 0 0 0 0 0 0 0 0 0 0 0 0 0 0 0 0 0 0 0 0 0 0 0 0.0881475224998561 0 0 0 0 0.255388377547761 0 0 0 0 0 0 0 0 0 0 0 0 0 0 0 0 0 0 0 0 0 0 0 0 0 0 0 0 0 0 0 0 0 0 0 0 0 0.28239154004096 0 0 0 0 0 0 0 0.111186201028139 0 0 0
"4" 0 0 0 0 0 0.178046215223805 0 0 0 0 0 0 0 0 0 0 0 0 0 0 0 0 0 0 0 0 0 0 0 0 0 0 0.155977704421397 0 0 0 0 0.0986316558468003 0 0 0 0 0 0 0 0 0 0 0 0 0 0 0 0 0 0 0 0 0 0 0 0 0 0 0 0 0 0 0 0 0 0 0 0 0 0.287059132858762 0.308704694417212 0 0 0 0 0 0 0
"5" 0 0 0 0 0 0 0 0 0 0 0 0 0 0 0 0 0 0 0.106996203199993 0 0 0.549140780071081 0 0 0 0 0 0 0 0 0 0 0 0 0 0 0.142334166693332 0 0.19512238403466 0 0 0 0.0799377028343373 0 0 0 0 0 0 0 0 0 0 0 0 0 0 0 0 0 0 0 0 0 0 0 0 0 0 0 0 0 0 0 0 0 0 0 0 0 0 0 0 0
"6" 0 0 0 0.220085144872868 0 0 0 0 0.121254706510825 0 0 0 0 0 0 0 0 0 0 0 0 0 0 0 0 0 0 0.0933824677109154 0 0 0 0 0 0 0 0 0 0 0 0 0 0 0 0 0 0 0 0 0 0 0.146108984350447 0 0 0 0 0 0 0 0 0 0 0 0 0 0 0 0 0 0 0 0 0 0 0 0 0 0 0.142742833107655 0 0 0.130828205505081 0 0 0
"7" 0 0.315059147044484 0 0 0 0 0 0.158118197569033 0 0 0 0 0 0 0 0 0 0 0 0 0 0 0 0 0 0 0 0 0 0 0 0 0.136004128502883 0 0 0 0 0 0 0 0.200039962069231 0 0 0 0 0 0 0 0 0 0 0 0 0 0 0 0 0 0 0 0.13860812263621 0 0 0 0 0 0 0 0 0 0.488016373012043 0 0 0 0 0 0 0 0 0.138928065010321 0 0 0 0
"8" 0 0 0 0 0 0 0.197969618869367 0 0 0 0 0 0 0 0 0.152120553512295 0.134921825767482 0 0 0 0 0 0 0 0.1231065944523 0 0 0 0 0 0 0 0 0 0 0 0.146393088318947 0 0 0 0 0 0 0 0 0 0 0 0 0 0 0 0 0 0 0 0 0 0 0 0 0.21507649316851 0 0 0 0 0 0 0 0 0 0 0 0 0 0 0 0 0 0 0 0 0 0.173881652306836
"9" 0.121924588128727 0 0 0 0 0.185078909632615 0 0 0 0 0 0 0 0 0.105401913079229 0 0 0 0 0 0 0 0 0 0 0 0 0 0 0 0 0 0 0 0 0 0 0 0 0 0 0 0 0 0 0 0 0 0 0.134704614571814 0 0.188584581172316 0 0 0 0 0 0.168425855960943 0 0 0 0 0 0 0 0 0 0 0 0 0 0 0 0 0 0 0 0 0 0 0 0 0 0
"10" 0 0 0 0 0 0 0 0 0 0 0 0 0 0 0 0 0 0 0 0 0.253723152411657 0 0 0 0 0 0 0 0 0 0 0 0 0 0 0 0 0 0 0 0 0 0 0 0 0 0 0 0 0 0 0 0 0 0.106748776769665 0.157279957191202 0 0 0 0 0 0 0 0 0 0 0 0 0 0 0 0 0 0 0 0 0 0 0 0 0 0 0 0
"11" 0.141347212532768 0 0 0 0 0 0 0 0 0 0 0.189923333223445 0 0 0.220636203288628 0 0 0 0 0 0 0 0 0 0.140761797219835 0 0 0.106989611315709 0 0 0 0 0 0 0 0 0 0 0 0 0 0 0 0 0 0.384507896209122 0 0.164161755401526 0 0 0 0 0 0 0 0 0.14965669426148 0 0 0 0 0 0 0 0 0.191388489011128 0 0 0 0 0 0 0 0 0 0 0 0.197223036119492 0 0 0 0.111146439439915 0 0
"12" 0 0 0 0 0 0 0 0 0 0 0.11644063328737 0 0 0 0 0 0 0 0 0 0 0 0 0 0 0 0 0 0 0.0909838445136929 0 0 0 0 0 0 0 0 0 0 0 0 0 0 0 0 0 0 0 0 0 0 0 0 0.18009623868012 0 0 0 0 0 0 0 0 0 0 0 0 0 0 0 0 0 0 0 0 0 0 0 0 0 0 0.0944187470155901 0 0
"13" 0 0 0 0 0 0 0 0 0 0 0 0 0 0.214742666527274 0 0.133328042343307 0 0 0 0 0 0 0 0 0 0 0 0.0992037367964007 0 0 0 0 0 0 0 0 0 0.115700162688902 0 0 0 0 0 0 0 0 0 0 0 0 0 0 0 0 0.157415670723272 0 0 0 0 0 0 0 0 0 0 0 0 0 0 0 0 0 0 0 0 0 0 0.0974667574938416 0 0 0 0 0 0
"14" 0.148582977410483 0 0 0 0 0 0 0 0 0 0 0 0.206386968849779 0 0 0 0 0 0 0 0 0 0 0 0 0 0 0.0763049594018663 0 0 0 0 0 0 0 0 0 0 0 0 0 0 0 0 0 0 0 0 0 0 0 0 0 0 0 0 0 0 0 0 0 0 0 0 0 0 0 0.0984788205819132 0 0 0 0 0 0 0 0 0 0 0 0.131950756236202 0 0 0 0
"15" 0 0 0 0 0 0 0 0 0.141585747754443 0 0.0875926032599798 0 0 0 0 0 0 0.219139901448549 0 0 0 0 0 0 0 0.168642254788602 0 0 0 0 0 0 0 0 0 0 0 0 0 0 0 0 0 0 0 0 0 0 0 0 0 0 0 0 0 0.188825398427521 0 0 0 0 0 0 0 0 0 0 0 0 0 0 0 0 0 0.167861100373562 0 0 0 0 0 0 0.0999924113342493 0 0 0
"16" 0 0 0 0 0 0 0 0.159309164009374 0 0 0 0 0.172250564894074 0 0 0 0 0 0.0687240795462935 0 0 0 0 0 0 0 0 0.121471194734043 0.107322060868265 0 0.0695777956765802 0 0 0 0 0 0 0 0 0 0 0.118175105127582 0 0 0 0 0 0 0 0 0 0 0 0 0 0 0 0 0 0 0 0 0 0 0 0 0 0 0 0 0 0 0 0 0 0 0 0 0 0 0 0 0 0
"17" 0 0 0 0 0 0 0 0.165087796139812 0 0 0 0 0 0 0 0 0 0 0 0 0 0 0 0 0 0 0.170819359358913 0 0 0 0 0 0 0 0 0 0 0.10369009525848 0.17289249821281 0 0 0 0 0 0 0 0 0 0 0 0 0 0 0 0 0 0.104687034161283 0 0 0.275921113264356 0 0 0 0 0 0 0 0 0 0 0 0 0 0.137649204897978 0 0 0 0.18561682025023 0 0 0 0 0 0
"18" 0 0 0 0 0 0 0 0 0 0 0 0 0 0 0.167788244625992 0 0 0 0 0 0 0 0 0 0 0 0 0 0 0 0 0.171086956369245 0 0 0 0 0 0 0 0 0 0.120500819373171 0 0 0 0 0 0 0 0.136322423580849 0 0 0 0 0 0 0 0 0 0 0 0 0 0.175207471818439 0 0 0 0 0 0 0 0 0 0 0 0 0 0 0 0 0 0 0 0
"19" 0 0 0 0 0.215078556884737 0 0 0 0 0 0 0 0 0 0 0.132683003105897 0 0 0 0 0 0 0 0 0 0.293789522129097 0 0 0 0 0 0.155489202709335 0 0 0 0 0 0 0 0 0.230585097504222 0 0 0 0 0 0 0 0 0 0 0 0 0 0.112219545066211 0 0 0 0 0 0.162089058491744 0 0 0.178926565753749 0 0 0 0.114817178788043 0 0 0 0.203904686558288 0 0 0 0 0 0 0 0 0 0 0 0
"20" 0 0 0 0 0 0 0 0 0 0 0 0 0 0 0 0 0 0 0 0 0 0 0 0 0 0 0 0 0 0 0 0 0 0 0 0 0 0 0 0 0 0 0.114518741939481 0.209990344843233 0 0 0 0 0 0 0 0 0 0 0 0.134100848185002 0 0 0 0 0 0 0 0 0.31188111578266 0 0 0 0 0 0 0 0 0 0 0 0 0 0 0.158807962653124 0 0 0 0
"21" 0 0 0 0 0 0 0 0 0 0.358826756182845 0 0 0 0 0 0 0 0 0 0 0 0 0 0 0 0 0 0 0 0.162768231320756 0 0 0 0 0 0 0 0 0 0 0 0 0 0 0 0 0 0 0 0 0 0 0 0 0.133463410715013 0.14035661161803 0 0 0 0 0 0 0 0 0 0 0 0 0 0 0 0 0 0 0 0 0 0 0 0 0.0898030102182443 0 0 0
"22" 0 0 0 0 0.175746663895452 0 0 0 0 0 0 0 0 0 0 0 0 0 0 0 0 0 0 0 0 0 0 0 0 0 0 0 0 0 0 0 0 0 0 0 0 0 0 0 0 0 0 0 0 0 0 0 0 0 0.126981230837023 0 0 0 0 0 0 0 0 0 0 0 0 0 0 0 0 0 0 0 0 0 0 0 0 0 0 0 0 0
"23" 0 0 0 0 0 0 0 0 0 0 0 0 0 0 0 0 0 0 0 0 0 0 0 0 0 0 0 0 0 0 0 0 0 0 0.195612236720049 0.197292813762772 0 0 0.208166503261431 0 0 0 0 0 0 0 0 0 0 0.155910910758279 0 0 0 0 0 0 0 0 0 0 0 0 0 0 0 0 0 0 0 0 0 0 0 0 0 0 0 0 0 0 0 0 0 0
"24" 0 0 0 0 0 0 0 0 0 0 0 0 0 0 0 0 0 0 0 0 0 0 0 0 0 0 0 0 0.142662860026236 0 0 0 0 0 0 0 0.13656189134891 0 0 0 0 0 0 0 0 0 0 0 0 0 0 0 0 0 0 0 0 0 0 0 0 0 0 0 0 0 0 0 0 0 0 0 0 0 0 0 0 0 0 0 0 0 0 0
"25" 0 0 0 0 0 0 0 0.103949880274743 0 0 0.0790817226180698 0 0 0 0 0 0 0 0 0 0 0 0 0 0 0 0 0 0 0.16647090212564 0 0 0 0 0 0 0 0 0 0.224904180084806 0 0 0 0 0 0 0 0.124497580966893 0 0 0 0 0 0 0 0 0 0 0 0 0 0 0 0 0 0.18865640629553 0 0 0 0 0 0 0 0 0 0 0.297546269778175 0 0 0 0 0.115861523682719 0 0
"26" 0 0 0 0 0 0 0 0 0 0 0 0 0 0 0.132192000921426 0 0 0 0.106903116648806 0 0 0 0 0 0 0 0 0 0 0 0 0 0 0 0 0 0 0 0 0 0 0.136246633740546 0 0 0 0 0 0 0 0 0 0 0 0 0 0 0 0 0 0 0 0 0 0 0 0 0 0.0731261116443882 0 0 0 0 0 0 0 0 0 0 0 0 0 0 0 0
"27" 0 0 0 0 0 0 0 0 0 0 0 0 0 0 0 0 0.0867278544109739 0 0 0 0 0 0 0 0 0 0 0 0 0 0 0.153970942917159 0 0 0 0 0 0 0 0 0 0 0 0 0 0 0 0 0 0 0.104785559205617 0.12246618890803 0 0 0 0 0 0 0 0 0 0 0 0 0 0 0 0 0 0 0 0.228617256018196 0 0 0 0.276721156898361 0 0 0 0 0 0 0 0
"28" 0 0 0 0 0 0.136662933524792 0 0 0 0 0.103901233457426 0 0.111197382707163 0.208628752460492 0 0.163353169887332 0 0 0 0 0 0 0 0 0 0 0 0 0 0 0 0 0 0 0 0 0.193042092727071 0.102882654818377 0 0 0 0 0 0 0 0 0 0 0 0 0 0.147920912250738 0 0 0 0 0 0 0 0 0 0 0 0 0 0 0 0 0 0 0 0 0.232839142164577 0 0 0 0 0 0 0 0 0 0 0
"29" 0 0 0 0 0 0 0 0 0 0 0 0 0 0 0 0.178320856188017 0 0 0 0 0 0 0 0.611092185090308 0 0 0 0 0 0 0.142712249676624 0.194571306966282 0 0 0 0 0 0 0 0 0 0 0 0 0 0 0 0 0 0 0 0 0 0 0 0 0 0 0 0 0 0 0.166448377606024 0 0 0 0.230964590667127 0.104412299124808 0 0 0 0.221157106854242 0 0 0 0 0 0 0 0 0 0 0 0
"30" 0.110347306777956 0 0.278510753589104 0 0 0 0 0 0 0 0 0.315563070165773 0 0 0 0 0 0 0 0 0.246400834670324 0 0 0 0.162965509051202 0 0 0 0 0 0 0 0 0 0 0 0 0 0 0 0 0 0 0 0 0 0.153899962183702 0 0 0 0 0 0 0 0 0 0 0 0 0 0 0 0 0 0 0 0 0.13243984485201 0 0 0 0.186636401096697 0 0 0 0 0 0.144271084270909 0 0 0 0 0 0
"31" 0 0 0 0 0 0 0 0 0 0 0 0 0 0 0 0.174900876663875 0 0 0 0 0 0 0 0 0 0 0 0 0.144374883034042 0 0 0 0 0 0.215916660456509 0 0 0 0 0 0 0.122218387061566 0 0 0 0 0 0 0.238810711323903 0 0 0 0 0.150130338463574 0 0 0.11357695526924 0 0 0.301095551425517 0 0 0 0 0 0 0 0 0 0 0 0 0 0 0 0 0 0 0 0 0 0.0828677701957389 0 0
"32" 0 0 0 0 0 0 0 0 0 0 0 0 0 0 0 0 0 0.0959904249023175 0.0898354661090599 0 0 0 0 0 0 0 0.0915859506301611 0 0.135515134955795 0 0 0 0 0 0 0 0 0 0 0 0 0 0 0 0 0 0 0 0 0 0 0 0 0 0 0 0.148393848835735 0 0 0 0 0 0 0 0 0 0 0 0 0 0 0 0 0 0 0 0 0 0 0 0 0 0 0
"33" 0 0 0 0.12309307903979 0 0 0.158231071393603 0 0 0 0 0 0 0 0 0 0 0 0 0 0 0 0 0 0 0 0 0 0 0 0 0 0 0 0 0 0 0 0 0 0.192207814062404 0 0 0.194405681700503 0 0 0 0 0 0 0 0 0 0 0 0 0 0 0 0 0 0 0.161124279405284 0 0 0 0 0.0984571304085449 0 0 0 0 0 0 0 0 0 0 0 0 0.116903280331496 0 0 0
"34" 0 0 0 0 0 0 0 0 0 0 0 0 0 0 0 0 0 0 0 0 0 0 0 0 0 0 0 0 0 0 0 0 0 0 0 0 0 0 0 0 0 0 0 0 0 0 0 0 0 0 0 0 0 0 0 0 0 0 0 0 0 0 0 0 0.327868432698324 0 0 0 0 0 0 0 0 0 0 0 0 0 0 0 0.115255633635079 0 0 0
"35" 0 0 0.307931420147608 0 0 0 0 0 0 0 0 0 0 0 0 0 0 0 0 0 0 0 0.287089397299375 0 0 0 0 0 0 0 0.131251923414057 0 0 0 0 0 0 0 0 0 0 0 0 0 0 0 0 0 0 0 0 0 0 0 0 0 0 0 0 0 0 0 0 0 0 0 0.234968260095844 0 0 0 0 0 0 0 0 0 0 0 0 0 0 0 0 0
"36" 0 0 0 0 0 0 0 0 0 0 0 0 0 0 0 0 0 0 0 0 0 0 0.195408032469053 0 0 0 0 0 0 0 0 0 0 0 0 0 0 0 0 0 0 0 0 0 0 0 0 0 0.268513478584815 0 0 0 0 0 0 0 0 0 0 0.285141171194339 0 0 0 0 0 0 0 0 0 0 0 0 0 0 0 0 0 0 0 0 0 0 0.252658608906685 0
"37" 0 0 0 0 0.235588563154987 0 0 0.171069276318379 0 0 0 0 0 0 0 0 0 0 0 0 0 0 0 0.494401623235175 0 0 0 0.123650427076492 0 0 0 0 0 0 0 0 0 0 0 0.0927769096797222 0 0 0 0 0 0 0 0 0 0 0 0 0 0.155887855403676 0 0 0 0 0 0 0 0 0 0 0 0 0 0.101888435272763 0 0 0 0 0 0 0 0 0 0 0 0 0 0 0 0
"38" 0 0 0 0.191888007687616 0 0 0 0 0 0 0 0 0.160595045433251 0 0 0 0.130874643461914 0 0 0 0 0 0 0 0 0 0 0.0569775800663222 0 0 0 0 0 0 0 0 0 0 0 0 0 0.124556341303602 0 0 0 0 0 0 0 0 0 0 0 0 0 0 0 0 0 0 0 0 0 0 0 0.250608127309793 0.205407274504637 0 0 0 0 0 0 0.10438947689438 0 0 0 0 0 0 0 0.0626805420363549 0 0
"39" 0 0 0 0 0.232385375975446 0 0 0 0 0 0 0 0 0 0 0 0.135860319460622 0 0 0 0 0 0.336703344465303 0 0 0 0 0 0 0 0 0 0 0 0 0 0 0 0 0 0 0 0 0 0 0 0 0 0 0 0 0 0 0 0 0 0 0 0.378549008458014 0 0.190029286190906 0 0 0.211771877094993 0 0 0 0 0 0 0 0 0 0 0 0 0 0 0 0 0 0 0 0
"40" 0 0 0 0 0 0 0 0 0 0 0 0 0 0 0 0 0 0 0 0 0 0 0 0 0.131699226044433 0 0 0 0 0 0 0 0 0 0 0 0.122377135544284 0 0 0 0 0 0 0 0 0 0 0 0 0 0.208915980225164 0 0 0 0 0 0 0 0 0 0 0 0 0 0 0 0 0 0 0 0 0 0 0.135599969349258 0 0 0 0.179904963307599 0 0 0 0 0 0
"41" 0.114027900753914 0 0 0 0 0 0.149267025459331 0 0 0 0 0 0 0 0 0 0 0 0.118969889093668 0 0 0 0 0 0 0 0 0 0 0 0 0 0.122024949111238 0 0 0 0 0 0 0 0 0 0 0 0 0 0 0 0 0 0 0 0 0 0 0 0 0 0 0 0 0 0 0 0 0 0 0 0 0 0 0 0 0 0 0 0 0.151717575583714 0 0 0 0 0 0
"42" 0 0 0 0 0 0 0 0 0 0 0 0 0 0 0 0.154581897956531 0 0.18097318442634 0 0 0 0 0 0 0 0.165172607026571 0 0 0 0 0.102888630900038 0 0 0 0 0 0 0.0665249659757998 0 0 0 0 0 0 0 0.423343114256668 0 0 0 0 0 0 0 0 0 0 0 0 0 0 0 0 0 0 0 0 0 0 0 0 0 0.18234199896047 0 0 0 0 0 0 0 0 0 0 0 0
"43" 0 0 0 0 0.18114033178782 0 0 0 0 0 0 0 0 0 0 0 0 0 0 0.259622945340205 0 0 0 0 0 0 0 0 0 0 0 0 0 0 0 0 0 0 0 0 0 0 0 0.222035259022444 0 0 0 0 0 0 0 0.1719885878787 0 0.159487050493234 0 0 0 0 0 0 0 0 0 0 0 0 0 0 0 0 0 0 0 0 0 0.260424381323737 0 0 0.272728914375313 0 0 0 0 0
"44" 0 0 0 0 0 0 0 0 0 0 0 0 0 0 0 0 0 0 0 0.165515712887589 0 0 0 0 0 0 0 0 0 0 0 0 0.123813760570837 0 0 0 0 0 0 0 0 0 0.124995281956036 0 0 0 0.209216647414179 0 0 0 0 0 0 0 0 0 0 0 0 0.224178385099599 0 0 0 0 0 0 0 0 0 0 0 0 0.246199935489071 0 0 0 0 0 0 0 0 0 0 0
"45" 0 0 0 0 0 0 0 0 0 0 0 0 0 0 0 0 0 0 0 0 0 0 0 0 0 0 0 0 0 0 0 0 0 0 0 0 0 0 0 0 0 0 0 0 0 0 0 0 0 0 0 0 0 0 0 0 0.157901748704098 0.208259862367409 0 0 0 0 0 0 0 0 0.193984834750532 0 0 0.209659535178397 0 0 0 0 0.575311332563189 0 0 0 0 0 0 0 0 0
"46" 0 0 0 0 0 0 0 0 0 0 0.0992249709783153 0 0 0 0 0 0 0 0 0 0 0 0 0 0 0 0 0 0 0 0 0 0 0 0 0 0 0 0 0 0 0.119230873468889 0 0 0 0 0 0 0 0 0 0 0 0 0 0 0 0 0 0 0 0 0.150187897544994 0 0 0 0 0 0 0 0 0 0 0 0 0 0 0 0 0 0 0 0 0
"47" 0 0 0 0 0 0 0 0 0 0 0 0 0 0 0 0 0 0 0 0 0 0 0 0 0 0 0 0 0 0.0970060083319151 0 0 0 0 0 0 0 0 0 0 0 0 0 0.190564597646333 0 0 0 0 0 0.111434267926849 0 0 0 0 0 0 0.114008082921966 0.150528524748956 0 0 0 0 0 0 0 0 0 0 0 0 0 0 0 0 0 0 0 0 0 0.083012589597803 0 0 0 0
"48" 0 0.340515055732124 0 0 0 0 0 0 0 0 0.103002681579579 0 0 0 0 0 0 0 0 0 0 0 0 0 0.126148870291046 0 0 0 0 0 0 0 0 0 0 0 0 0 0 0 0 0 0 0 0 0 0 0 0 0 0 0 0 0.15839215118259 0 0 0 0 0.676657267039962 0 0 0 0 0 0 0 0 0 0 0 0 0 0 0 0 0 0 0 0.264016074081791 0 0 0 0 0.130723884145654
"49" 0 0 0 0 0 0 0 0 0 0 0 0 0 0 0 0 0 0 0 0 0 0 0 0 0 0 0 0 0 0 0.103817832455636 0 0 0 0 0.315794133654007 0 0 0 0 0 0 0 0 0 0 0 0 0 0 0 0 0 0 0 0.107422644759136 0 0 0 0 0 0 0.127870993843093 0 0 0 0 0 0 0 0 0 0 0 0 0 0 0 0 0 0 0 0 0
"50" 0 0 0 0 0 0 0 0 0.170795764999196 0 0 0 0 0 0 0 0 0.219117300118817 0 0 0 0 0.228446666900968 0 0 0 0 0 0 0 0 0 0 0 0 0 0 0 0 0 0 0 0 0 0 0 0.160990132623505 0 0 0 0 0 0 0 0 0 0 0 0 0 0.144769135042705 0 0.0940947733378462 0 0 0 0 0 0 0 0 0 0 0 0 0 0 0 0 0 0 0 0.269548364957776 0
"51" 0 0 0 0 0 0.151704150945724 0 0 0 0 0 0 0 0 0 0 0 0 0 0 0 0 0 0 0 0 0.186743063045745 0 0 0 0 0 0 0 0 0 0 0 0 0.185344641114851 0 0 0 0 0 0 0 0 0 0 0 0 0 0 0 0 0 0 0 0 0 0 0 0.151981777128829 0.225735786345501 0 0 0 0 0 0 0 0 0 0 0 0 0 0 0 0 0 0 0.170470864121835
"52" 0.102758227880413 0 0 0 0 0 0 0 0.189143905397165 0 0 0 0 0 0 0 0 0 0 0 0 0 0 0 0 0 0.165417465256259 0.103228193029537 0 0 0 0 0 0 0 0 0 0 0 0 0 0 0.158094725616962 0 0 0 0 0 0 0 0 0 0.438776921666638 0 0 0 0 0 0 0 0.113461074208378 0 0 0 0 0 0 0 0 0 0 0 0 0 0 0 0 0 0 0 0 0 0 0
"53" 0 0 0 0 0 0 0 0 0 0 0 0 0 0 0 0 0 0 0 0 0 0 0 0 0 0 0 0 0 0 0 0 0 0 0 0 0 0 0 0 0 0 0 0 0 0 0 0 0 0 0 0.0999615621536537 0 0 0 0.17079119332043 0 0 0 0 0 0 0 0 0 0 0 0 0 0 0 0 0 0 0 0 0 0 0 0 0 0 0 0
"54" 0 0 0 0 0 0 0 0 0 0 0 0 0 0 0 0 0 0 0 0 0 0 0 0 0 0 0 0 0 0 0.092653259877809 0 0 0 0 0 0.146467691751496 0 0 0 0 0 0.200770738912217 0 0 0 0 0.12628366305747 0 0 0 0 0 0 0 0 0 0 0 0 0 0 0 0 0 0 0 0 0 0.186681096436015 0 0 0 0.124151245878022 0 0 0 0 0 0 0 0 0 0
"55" 0 0 0 0 0 0 0 0 0 0.346790753964664 0 0.282913263484247 0.142784676506256 0 0 0 0 0 0.0653565608499233 0 0.144236768231505 0.586650615308307 0 0 0 0 0 0 0 0 0 0 0 0 0 0 0 0 0 0 0 0 0 0 0 0 0 0 0 0 0 0 0 0 0 0 0 0 0 0 0 0 0 0 0 0 0 0 0 0.280111792219322 0 0 0 0 0 0 0 0 0 0 0 0 0 0
"56" 0 0 0 0 0 0 0 0 0 0.228066665076456 0 0 0 0 0.15051179377607 0 0 0 0 0.146930820210211 0.223280571364514 0 0 0 0 0 0 0 0 0 0 0 0 0 0 0 0 0 0 0 0 0 0 0 0 0 0 0 0.288571860711323 0 0 0 0.592054143873611 0 0 0 0 0 0 0 0 0 0 0.144211018664588 0 0 0 0 0 0 0 0 0 0 0 0 0 0 0 0 0 0 0 0
"57" 0 0 0 0 0 0 0 0 0 0 0.121922967981055 0 0 0 0 0 0.153863445386769 0 0 0 0 0 0 0 0 0 0 0 0 0 0.13872290381199 0.155109802305504 0 0 0 0 0 0 0 0 0 0 0 0 0.197487385736994 0 0.185179813065452 0 0 0 0 0 0 0 0 0 0 0 0 0 0 0 0 0 0 0 0 0 0 0 0 0 0.178459395694418 0 0 0 0 0 0 0 0 0 0 0
"58" 0 0 0 0 0 0 0 0 0.181611505937026 0 0 0 0 0 0 0 0 0 0 0 0 0 0 0 0 0 0 0 0 0 0 0 0 0 0 0 0 0 0 0 0 0 0 0 0.27870455672486 0 0.148375001899264 0 0 0 0 0 0 0 0 0 0 0 0 0 0 0 0 0 0 0 0 0 0 0 0 0 0 0 0 0 0 0 0 0.171211094753718 0.0864088222709877 0 0 0
"59" 0 0 0 0 0 0 0 0 0 0 0 0 0 0 0 0 0 0 0 0 0 0 0 0 0 0 0 0 0 0 0 0 0 0 0 0 0 0 0.208799781112187 0 0 0 0 0 0 0 0 0.172154734752154 0 0 0 0 0 0 0 0 0 0 0 0 0 0 0 0 0 0 0 0 0 0 0 0 0 0 0 0 0 0 0 0 0 0 0 0
"60" 0 0 0 0 0 0 0 0 0 0 0 0 0 0 0 0 0.109445740243238 0 0 0 0 0 0 0 0 0 0 0 0 0 0.104899832816084 0 0 0 0 0.281762375984528 0 0 0 0 0 0 0 0.154287133365211 0 0 0 0 0 0 0 0 0 0 0 0 0 0 0 0 0 0 0 0 0 0 0 0 0 0 0 0 0 0 0 0 0 0 0 0 0 0 0 0
"61" 0 0 0 0 0 0 0.114674430640946 0 0 0 0 0 0 0 0 0 0 0 0.0904811006873842 0 0 0 0 0 0 0 0 0 0 0 0 0 0 0 0 0 0 0 0.181586714354567 0 0 0 0 0 0 0 0 0 0 0.132868011704313 0 0.126442343698933 0 0 0 0 0 0 0 0 0 0 0 0 0 0 0 0 0 0 0 0 0 0 0.622191784780272 0 0 0 0 0 0 0 0 0
"62" 0 0.323192490009902 0 0 0 0 0 0.153489447553157 0 0 0 0 0 0 0 0 0 0 0 0 0 0 0 0 0 0 0 0 0 0 0 0 0 0 0 0 0 0 0 0 0 0 0 0 0 0 0 0 0 0 0 0 0 0 0 0 0 0 0 0 0 0 0.173611546016594 0 0 0.21642563102821 0 0.119478648123517 0 0 0 0 0 0 0 0 0 0 0 0 0 0 0 0
"63" 0 0 0 0 0 0 0 0 0 0 0 0 0 0 0 0 0 0 0 0 0 0 0 0 0 0 0 0 0.116867195782724 0 0 0 0.185429343892128 0 0 0 0 0 0 0 0 0 0 0 0 0.282561458690064 0 0 0.264831616269013 0.181986050422432 0 0 0 0 0 0 0 0 0 0 0 0.202289504343561 0 0 0 0 0 0 0 0 0 0 0 0 0 0 0 0 0 0 0 0 0.27422633414386 0
"64" 0 0 0 0 0 0 0 0 0 0 0 0 0 0 0 0 0 0.180408880076459 0.0883804785648411 0 0 0 0 0 0 0 0 0 0 0 0 0 0 0 0 0 0 0 0.186092127653728 0 0 0 0 0 0 0 0 0 0 0 0.182297479183328 0 0 0 0 0.159888571778615 0 0 0 0 0 0 0 0 0 0 0 0 0 0 0 0 0 0 0 0 0 0 0 0 0 0.0889189572409957 0 0
"65" 0.14343694097561 0 0 0 0 0 0 0 0 0 0 0 0 0 0 0 0 0 0 0.132669509054647 0 0 0 0 0 0 0 0 0 0 0 0 0 0.602474823634509 0 0 0 0 0 0 0 0 0 0 0 0 0 0 0 0 0.147936943942368 0 0 0 0 0 0 0 0 0 0 0 0 0 0 0 0 0 0 0 0 0 0 0 0 0 0 0 0 0 0 0 0 0
"66" 0 0 0 0 0 0 0 0 0 0 0.0505204344118866 0 0 0 0 0 0 0 0 0 0 0 0 0 0.128415032369822 0 0 0 0 0 0 0 0 0 0 0 0 0.144941966481482 0 0 0 0 0 0 0 0 0 0 0 0 0 0 0 0 0 0 0 0 0 0 0 0.216643168727337 0 0 0 0 0 0.132425022317807 0 0 0 0 0 0 0 0 0 0 0 0 0 0 0 0
"67" 0 0 0 0 0 0 0 0 0 0 0 0 0 0 0 0 0 0 0 0 0 0 0 0 0 0 0 0 0.121028542696265 0 0 0 0 0 0.226765280500746 0 0 0.0961822855743473 0 0 0 0 0 0 0.145105767013701 0 0 0 0 0 0 0 0 0 0 0 0 0 0 0 0 0 0 0 0 0 0 0 0 0 0 0 0 0 0 0 0 0 0 0 0.102610546489758 0 0 0
"68" 0 0 0 0 0 0 0 0 0 0 0 0 0 0.234824301137004 0 0 0 0 0.0789852577329296 0 0 0 0 0 0 0.195956033274602 0 0 0.14901336519119 0.113638010328821 0 0 0.198920879735437 0 0 0 0.150219124349183 0 0 0 0 0 0 0 0 0 0 0 0 0 0 0 0 0 0 0 0 0 0 0 0 0.236519441256983 0 0 0 0.1272145017414 0 0 0 0 0 0 0 0.114315163695333 0 0 0 0 0 0 0 0 0 0
"69" 0 0 0 0 0 0 0 0 0 0 0 0 0 0 0 0 0 0 0 0 0 0 0 0 0 0 0 0 0 0 0 0 0 0 0 0 0 0 0 0 0 0 0 0 0 0 0 0 0 0 0 0 0 0 0 0 0 0 0 0 0 0 0 0 0 0 0 0 0 0 0 0 0 0 0 0 0.427519400418149 0 0 0 0 0 0 0
"70" 0 0 0 0 0 0 0 0 0 0 0 0 0 0 0 0 0 0 0 0 0 0 0 0 0 0 0 0 0 0 0 0 0 0 0 0 0 0 0 0 0 0 0 0 0.151983174998667 0 0 0 0 0 0 0 0 0.119082824543337 0.15455270341883 0 0 0 0 0 0 0 0 0 0 0 0 0 0 0 0 0 0 0 0 0 0 0 0 0 0 0 0.205200448538931 0
"71" 0 0 0 0 0 0 0.0578099997115823 0 0 0 0 0 0 0 0 0 0 0 0 0 0 0 0 0 0 0 0 0 0 0 0 0 0 0 0 0 0 0 0 0 0 0 0 0 0 0 0 0 0 0 0 0 0 0 0 0 0 0 0 0 0 0 0 0 0 0 0 0 0 0 0 0 0 0 0 0 0 0 0 0 0 0 0 0.146765867718681
"72" 0 0 0 0 0 0 0 0 0 0 0 0 0 0 0 0 0 0 0.0628893442357741 0 0 0 0 0 0 0 0.157501373056976 0 0.103314360563637 0.084510013516859 0 0 0 0 0 0 0 0 0 0 0 0.188019384047247 0 0 0 0 0 0 0 0 0 0 0 0 0 0 0 0 0 0 0 0 0 0 0 0 0 0 0 0 0 0 0 0.119539061959623 0 0 0 0 0 0 0 0 0 0
"73" 0 0 0.179127344578552 0 0 0 0 0 0 0 0 0 0 0 0 0 0 0 0 0 0 0 0 0 0 0 0 0.118791652480112 0 0 0 0 0 0 0 0 0 0 0 0 0 0 0 0.141935086956831 0 0 0 0 0 0 0 0 0 0 0 0 0.151316181328242 0 0 0 0 0 0 0 0 0 0 0 0 0 0 0 0 0 0 0 0 0 0 0 0 0 0 0
"74" 0 0 0 0 0 0 0 0 0 0 0 0 0 0 0.14382880775479 0 0.134356779648922 0 0 0 0 0 0 0 0 0 0 0 0 0 0 0 0 0 0 0 0 0.120041372562984 0 0.186227373118205 0 0 0 0 0 0 0 0 0 0 0 0 0 0.203067691025507 0 0 0 0 0 0 0 0 0 0 0 0 0 0.098215266719791 0 0 0 0.166374943745757 0 0 0 0 0 0 0 0 0 0.0752319811134404 0 0
"75" 0 0 0 0 0 0 0 0 0 0 0 0 0 0 0 0 0 0 0 0 0 0 0 0 0 0 0 0 0 0 0 0 0 0 0 0 0 0 0 0 0 0 0 0 0.194427803152506 0 0 0 0 0 0 0 0 0 0 0 0 0 0 0 0.17947548912996 0 0 0 0 0 0 0 0 0 0 0 0 0 0 0 0 0 0 0 0 0 0 0
"76" 0 0 0 0.132326429743799 0 0 0 0 0 0 0 0 0 0 0 0 0 0 0 0 0 0 0 0 0 0 0.176135736151163 0 0 0 0 0 0 0 0 0 0 0 0 0 0 0 0.117043711243517 0 0 0 0 0 0 0 0 0 0 0 0 0 0 0 0 0 0 0 0 0 0 0 0 0 0 0 0 0 0 0 0 0 0 0 0 0 0.116080449043246 0 0 0
"77" 0 0 0 0.136326287387405 0 0 0 0 0 0 0 0 0 0 0 0 0 0 0 0 0 0 0 0 0.103839019415799 0 0 0 0 0 0 0 0 0 0 0 0 0 0 0 0 0 0 0 0 0 0 0 0 0 0 0 0 0 0 0 0 0 0 0 0 0 0 0 0 0 0 0 1.11853254899609 0 0 0 0 0 0 0 0 0 0 0 0 0 0 0
"78" 0 0 0 0 0 0.130167703614222 0 0 0 0 0.0651199208205241 0 0.163720722981483 0 0 0 0.109748440984707 0 0 0 0 0 0 0 0 0 0 0 0 0.118420824083892 0 0 0 0 0 0 0 0 0 0.235446683772525 0.20345526587179 0 0 0 0 0 0 0 0 0 0 0 0 0 0 0 0 0 0 0 0 0 0 0 0 0 0 0 0 0 0 0 0 0 0 0 0 0 0 0 0 0 0 0
"79" 0 0 0 0 0 0 0 0 0 0 0 0 0 0 0 0 0 0 0 0 0 0 0 0 0 0 0 0 0 0 0 0 0 0 0 0 0 0 0 0 0 0 0.122384983683837 0 0 0 0 0.173834946385513 0 0 0 0 0 0 0 0 0 0 0 0 0 0 0 0 0 0 0 0 0 0 0 0 0 0 0 0 0 0 0 0 0.0827929354666878 0.114276928025464 0 0
"80" 0 0 0 0 0 0 0.120120638216689 0 0 0 0 0 0 0.229070757809641 0 0 0 0 0 0.247320502350231 0 0 0 0 0 0 0 0 0 0 0 0 0 0 0 0 0 0 0 0 0 0 0 0 0 0 0.162746387112368 0 0 0 0 0 0 0 0 0 0 0.195798119989291 0 0 0 0 0 0 0 0 0 0 0 0 0 0 0 0 0 0 0 0 0 0 0 0.156949103589525 0 0.168959083289304
"81" 0 0 0.256570769856225 0 0 0.1237902968763 0 0 0 0 0 0 0 0 0.130799156278673 0 0 0 0 0 0.160890984704165 0 0 0 0 0 0 0 0 0 0 0 0.111193376452511 0.448243616183783 0 0 0 0 0 0 0 0 0 0 0 0 0 0 0 0 0 0 0 0 0 0 0 0.178926366408931 0 0 0 0 0 0 0 0 0.250504408904171 0 0 0 0 0 0 0 0 0.248052055719492 0 0 0.232136051657836 0 0 0 0 0
"82" 0 0 0 0 0 0 0 0 0 0 0.0945868667660909 0.236913033742838 0 0 0 0 0 0 0 0 0 0 0 0 0.154784611696627 0 0 0 0 0 0.11160311883152 0 0 0 0 0 0 0.123008172371277 0 0 0 0 0 0 0 0 0 0 0 0 0 0 0 0 0 0 0 0 0 0 0 0 0 0.104662630985447 0 0 0 0 0 0 0 0 0 0.0972683500834036 0 0 0 0 0.34926807832034 0.138743692234398 0 0 0 0
"83" 0 0 0 0 0 0 0 0 0 0 0 0 0 0 0 0 0 0 0 0 0 0 0 0 0 0 0 0 0 0 0 0 0 0 0 0.215660330099716 0 0 0 0 0 0 0 0 0 0 0 0 0 0.14312903684384 0 0 0 0 0 0 0 0 0 0 0 0 0.152207308129389 0 0 0 0 0 0 0.198339241393359 0 0 0 0 0 0 0 0 0 0 0 0 0 0
"84" 0.162501849453853 0 0 0 0 0 0 0.175471885448271 0 0 0 0 0 0 0 0 0 0 0 0 0 0 0 0 0 0 0 0 0 0 0 0 0 0 0 0 0 0 0 0 0 0 0 0 0 0 0 0.167940298552185 0 0 0.150384473322766 0 0 0 0 0 0 0 0 0 0 0 0 0 0 0 0 0 0 0 0.538596857167158 0 0 0 0 0 0 0 0 0.0938014055303307 0 0 0 0
