"V1" "V2" "V3" "V4" "V5" "V6" "V7" "V8" "V9" "V10" "V11" "V12" "V13" "V14" "V15" "V16" "V17" "V18" "V19" "V20" "V21" "V22" "V23" "V24" "V25" "V26" "V27" "V28" "V29" "V30" "V31" "V32" "V33" "V34" "V35" "V36" "V37" "V38" "V39" "V40" "V41" "V42"
"1" 0 0 0.409636870762605 0 0 0 0 0 0 0 0 0 0 0 0 0 0 0 0 0 0 0 0 0 0 0 0 0 0 0 0 0 0 0 0 0 0 0 0 0 0 0
"2" 0 0 0 0 0 0.416754668276595 0 0 0 0 0 0 0 0 0 0 0 0 0 0 0 0 0 0 0 0 0 0 0 0 0 0 0 0 0 0 0 0 0 0 0 0
"3" 1.32934899430622 0 0 0.184066992135206 0 0 0 0 0 0 0 0 0 0 0 0.235425152109059 0 0 0 0 0 0 0 0 0 0 0 0 0 0 0 0 0 0 0 0 0 0 0 0 0 0
"4" 0 0 0.338934968613566 0 0 0.334239733328384 0 0 0 0.481277797733657 0 0 0 0 0 0 0 0 0 0 0 0 0 0 0 0 0 0 0 0 0 0 0 0 0 0 0 0 0 0 0 0
"5" 0 0 0 0 0 0 0 0 0 0 0 0.349515799331497 0 0 0 0 0 0 0 0 0 0 0 0 0 0 0 0 0 0 0 0 0 0 0 0 0 0 0 0 0 0
"6" 0 0.792385113925675 0 0.422044306087491 0 0 0 0.203092435321324 0 0 0 0 0 0 0 0 0 0 0 0 0 0 0 0 0 0 0 0 0 0 0 0 0 0 0 0 0 0 0 0 0 0
"7" 0 0 0 0 0 0 0 0 0.372300054135409 0 0 0 0 0 0 0 0 0 0 0 0 0 0 0 0 0 0 0 0 0 0 0 0 0 0 0 0 0 0 0 0 0
"8" 0 0 0 0 0 0.402563950080802 0 0 0.372931316989422 0 0 0 0 0 0 0 0 0.304360553370079 0 0 0 0 0 0 0 0 0 0 0 0 0 0 0 0 0 0 0 0 0 0 0 0
"9" 0 0 0 0 0 0 0.840208953185693 0.346556129134781 0 0 0 0.251317114793767 0 0 0 0 0 0 0 0 0 0 0 0 0 0 0 0 0 0 0 0 0 0 0 0 0 0 0 0 0 0
"10" 0 0 0 0.345520739301216 0 0 0 0 0 0 0.749370774493624 0 1.2068160550693 0 0 0 0 0 0 0 0 0 0 0 0 0 0 0 0 0 0 0 0 0 0 0 0 0 0 0 0 0
"11" 0 0 0 0 0 0 0 0 0 0.286177112221888 0 0 0 0 0 0 0 0 0 0 0 0 0 0 0 0 0 0 0 0 0 0 0 0 0 0 0 0 0 0 0 0
"12" 0 0 0 0 0.664922322932329 0 0 0 0.293468663905847 0 0 0 0 0 0.294754828763279 0 0 0 0 0 0 0 0 0 0 0 0 0 0 0 0 0 0 0 0 0 0 0 0 0 0 0
"13" 0 0 0 0 0 0 0 0 0 0.242295712327184 0 0 0 0 0 0 0 0 0 0 0 0 0 0 0 0 0 0 0 0 0 0 0 0 0 0 0 0 0 0 0 0
"14" 0 0 0 0 0 0 0 0 0 0 0 0 0 0 0.301278976757354 0 0 0 0 0 0 0 0 0 0 0 0 0 0 0 0 0 0 0 0 0 0 0 0 0 0 0
"15" 0 0 0 0 0 0 0 0 0 0 0 0.356573007484416 0 1.25145404257216 0 0 0 0 0.904937140248085 0 0 0 0 0 0 0 0 0 0 0 0 0 0 0 0 0 0 0 0 0 0 0
"16" 0 0 0.406134802300587 0 0 0 0 0 0 0 0 0 0 0 0 0 0 0 0 0.272997910225342 1.31996780822151 0 0 0 0 0 0 0 0 0 0 0 0 0 0 0 0 0 0 0 0 0
"17" 0 0 0 0 0 0 0 0 0 0 0 0 0 0 0 0 0 0 0 0.373703262491818 0 0 0 0 0 0 0 0 0 0 0 0 0 0 0 0 0 0 0 0 0 0
"18" 0 0 0 0 0 0 0 0.260750596547326 0 0 0 0 0 0 0 0 0 0 0 0 0 0 0 0.277250138840229 1.28245413582785 0 0 0 0 0 0 0 0 0 0 0 0 0 0 0 0 0
"19" 0 0 0 0 0 0 0 0 0 0 0 0 0 0 0.256426927457389 0 0 0 0 0 0 0 0 0 0 0 0 0 0 0 0 0 0 0 0 0 0 0 0 0 0 0
"20" 0 0 0 0 0 0 0 0 0 0 0 0 0 0 0 0.301978750150548 1.26108135391167 0 0 0 0 0.361398048645338 0 0 0 0 0 0 0 0 0 0 0 0 0 0 0 0 0 0 0 0
"21" 0 0 0 0 0 0 0 0 0 0 0 0 0 0 0 0.288535928535635 0 0 0 0 0 0 0 0 0 0 0 0 0 0 0 0 0 0 0 0 0 0 0 0 0 0
"22" 0 0 0 0 0 0 0 0 0 0 0 0 0 0 0 0 0 0 0 0.239287850303568 0 0 1.6151622354366 0 0 0 0 0.301257262070497 0 0 0 0 0 0 0 0 0 0 0 0 0 0
"23" 0 0 0 0 0 0 0 0 0 0 0 0 0 0 0 0 0 0 0 0 0 0.217684354131291 0 0 0 0 0 0 0 0 0 0 0 0 0 0 0 0 0 0 0 0
"24" 0 0 0 0 0 0 0 0 0 0 0 0 0 0 0 0 0 0.247222868319298 0 0 0 0 0 0 0 0.352032517870019 0.879225915903381 0 0 0 0 0 0 0 0 0 0 0 0 0 0 0
"25" 0 0 0 0 0 0 0 0 0 0 0 0 0 0 0 0 0 0.383077651653469 0 0 0 0 0 0 0 0 0 0 0 0 0 0 0 0 0 0 0 0 0 0 0 0
"26" 0 0 0 0 0 0 0 0 0 0 0 0 0 0 0 0 0 0 0 0 0 0 0 0.314743691353365 0 0 0 0 1.37800665845875 0.379684780570685 0 0 0 0 0 0 0 0 0 0 0 0
"27" 0 0 0 0 0 0 0 0 0 0 0 0 0 0 0 0 0 0 0 0 0 0 0 0.26947375930164 0 0 0 0 0 0 0 0 0 0 0 0 0 0 0 0 0 0
"28" 0 0 0 0 0 0 0 0 0 0 0 0 0 0 0 0 0 0 0 0 0 0.357757963795077 0 0 0 0 0 0 0 0 0 0.340482147466674 0 0 0 0 0 0 0.971910204623548 0 0 0
"29" 0 0 0 0 0 0 0 0 0 0 0 0 0 0 0 0 0 0 0 0 0 0 0 0 0 0.377150865011865 0 0 0 0 0 0 0 0 0 0 0 0 0 0 0 0
"30" 0 0 0 0 0 0 0 0 0 0 0 0 0 0 0 0 0 0 0 0 0 0 0 0 0 0.28706550832678 0 0 0 0 0 0 0 0.256342314717512 0 0 0 0 0 0 1.01647834738065 0
"31" 0 0 0 0 0 0 0 0 0 0 0 0 0 0 0 0 0 0 0 0 0 0 0 0 0 0 0 0 0 0 0 0 0 0.358696058213356 0 0 0 0 0 0 0 0
"32" 0 0 0 0 0 0 0 0 0 0 0 0 0 0 0 0 0 0 0 0 0 0 0 0 0 0 0 0.344181165306673 0 0 0 0 0 0 0 1.01023663292668 0.271889011540645 0 0 0 0 0
"33" 0 0 0 0 0 0 0 0 0 0 0 0 0 0 0 0 0 0 0 0 0 0 0 0 0 0 0 0 0 0 0 0 0 0 0 0 0.348562238790691 0 0 0 0 0
"34" 0 0 0 0 0 0 0 0 0 0 0 0 0 0 0 0 0 0 0 0 0 0 0 0 0 0 0 0 0 0.445865342639246 0.906112548980763 0 0 0 0 0 0 0.284296888527335 0 0 0 0
"35" 0 0 0 0 0 0 0 0 0 0 0 0 0 0 0 0 0 0 0 0 0 0 0 0 0 0 0 0 0 0 0 0 0 0 0 0 0 0.256908089753612 0 0 0 0
"36" 0 0 0 0 0 0 0 0 0 0 0 0 0 0 0 0 0 0 0 0 0 0 0 0 0 0 0 0 0 0 0 0.347521585313398 0 0 0 0 0 0 0 0 0 0
"37" 0 0 0 0 0 0 0 0 0 0 0 0 0 0 0 0 0 0 0 0 0 0 0 0 0 0 0 0 0 0 0 0.347068768052311 1.18737890570212 0 0 0 0 0 0 0.938883114215984 0 0
"38" 0 0 0 0 0 0 0 0 0 0 0 0 0 0 0 0 0 0 0 0 0 0 0 0 0 0 0 0 0 0 0 0 0 0.348202696047176 0.946798891786624 0 0 0 0 0 0 1.26069793700429
"39" 0 0 0 0 0 0 0 0 0 0 0 0 0 0 0 0 0 0 0 0 0 0 0 0 0 0 0 0.365086107691317 0 0 0 0 0 0 0 0 0 0 0 0 0 0
"40" 0 0 0 0 0 0 0 0 0 0 0 0 0 0 0 0 0 0 0 0 0 0 0 0 0 0 0 0 0 0 0 0 0 0 0 0 0.26541706334048 0 0 0 0 0
"41" 0 0 0 0 0 0 0 0 0 0 0 0 0 0 0 0 0 0 0 0 0 0 0 0 0 0 0 0 0 0.429477566200128 0 0 0 0 0 0 0 0 0 0 0 0
"42" 0 0 0 0 0 0 0 0 0 0 0 0 0 0 0 0 0 0 0 0 0 0 0 0 0 0 0 0 0 0 0 0 0 0 0 0 0 0.423627770808977 0 0 0 0
