"V1" "V2" "V3" "V4" "V5" "V6" "V7" "V8" "V9" "V10" "V11" "V12" "V13" "V14" "V15" "V16" "V17" "V18" "V19" "V20" "V21" "V22" "V23" "V24" "V25" "V26" "V27" "V28" "V29" "V30" "V31" "V32" "V33" "V34" "V35" "V36" "V37" "V38" "V39" "V40" "V41" "V42"
"1" 0 0 0 0.219504232642311 0 0 0 0 0 0 0 0.104874542387594 0 0 0 0 0.225701794527408 0 0 0 0 0 0.136031532344183 0 0.148118457012925 0 0 0 0 0 0 0 0 0.272372009021798 0 0 0 0 0 0.192844431003447 0 0
"2" 0 0 0 0 0.188473343550888 0 0 0 0 0 0 0.0851145595732214 0 0 0 0 0 0 0 0 0 0 0 0.137947680485605 0 0 0.397500559905842 0 0 0.193784896954569 0 0.215532179313203 0 0 0 0 0 0.284371836524351 0 0 0.105648692156121 0
"3" 0 0 0 0 0 0 0 0 0 0 0 0 0 0 0 0 0 0 0 0 0 0 0 0 0.147860711629225 0 0 0 0 0 0 0 0 0 0 0 0 0 0 0 0 0
"4" 0.0881786680679157 0 0 0 0.147377446014219 0 0 0.316810977055432 0 0 0 0 0 0 0 0 0 0 0 0 0.166680988606331 0 0 0 0 0 0 0 0 0 0 0 0.186540125961458 0 0 0 0 0 0 0 0 0
"5" 0 0.13631228030002 0 0.18144270889217 0 0.193911020474194 0 0 0 0 0 0 0 0 0 0 0 0 0 0 0 0 0 0 0 0 0 0 0 0 0 0 0.13481988988706 0 0 0 0 0 0 0 0 0
"6" 0 0 0 0 0.235545642844562 0 0 0 0 0 0 0 0 0 0.299682136664979 0 0 0 0.199020956498133 0.202274027289898 0 0 0 0 0 0 0 0 0 0 0 0 0 0.225214361491879 0 0 0 0 0 0 0 0
"7" 0 0 0 0 0 0 0 0 0 0 0 0 0 0 0 0.168349252142346 0.185085728427889 0 0 0 0 0 0 0 0 0 0 0 0 0 0.377079925375739 0 0 0 0 0 0 0 0 0 0 0
"8" 0 0 0 0.194630443063172 0 0 0 0 0 0 0 0.164949375641035 0 0 0.221036311827358 0 0 0 0 0 0 0 0 0 0 0 0 0 0 0 0 0 0 0 0.606360410131238 0 0 0 0 0 0 0
"9" 0 0 0 0 0 0 0 0 0 0 0 0.1011936063497 0 0 0 0.0745698465859336 0 0 0 0 0 0.257644012079928 0 0 0.138952222294463 0 0.328052438547874 0 0 0 0 0 0 0 0 0 0 0 0 0.157937880749049 0 0.538037761873951
"10" 0 0 0 0 0 0 0 0 0 0 0 0 0 0 0 0 0 0 0 0 0 0 0 0 0 0 0 0 0 0 0.258154662706851 0 0 0 0 0 0 0 0.23854547229075 0 0 0
"11" 0 0 0 0 0 0 0 0 0 0 0 0 0 0 0 0 0 0 0 0 0 0 0.131031301335636 0.106539658982561 0.138883481960733 0 0 0 0 0.174472369718956 0 0 0 0 0 0 0 0 0 0.173099754596558 0 0
"12" 0.160808386120793 0.106529830357444 0 0 0 0 0 0.212712012476905 0.13302949049855 0 0 0 0 0 0 0 0 0 0.159467598052543 0 0 0 0.10848632955303 0 0.120360653055195 0 0 0 0.356931165774551 0 0 0 0 0 0.403731144842942 0 0 0 0 0 0 0
"13" 0 0 0 0 0 0 0 0 0 0 0 0 0 0 0 0 0 0 0.167720067386576 0 0 0 0 0 0 0 0 0 0 0 0.278648373063893 0 0 0 0 0 0.168092078400478 0 0.136641363237714 0 0 0
"14" 0 0 0 0 0 0 0 0 0 0 0 0 0 0 0 0 0 0 0 0 0 0 0 0.102916534682863 0 0 0 0 0 0 0 0 0 0 0 0 0 0 0 0 0.108210451073217 0
"15" 0 0 0 0 0 0.216190379105148 0 0.325096770716011 0 0 0 0 0 0 0 0 0 0 0 0 0.134007897329213 0 0.185388804195382 0 0 0 0 0 0 0 0 0 0 0 0 0 0 0 0 0 0 0
"16" 0 0 0 0 0 0 0.226013647874118 0 0.142951326173138 0 0 0 0 0 0 0 0 0.203777654120266 0.115380307434434 0 0 0 0 0.122073341342945 0 0 0 0 0 0 0 0 0 0.343468209246343 0 0 0 0 0 0 0 0
"17" 0.129078234428169 0 0 0 0 0 0.339860840682574 0 0 0 0 0 0 0 0 0 0 0 0 0 0 0 0 0 0.147783957142326 0 0 0 0 0 0 0 0.222708796820049 0 0 0 0 0 0 0.191499731036062 0 0
"18" 0 0 0 0 0 0 0 0 0 0 0 0 0 0 0 0.139352656336223 0 0 0 0 0 0 0 0 0 0.685152804590568 0 0 0 0.121395110094446 0 0 0 0 0 0 0.174269933575168 0 0.163402873836448 0 0.114709639748276 0
"19" 0 0 0 0 0 0.222593730021837 0 0 0 0 0 0.169788870524992 0.354183266381278 0 0 0.168707262730951 0 0 0 0 0 0 0 0.116212570989974 0.155869544535285 0 0 0 0 0 0 0 0 0 0 0 0 0 0 0 0 0
"20" 0 0 0 0 0 0.275904089241115 0 0 0 0 0 0 0 0 0 0 0 0 0 0 0 0.263760521965486 0.144419936876999 0 0 0 0 0.435317063784696 0 0 0 0.196717972138547 0.134976339749622 0 0 0 0 0 0 0 0 0
"21" 0 0 0 0.223096486677609 0 0 0 0 0 0 0 0 0 0 0.222405505336563 0 0 0 0 0 0 0 0 0 0 0 0 0 0.381771358115022 0.179689508921676 0 0 0 0 0 0.344814473982896 0 0 0.185840326665536 0 0 0
"22" 0 0 0 0 0 0 0 0 0.188173566001545 0 0 0 0 0 0 0 0 0 0 0.162622168505452 0 0 0 0.11938317958364 0 0 0 0 0 0.125104524391337 0 0 0 0 0 0 0 0.330288155422264 0 0 0 0
"23" 0.160121334716976 0 0 0 0 0 0 0 0 0 0.197144073856899 0.104452361409361 0 0 0.221536449205186 0 0 0 0 0.14421415911719 0 0 0 0.135184885763596 0 0 0 0 0 0 0 0 0 0 0 0 0 0 0 0 0.136064822009406 0
"24" 0 0.149217115223824 0 0 0 0 0 0 0 0 0.190869421297419 0 0 0.62517972223176 0 0.191745987512612 0 0 0.135636919321717 0 0 0.174421806912642 0.123306107485433 0 0 0.526542788723466 0 0 0 0 0 0 0 0 0 0 0 0 0 0 0.116231924354683 0
"25" 0.105958869402966 0 1.01152684484599 0 0 0 0 0 0.124198019716823 0 0.133114830759851 0.124906112800662 0 0 0 0 0.163083224078166 0 0.218551793911736 0 0 0 0 0 0 0 0 0 0 0 0 0 0 0 0 0 0 0 0 0 0.155996664703834 0
"26" 0 0 0 0 0 0 0 0 0 0 0 0 0 0 0 0 0 0.140953831455553 0 0 0 0 0 0.107279728038552 0 0 0 0 0 0 0 0 0 0 0 0 0 0 0 0 0 0
"27" 0 0.134164418608081 0 0 0 0 0 0 0.143448800558955 0 0 0 0 0 0 0 0 0 0 0 0 0 0 0 0 0 0 0 0 0 0 0 0 0 0 0 0.117735694441984 0 0 0 0 0
"28" 0 0 0 0 0 0 0 0 0 0 0 0 0 0 0 0 0 0 0 0.177602631669408 0 0 0 0 0 0 0 0 0 0 0.196215254090482 0 0 0 0 0 0.172262742893083 0 0 0 0 0
"29" 0 0 0 0 0 0 0 0 0 0 0 0.105353640923417 0 0 0 0 0 0 0 0 0.198274612330851 0 0 0 0 0 0 0 0 0 0 0 0 0 0 0 0.148278702219042 0 0 0 0 0
"30" 0 0.0931105108522171 0 0 0 0 0 0 0 0 0.254094792336442 0 0 0 0 0 0 0.165489561992918 0 0 0.146765983947688 0.138616378233897 0 0 0 0 0 0 0 0 0 0.21271953228641 0 0 0 0 0 0 0 0 0 0
"31" 0 0 0 0 0 0 0.318414658423961 0 0 0.426522147888996 0 0 0.248187978917528 0 0 0 0 0 0 0 0 0 0 0 0 0 0 0.380927344413499 0 0 0 0 0 0 0 0 0 0 0 0 0 0
"32" 0 0.124380513422308 0 0 0 0 0 0 0 0 0 0 0 0 0 0 0 0 0 0.215555902046419 0 0 0 0 0 0 0 0 0 0.157477916800247 0 0 0 0 0 0.246136147243187 0 0 0 0 0.18282052358633 0
"33" 0 0 0 0.209824958006203 0.309122809539268 0 0 0 0 0 0 0 0 0 0 0 0.0963708764437573 0 0 0.193287507590039 0 0 0 0 0 0 0 0 0 0 0 0 0 0 0 0 0 0 0.188230993571625 0 0 0.540586802174512
"34" 0.131111586393367 0 0 0 0 0.157848459432361 0 0 0 0 0 0 0 0 0 0.186530517998167 0 0 0 0 0 0 0 0 0 0 0 0 0 0 0 0 0 0 0 0 0 0 0 0.21943227115441 0 0
"35" 0 0 0 0 0 0 0 0.206883364184944 0 0 0 0.130957993366498 0 0 0 0 0 0 0 0 0 0 0 0 0 0 0 0 0 0 0 0 0 0 0 0 0 0 0 0 0 0
"36" 0 0 0 0 0 0 0 0 0 0 0 0 0 0 0 0 0 0 0 0 0.232172903001506 0 0 0 0 0 0 0 0 0 0 0.156966148204744 0 0 0 0 0 0.268963565190815 0 0 0 0
"37" 0 0 0 0 0 0 0 0 0 0 0 0 0.288448741227107 0 0 0 0 0.161021075950244 0 0 0 0 0 0 0 0 0.342011716352961 0.305042618839482 0.438524951478136 0 0 0 0 0 0 0 0 0 0.196985420788123 0 0 0
"38" 0 0.116431577026949 0 0 0 0 0 0 0 0 0 0 0 0 0 0 0 0 0 0 0 0.273378319218442 0 0 0 0 0 0 0 0 0 0 0 0 0 0.435735840009169 0 0 0 0 0 0
"39" 0 0 0 0 0 0 0 0 0 0.538001170241667 0 0 0.253905750568166 0 0 0 0 0.166018573921745 0 0 0.179727790931652 0 0 0 0 0 0 0 0 0 0 0 0.188468167642482 0 0 0 0.175391476781769 0 0 0 0 0
"40" 0.181103299332246 0 0 0 0 0 0 0 0.141824225984623 0 0.182455598273501 0 0 0 0 0 0.164550555203213 0 0 0 0 0 0 0 0 0 0 0 0 0 0 0 0 0.28188596979579 0 0 0 0 0 0 0 0
"41" 0 0.137994565267703 0 0 0 0 0 0 0 0 0 0 0 0.42885794508655 0 0 0 0.142309470068483 0 0 0 0 0.149110989714257 0.0915632135702184 0.0737895852346319 0 0 0 0 0 0 0.193195897338588 0 0 0 0 0 0 0 0 0 0
"42" 0 0 0 0 0 0 0 0 0.164386147154716 0 0 0 0 0 0 0 0 0 0 0 0 0 0 0 0 0 0 0 0 0 0 0 0.173708625869423 0 0 0 0 0 0 0 0 0
