"V1" "V2" "V3" "V4" "V5" "V6" "V7" "V8" "V9" "V10" "V11" "V12" "V13" "V14" "V15" "V16" "V17" "V18" "V19" "V20" "V21" "V22" "V23" "V24" "V25" "V26" "V27" "V28" "V29" "V30" "V31" "V32" "V33" "V34" "V35" "V36" "V37" "V38" "V39" "V40" "V41" "V42" "V43" "V44" "V45" "V46" "V47" "V48" "V49" "V50" "V51" "V52" "V53" "V54" "V55" "V56" "V57" "V58" "V59" "V60" "V61" "V62" "V63" "V64" "V65" "V66" "V67" "V68" "V69" "V70" "V71" "V72" "V73" "V74" "V75" "V76" "V77" "V78" "V79" "V80" "V81" "V82" "V83" "V84"
"1" 0 0 0 0 0 0 0 0 0.262701330497998 0 0 0 0 0 0 0 0 0 0 0 0 0 0 0 0 0 0 0 0 0 0 0 0 0 0 0 0 0 0 0 0 0 0 0 0 0 0 0 0 0 0 0 0 0 0 0 0 0 0 0 0.202671584574957 0 0 0 0 0 0 0 0 0 0 0 0 0 0 0 0 0 0 0 0 0 0 0
"2" 0 0 0 0 0 0 0 0 0 0 0 0 0 0 0 0 0 0 0 0 0 0 0 0 0 0 0 0 0 0 0 0 0 0 0 0 0 0 0 0 0 0 0.135708352057654 0 0 0.301998138863198 0 0 0.129749926305369 0 0 0 0.171339047862921 0 0 0 0 0 0 0 0 0 0 0 0 0 0 0 0 0 0 0 0 0 0 0 0 0 0 0 0 0 0 0
"3" 0 0 0 0 0.129421453018174 0 0 0 0 0 0 0 0 0 0 0 0 0 0 0 0 0 0 0 0 0 0 0 0 0 0.152266276412716 0 0 0 0 0 0 0 0 0 0 0 0 0 0 0 0.125611889103156 0 0 0 0 0 0 0 0 0 0 0 0 0 0.147341858102193 0 0 0 0 0 0 0 0 0 0.176539933313386 0 0 0 0 0 0 0 0 0 0 0 0 0
"4" 0 0 0 0 0 0 0 0 0 0 0 0 0 0 0 0 0 0 0 0 0 0 0 0 0 0 0 0 0 0 0 0 0 0 0 0 0.117276964968641 0 0 0.10609261198861 0 0 0 0 0 0 0 0 0 0 0 0 0 0 0 0 0 0 0 0 0 0 0 0 0 0 0.0439611775956679 0 0 0 0 0 0 0.148221615797596 0 0 0 0 0 0 0 0 0 0
"5" 0 0 0.159397557042722 0 0 0.12913064855011 0 0 0 0 0 0 0 0 0 0 0.14002972434315 0 0 0 0.100763070735338 0 0 0 0.11156670453079 0 0 0 0 0 0 0 0 0 0 0 0 0 0 0 0 0 0 0 0 0 0 0 0 0 0 0 0 0 0 0 0.278368147768799 0 0 0 0 0 0 0 0 0 0 0 0 0 0 0 0 0 0 0 0 0 0 0.353765682055398 0 0 0 0
"6" 0 0 0 0 0.149143502426695 0 0 0 0 0 0 0 0 0 0 0 0 0 0 0 0 0 0 0 0 0 0 0 0 0 0.216747482200805 0.122973684840558 0 0 0 0 0.114844374078893 0 0 0 0 0 0 0 0 0 0 0 0 0 0 0 0 0 0 0.19291681937792 0 0 0 0 0 0 0 0 0 0 0 0 0 0 0 0 0 0 0 0.19652750466781 0 0 0.136181292612795 0 0 0 0 0
"7" 0 0 0 0 0 0 0 0 0 0 0 0 0 0 0.109496279962466 0.110562215360117 0 0 0 0 0 0 0 0 0 0 0 0 0 0 0 0 0 0 0 0.196574107176552 0 0 0.114025489674111 0 0 0 0 0 0 0.297312897571514 0 0 0 0 0 0 0 0 0.281803125397329 0 0 0 0 0 0 0 0 0 0 0 0 0 0 0 0 0 0 0 0 0 0 0 0 0 0 0 0 0.230899535530354
"8" 0 0 0 0 0 0 0 0 0 0.259861027623026 0 0 0 0 0 0 0.148447785538936 0 0 0 0 0 0 0 0 0 0 0 0 0 0 0 0 0 0 0 0 0.116562347028504 0 0 0 0 0 0 0 0 0 0 0 0 0 0 0 0 0.211801103906586 0 0 0 0 0 0 0 0 0 0 0 0 0 0 0 0 0 0 0 0 0 0.0855084152505631 0.208003639227877 0 0 0 0 0 0
"9" 0.445750594077799 0 0 0 0 0 0 0 0 0 0 0 0 0 0 0 0 0 0 0 0 0 0 0 0 0 0.198624679605143 0 0 0 0 0 0 0 0 0 0 0.122459259145994 0 0 0 0 0.176937209090375 0 0 0 0 0 0 0 0 0 0 0 0 0 0 0 0 0 0 0 0 0 0 0 0 0 0 0 0 0 0 0 0 0 0 0.193200182545765 0 0 0 0 0 0
"10" 0 0 0 0 0 0 0 0.168522587295956 0 0 0 0 0 0 0 0 0 0 0 0 0 0 0 0 0 0 0 0 0 0 0 0 0 0 0 0 0 0 0.143421007232407 0 0 0 0 0 0 0 0 0 0 0 0 0.145582798157095 0 0 0 0 0 0 0 0 0 0 0 0 0 0 0 0 0 0 0 0 0 0 0 0 0 0 0 0 0 0 0 0
"11" 0 0 0 0 0 0 0 0 0 0 0 0 0 0 0 0 0 0 0 0 0 0 0 0 0 0 0 0 0 0 0 0 0 0 0 0 0 0 0 0 0 0 0 0 0 0 0 0 0 0 0 0 0 0 0 0 0 0 0 0 0 0 0 0 0 0 0.100325187428048 0 0 0 0 0 0 0 0 0 0 0 0 0 0 0.215878378808769 0 0
"12" 0 0 0 0 0 0 0 0 0 0 0 0 0.192949601835855 0 0 0 0.114813454152758 0 0 0.32870377998423 0 0 0 0 0 0 0.244710693144749 0 0 0 0 0 0 0 0 0 0 0 0 0 0 0 0 0.204689580208323 0 0 0 0 0 0 0 0 0 0 0 0 0 0 0 0 0 0 0 0 0 0 0 0 0 0 0 0 0 0 0 0 0 0 0 0 0 0 0 0
"13" 0 0 0 0 0 0 0 0 0 0 0 0.23610939076339 0 0 0.121159731815675 0 0 0 0 0 0 0 0 0 0 0 0 0 0.297518876785278 0 0 0.134148690104478 0.104505338725504 0 0 0 0 0 0 0 0 0 0 0 0 0 0 0 0 0 0 0 0 0 0 0 0 0 0 0 0 0 0 0 0 0 0 0 0 0 0 0 0 0 0 0 0 0 0 0 0 0 0 0
"14" 0 0 0 0 0 0 0 0 0 0 0 0 0 0 0 0 0 0 0 0 0 0 0 0 0 0 0 0 0 0 0 0 0 0 0 0 0 0.14821046424949 0 0 0 0.127580625486501 0 0 0.206861723957416 0 0 0 0 0 0 0 0 0 0 0 0 0 0 0 0 0 0 0.148154294110979 0 0 0 0 0 0 0 0 0 0 0 0 0 0 0 0 0 0 0 0
"15" 0 0 0 0 0 0 0.134506033809537 0 0 0 0 0 0.160133771630616 0 0 0 0 0 0 0 0 0 0.213747538896677 0 0 0.719550124459839 0 0 0 0 0 0 0 0 0 0 0 0 0 0 0 0.201724095662388 0 0 0.263061427583692 0 0 0 0 0 0 0 0 0 0 0 0 0 0 0 0 0 0 0 0 0 0 0 0 0 0 0 0 0 0 0 0 0 0 0 0 0 0 0
"16" 0 0 0 0 0 0 0.142323807118139 0 0 0 0 0 0 0 0 0 0 0 0 0 0 0 0 0 0 0 0 0 0.27185041482758 0 0 0 0 0 0 0 0 0 0 0 0.121516475439348 0 0 0.291800981641437 0 0 0 0 0.231589345346858 0.227379579666427 0 0 0 0 0 0.160149691868402 0 0 0 0 0 0 0 0 0 0 0 0 0 0 0 0 0 0 0 0 0 0 0 0 0 0.168566292467423 0 0
"17" 0 0 0 0 0.0985823418263903 0 0 0.117339189301643 0 0 0 0.213450744878809 0 0 0 0 0 0 0 0 0 0 0 0 0 0 0 0 0 0 0.202296972750033 0 0 0 0 0 0 0 0 0.162506217005563 0.129181634411106 0 0 0 0 0 0 0 0 0 0 0.203552045743432 0 0 0 0 0 0 0 0 0 0 0 0 0 0 0 0 0 0 0 0 0 0.209718080648264 0 0 0 0 0 0 0 0 0 0
"18" 0 0 0 0 0 0 0 0 0 0 0 0 0 0 0 0 0 0 0.278706049793768 0 0 0 0 0 0 0 0 0 0 0 0 0 0 0 0 0 0 0 0 0 0 0 0 0 0.228968056465592 0 0 0 0 0 0 0 0 0 0 0 0 0 0 0 0 0 0 0 0 0 0 0 0 0 0 0 0 0 0 0 0 0 0 0 0 0 0 0
"19" 0 0 0 0 0 0 0 0 0 0 0 0 0 0 0 0 0 0.55006135017033 0 0 0 0 0 0 0 0 0 0.130105935044875 0 0 0 0 0 0 0 0 0 0 0 0 0 0 0 0 0 0 0 0 0 0 0 0 0 0 0 0 0 0 0 0 0 0 0.106061752496973 0 0 0 0 0 0 0 0 0 0 0 0 0 0 0 0 0 0 0 0 0
"20" 0 0 0 0 0 0 0 0 0 0 0 0.22604791681143 0 0 0 0 0 0 0 0 0 0 0 0 0 0 0 0 0 0 0 0 0 0 0 0 0 0 0 0 0 0 0 0 0 0 0 0 0 0 0 0 0 0 0.205420252240721 0 0 0 0 0 0 0 0 0 0 0.208991146581284 0 0 0 0 0 0 0 0 0 0 0 0 0 0 0 0 0 0
"21" 0 0 0 0 0.142651860913846 0 0 0 0 0 0 0 0 0 0 0 0 0 0 0 0 0 0 0 0 0 0 0.145748416940247 0 0 0 0 0 0 0 0 0 0.124998948776105 0 0 0.0647313385436873 0 0 0 0 0 0.15745560933158 0 0 0 0 0 0 0 0 0 0 0 0 0 0 0 0 0.141167692354528 0 0 0 0 0 0 0 0 0.228720014314612 0 0 0.155301016728635 0 0 0 0 0 0 0 0
"22" 0 0 0 0 0 0 0 0 0 0 0 0 0 0 0 0 0 0 0 0 0 0 0 0 0 0 0 0 0 0 0 0 0 0.098643086541084 0 0 0 0 0 0 0.136781222081468 0 0 0 0 0 0 0 0 0 0 0 0 0 0 0 0 0 0 0 0 0 0 0 0 0 0 0 0 0 0 0 0 0 0 0 0 0 0 0 0 0 0 0
"23" 0 0 0 0 0 0 0 0 0 0 0 0 0 0 0.180007964127225 0 0 0 0 0 0 0 0 0 0.111130865861136 0 0 0 0 0 0 0 0.100463611581056 0 0 0 0 0 0 0.112897694919613 0 0 0 0 0 0 0 0 0 0 0 0 0 0 0 0 0 0 0 0 0 0 0 0.139406227871469 0 0 0 0 0 0 0 0 0 0 0 0 0 0 0 0.580180295370263 0 0 0 0
"24" 0 0 0 0 0 0 0 0 0 0 0 0 0 0 0 0 0 0 0 0 0 0 0 0 0 0 0 0 0 0 0 0.139403193695715 0 0 0.134580474801089 0 0 0 0 0.161501213607332 0 0 0 0 0 0 0 0 0 0 0 0 0 0 0 0 0 0 0 0 0 0 0 0 0.236842181994891 0 0 0 0 0 0 0 0 0 0 0 0 0 0.181241838218166 0 0 0 0 0.177540932123362
"25" 0 0 0 0 0.0752424712362108 0 0 0 0 0 0 0 0 0 0 0 0 0 0 0 0 0 0.129689675858855 0 0 0 0 0 0 0 0 0 0.0675440221415773 0 0 0 0 0 0 0 0.13911934070526 0.203078338655528 0 0 0.35857940682305 0 0 0 0 0 0.172847346634401 0 0 0 0 0 0 0.930028682513296 0 0 0 0 0.137701026023987 0 0 0 0 0 0 0 0 0 0 0 0 0 0 0 0 0 0 0 0 0
"26" 0 0 0 0 0 0 0 0 0 0 0 0 0 0 0.171666033083731 0 0 0 0 0 0 0 0 0 0 0 0 0 0 0 0 0 0 0 0 0 0 0 0 0 0 0 0 0 0 0 0 0 0 0 0 0 0 0 0 0 0 0 0 0 0 0 0 0 0 0 0 0 0 0 0 0 0 0 0 0 0 0 0 0 0 0 0 0
"27" 0 0 0 0 0 0 0 0 0.192029661805964 0 0 0.245866115593661 0 0 0 0 0 0 0 0 0 0 0 0 0 0 0 0 0 0 0.164177272359539 0.114647029227171 0 0 0 0 0 0 0 0 0 0 0 0.262205044986813 0 0 0 0 0 0 0 0 0 0 0 0 0 0 0 0 0 0 0 0 0 0 0.125583248832457 0 0 0 0 0 0 0 0 0 0 0 0 0 0 0 0 0
"28" 0 0 0 0 0 0 0 0 0 0 0 0 0 0 0 0 0 0 0.415309027654374 0 0.127492804751916 0 0 0 0 0 0 0 0 0 0 0 0 0 0 0 0 0 0 0 0 0 0 0 0 0 0 0 0 0 0 0 0 0 0 0.160968339947211 0 0 0.258869771634277 0.19265518761321 0 0 0.0566515812821035 0 0 0 0 0 0 0 0 0 0 0 0 0 0 0 0 0 0 0 0.165591731587571 0
"29" 0 0 0 0 0 0 0 0 0 0 0 0 0.176712200208361 0 0 0.134461693229721 0 0 0 0 0 0 0 0 0 0 0 0 0 0 0 0 0 0 0 0 0 0 0 0 0 0 0 0 0 0 0 0 0 0 0 0 0 0 0 0 0 0 0 0 0 0 0.19859645184525 0 0 0 0 0 0 0 0 0 0.163507901227937 0 0 0 0 0 0 0 0 0 0 0
"30" 0 0 0 0 0 0 0 0 0 0 0 0 0 0 0 0 0 0 0 0 0 0 0 0 0 0 0 0 0 0 0 0 0 0 0.168509757599485 0 0 0 0 0 0 0 0 0 0 0 0 0 0 0.106139734158991 0 0 0 0 0 0 0 0 0 0.126089250110532 0 0 0 0 0 0 0 0 0 0 0 0 0 0 0 0 0 0 0 0 0 0 0 0
"31" 0 0 0.202729721150514 0 0 0.15975352017554 0 0 0 0 0 0 0 0 0 0 0.15107184158994 0 0 0 0 0 0 0 0 0 0.232636236746912 0 0 0 0 0 0 0 0 0 0 0 0.174211983663637 0 0 0 0 0 0 0 0 0 0 0 0 0 0 0 0 0 0 0 0 0 0 0 0 0 0 0 0 0 0 0 0 0 0 0 0 0 0 0 0 0 0 0 0 0
"32" 0 0 0 0 0 0.157476079152492 0 0 0 0 0 0 0.254826597736189 0 0 0 0 0 0 0 0 0 0 0.127231366732035 0 0 0.16934499918783 0 0 0 0 0 0 0 0 0 0 0 0 0 0 0 0 0 0 0 0.142668508278638 0 0 0 0 0 0 0 0 0 0 0 0 0 0 0 0 0 0 0 0 0 0 0.162004505895329 0.185712564828953 0 0 0 0 0 0 0 0.133090036495928 0 0 0 0 0
"33" 0 0 0 0 0 0 0 0 0 0 0 0 0.214327163064479 0 0 0 0 0 0 0 0 0 0.141218471953071 0 0.127887747757734 0 0 0 0 0 0 0 0 0 0 0 0 0 0 0 0 0 0.124093195277468 0 0 0 0.110687490083312 0 0 0 0 0.161591670300383 0 0 0 0 0 0 0 0 0 0 0 0 0 0 0.0730983398102221 0 0 0 0.188323513092213 0 0 0 0 0 0 0 0 0 0 0 0 0
"34" 0 0 0 0 0 0 0 0 0 0 0 0 0 0 0 0 0 0 0 0 0 0.336488226669051 0 0 0 0 0 0 0 0 0 0 0 0 0 0 0 0 0.226504869547248 0 0 0 0 0 0 0 0 0 0 0 0 0 0 0 0 0 0 0 0 0 0 0.363028370659064 0 0 0 0.270917007002764 0.100012979349649 0 0.26237657988219 0 0 0 0 0 0 0 0 0 0 0 0 0 0.11357107580382 0
"35" 0 0 0 0 0 0 0 0 0 0 0 0 0 0 0 0 0 0 0 0 0 0 0 0.189623352909807 0 0 0 0 0 0.377992404691128 0 0 0 0 0 0 0 0 0 0 0 0.198490592286517 0 0 0 0 0 0 0 0 0 0 0 0 0 0.160951672018502 0 0 0 0 0.158647438911296 0 0 0.0974472312420587 0 0 0 0 0 0 0 0 0 0 0 0 0 0.14474429338227 0 0 0 0 0 0
"36" 0 0 0 0 0 0 0.174899199349894 0 0 0 0 0 0 0 0 0 0 0 0 0 0 0 0 0 0 0 0 0 0 0 0 0 0 0 0 0 0 0 0 0 0 0 0 0 0 0 0.147412055446904 0 0 0 0 0 0 0 0 0 0 0 0 0 0 0 0 0.143488422311791 0 0 0 0 0 0 0 0 0 0.201750468218961 0 0 0 0 0 0 0 0.12692378800609 0 0
"37" 0 0 0 0.355638660870138 0 0.15107116489398 0 0 0 0 0 0 0 0 0 0 0 0 0 0 0 0 0 0 0 0 0 0 0 0 0 0 0 0 0 0 0 0 0 0 0 0 0.171010612621282 0 0 0 0 0 0 0 0.328532810905645 0.145087076650544 0.248300941011582 0 0 0 0 0 0 0 0 0 0 0.114327500433668 0 0 0 0 0 0 0 0 0 0 0 0 0 0 0.140000086308451 0 0 0 0 0
"38" 0 0 0 0 0 0 0 0.140327528666333 0.187745235681353 0 0 0 0 0.210999373473216 0 0 0 0 0 0 0.150260841170981 0 0 0 0 0 0 0 0 0 0 0 0 0 0 0 0 0 0 0 0 0 0 0 0 0 0 0 0 0 0 0 0 0 0 0 0 0 0 0.123768134574023 0 0 0 0 0 0 0 0 0 0.219763043007378 0 0 0 0 0 0 0 0 0 0 0 0.21052783560725 0 0
"39" 0 0 0 0 0 0 0.140825666645866 0 0 0.243852971017673 0 0 0 0 0 0 0 0 0 0 0 0 0 0 0 0 0 0 0 0 0.187203199328677 0 0 0.127532945267415 0 0 0 0 0 0 0 0 0 0 0 0 0 0 0 0 0 0 0 0 0 0 0 0 0 0 0 0 0 0 0 0 0 0 0 0.198733894865295 0 0 0 0 0 0 0 0 0 0 0 0 0 0
"40" 0 0 0 0.221674307465441 0 0 0 0 0 0 0 0 0 0 0 0 0.107803686123813 0 0 0 0 0 0.203489541604339 0.171747946952736 0 0 0 0 0 0 0 0 0 0 0 0 0 0 0 0 0 0 0 0.328830133756681 0 0 0 0 0 0 0 0 0 0.311315531765076 0 0 0 0 0 0 0 0 0 0 0 0 0.120181145650921 0 0 0 0 0 0 0 0 0 0 0 0.11153574431853 0 0 0 0 0
"41" 0 0 0 0 0 0 0 0 0 0 0 0 0 0 0 0.088702618120009 0.15795495022371 0 0 0 0.14807044640587 0.486353375726094 0 0 0.0919976985193346 0 0 0 0 0 0 0 0 0 0 0 0 0 0 0 0 0 0 0 0 0 0.10306782917079 0 0 0 0 0 0 0.270498863693942 0 0 0 0 0 0 0 0 0 0 0 0 0 0 0 0.232156440138683 0 0 0.196230093030305 0 0 0 0 0 0 0 0 0 0 0
"42" 0 0 0 0 0 0 0 0 0 0 0 0 0 0.238240926612503 0.11678461921643 0 0 0 0 0 0 0 0 0 0.12620924164645 0 0 0 0 0 0 0 0 0 0.146171794250661 0 0 0 0 0 0 0 0 0 0 0 0 0 0 0 0 0 0 0 0 0 0 0 0 0 0 0 0 0 0 0 0 0 0 0 0 0 0 0 0.283289528526744 0.225758788496979 0 0 0 0 0 0 0 0
"43" 0 0.128200426304573 0 0 0 0 0 0 0.186229323247666 0 0 0 0 0 0 0 0 0 0 0 0 0 0 0 0 0 0 0 0 0 0 0 0.150574844304656 0 0 0 0.0942801184584345 0 0 0 0 0 0 0 0 0 0 0.187349957572519 0 0 0 0 0 0 0 0 0 0 0 0 0 0 0 0 0 0 0.117047139858577 0 0 0 0 0 0 0 0 0 0 0 0 0 0 0 0 0
"44" 0 0 0 0 0 0 0 0 0 0 0 0.177443170021455 0 0 0 0.153200988615021 0 0 0 0 0 0 0 0 0 0 0.14590075881704 0 0 0 0 0 0 0 0 0 0 0 0 0.119995290586843 0 0 0 0 0 0 0 0 0 0 0 0 0 0 0 0 0 0 0 0 0 0 0 0 0 0 0 0 0 0 0 0 0 0 0 0 0 0 0 0 0 0 0 0
"45" 0 0 0 0 0 0 0 0 0 0 0 0 0 0.198076895306574 0.137055969386138 0 0 0.347730930727677 0 0 0 0 0 0 0.134401631193662 0 0 0 0 0 0 0 0 0 0 0 0 0 0 0 0 0 0 0 0 0 0 0 0 0 0 0 0 0 0 0 0 0 0 0 0 0 0 0 0 0 0 0 0 0 0 0 0 0 0 0 0 0 0 0 0 0 0 0
"46" 0 0.246169983185243 0 0 0 0 0.146096580193026 0 0 0 0 0 0 0 0 0 0 0 0 0 0 0 0 0 0 0 0 0 0 0 0 0 0 0 0 0 0 0 0 0 0 0 0 0 0 0 0 0 0 0 0 0 0 0 0 0 0 0 0 0 0 0 0 0 0 0 0 0 0 0 0 0 0 0 0 0 0.0995080268967853 0 0 0 0 0 0.227385020583374 0
"47" 0 0 0.191314712193636 0 0 0 0 0 0 0 0 0 0 0 0 0 0 0 0 0 0.129087132209302 0 0 0 0 0 0 0 0 0 0 0.140191428324975 0.210544609627601 0 0 0.168482023536475 0 0 0 0 0.110987620579396 0 0 0 0 0 0 0 0 0 0 0 0 0 0 0 0 0 0 0 0.178126487471342 0 0 0 0 0 0 0 0 0 0 0 0 0 0 0 0 0 0 0 0 0 0 0
"48" 0 0 0 0 0 0 0 0 0 0 0 0 0 0 0 0 0 0 0 0 0 0 0 0 0 0 0 0 0 0 0 0 0 0 0 0 0 0 0 0 0 0 0.156119358505441 0 0 0 0 0 0 0 0 0 0.230185572604566 0 0 0.139347582829857 0 0 0 0 0 0 0 0 0 0 0 0 0 0 0 0 0.198374546735843 0 0 0 0 0 0 0 0 0.168565609028943 0 0
"49" 0 0.308301924597229 0 0 0 0 0 0 0 0 0 0 0 0 0 0.1536339930977 0 0 0 0 0 0 0 0 0 0 0 0 0 0 0 0 0 0 0 0 0 0 0 0 0 0 0 0 0 0 0 0 0 0 0 0 0 0 0 0 0 0 0 0 0 0 0.195568373085766 0 0.27211187306406 0 0 0.245218185892291 0 0 0 0 0 0 0 0 0 0 0 0 0 0 0 0
"50" 0 0 0 0 0 0 0 0 0 0 0 0 0 0 0 0.150934413012289 0 0 0 0 0 0 0 0 0 0 0 0 0 0.40357707435942 0 0 0 0 0 0 0 0 0 0 0 0 0 0 0 0 0 0 0 0 0 0 0 0 0 0 0 0 0 0 0.200565921884647 0 0 0 0 0 0 0 0 0 0 0.866912876265419 0 0 0 0 0.139457813241024 0 0 0 0 0 0 0
"51" 0 0 0 0 0 0 0 0 0 0 0 0 0 0 0 0 0 0 0 0 0 0 0 0 0.085082840911596 0 0 0 0 0 0 0 0 0 0 0 0.110741677335768 0 0 0 0 0 0 0 0 0 0 0 0 0 0 0 0 0 0.138178542546999 0 0 0 0 0 0 0 0 0 0 0 0.112287349237384 0 0 0 0 0 0 0 0 0 0 0 0 0 0 0 0 0
"52" 0 0 0 0 0 0 0 0 0 0.2128277149454 0 0 0 0 0 0 0.123696256744417 0 0 0 0 0 0 0 0 0 0 0 0 0 0 0 0.129964703079684 0 0 0 0.168533831748454 0 0 0 0 0 0 0 0 0 0 0 0 0 0 0 0 0 0 0 0 0 0 0.112480870295471 0 0 0 0 0 0 0 0 0 0 0 0 0 0.196091573802551 0.390249801528061 0 0 0 0 0 0 0 0 0
"53" 0 0.277929682181179 0 0 0 0 0 0 0 0 0 0 0 0 0 0 0 0 0 0 0 0 0 0 0 0 0 0 0 0 0 0 0 0 0 0 0.142928107436803 0 0 0 0 0 0 0 0 0 0 0.223824789639541 0 0 0 0 0 0 0 0 0 0 0 0 0 0 0 0 0 0 0 0 0 0 0.195016895369101 0 0.186754396860577 0 0 0 0 0 0 0 0 0 0 0
"54" 0 0 0 0 0 0 0 0 0 0 0 0 0 0 0 0 0 0 0 0 0 0 0 0 0 0 0 0 0 0 0 0 0 0 0 0 0 0 0 0.122390932131729 0.110376892217739 0 0 0 0 0 0 0 0 0 0 0 0 0 0 0.123710624204161 0 0 0.312673710540121 0 0 0 0 0 0 0 0 0 0 0 0 0 0 0 0 0 0 0 0 0 0 0 0 0
"55" 0 0 0 0 0 0 0.140685883547558 0.142004343694805 0 0 0 0 0 0 0 0 0 0 0 0.32012541120246 0 0 0 0 0 0 0 0 0 0 0 0 0 0 0 0 0 0 0 0 0 0 0 0 0 0 0 0 0 0 0.330514824158924 0 0 0 0 0 0 0 0 0 0 0 0 0 0 0.18149335345922 0 0 0 0 0 0 0 0 0 0 0 0 0 0 0 0 0 0
"56" 0 0 0 0 0 0.152059516741661 0 0 0 0 0 0 0 0 0 0.14571016452492 0 0 0 0 0 0 0 0 0 0 0 0.118755836238864 0 0 0 0 0 0 0.13759285341793 0 0 0 0 0 0 0 0 0 0 0 0 0.172579490539636 0 0 0 0 0 0.236600460851663 0 0 0 0 0 0 0 0 0 0 0 0 0 0 0 0 0 0 0 0 0 0 0 0 0 0 0 0 0 0
"57" 0 0 0 0 0.158244560061582 0 0 0 0 0 0 0 0 0 0 0 0 0 0 0 0 0 0 0 0 0 0 0 0 0 0 0 0 0 0 0 0 0 0 0 0 0 0 0 0 0 0 0 0 0 0 0 0 0 0 0 0 0 0 0 0.137824642422151 0 0 0 0 0 0 0 0 0 0 0 0 0 0 0 0 0 0 0 0.413555742165871 0 0 0
"58" 0 0 0 0 0 0 0 0 0 0 0 0 0 0 0 0 0 0 0 0 0 0 0 0 0.114099768810257 0 0 0 0 0 0 0 0 0 0 0 0 0 0 0 0 0 0 0 0 0 0 0 0 0 0 0 0 0 0 0 0 0 0 0 0 0 0 0 0 0 0 0 0 0 0 0 0 0 0 0 0 0 0 0 0 0 0 0
"59" 0 0 0 0 0 0 0 0 0 0 0 0 0 0 0 0 0 0 0 0 0 0 0 0 0 0 0 0.156801358945282 0 0 0 0 0 0 0 0 0 0 0 0 0 0 0 0 0 0 0 0 0 0 0 0 0 0.238465223079669 0 0 0 0 0 0 0 0 0 0 0 0 0 0.202985416940931 0 0 0 0 0 0 0 0 0 0 0 0 0 0 0 0
"60" 0 0 0 0 0 0 0 0 0 0 0 0 0 0 0 0 0 0 0 0 0 0 0 0 0 0 0 0.152532976415825 0 0.262923687594234 0 0 0 0 0 0 0 0.14947365608526 0 0 0 0 0 0 0 0 0 0 0 0 0 0.135619092371856 0 0 0 0 0 0 0 0 0 0 0 0 0 0 0 0.218845761444955 0.278466735316396 0 0 0 0 0 0 0 0 0 0 0 0 0 0 0
"61" 0.458750842885786 0 0.146274912470331 0 0 0 0 0 0 0 0 0 0 0 0 0 0 0 0 0 0 0 0 0 0 0 0 0 0 0 0 0 0 0 0.1768242295404 0 0 0 0 0 0 0 0 0 0 0 0.158743122085312 0 0 0.233319559033095 0 0 0 0 0 0 0.36251897123253 0 0 0 0 0 0 0 0 0 0 0 0 0 0 0 0 0 0 0 0 0 0 0 0 0 0 0
"62" 0 0 0 0 0 0 0 0 0 0 0 0 0 0 0 0 0 0 0 0 0 0 0 0 0 0 0 0 0 0 0 0 0 0.172444806795854 0 0 0 0 0 0 0 0 0 0 0 0 0 0 0 0 0 0 0 0 0 0 0 0 0 0 0 0 0 0 0 0 0 0 0 0 0.171658763851927 0 0 0 0 0 0.0949059810242726 0 0 0 0 0 0 0
"63" 0 0 0 0 0 0 0 0 0 0 0 0 0 0 0 0 0 0 0.311335465654707 0 0 0 0 0 0.147551064273368 0 0 0.179851686995629 0.232254852682655 0 0 0 0 0 0 0 0 0 0 0 0 0 0 0 0 0 0 0 0.143293291130358 0 0 0 0 0 0 0 0 0 0 0 0 0 0 0 0 0 0 0 0.26806626525644 0 0 0 0 0 0 0 0 0 0 0 0 0 0 0
"64" 0 0 0 0 0 0 0 0 0 0 0 0 0 0.175677357062599 0 0 0 0 0 0 0.145906549813274 0 0.162669059978783 0 0 0 0 0 0 0 0 0 0 0 0.162351881752896 0.187019592761455 0.141812368829032 0 0 0 0 0 0 0 0 0 0 0 0 0 0 0 0 0 0 0 0 0 0 0 0 0 0 0 0 0 0 0 0 0 0 0 0 0 0 0 0 0 0.200383016576996 0 0 0 0 0
"65" 0 0 0 0 0 0 0 0 0 0 0 0 0 0 0 0 0 0 0 0 0 0 0 0.18421624827546 0 0 0 0 0 0 0 0 0 0 0 0 0 0 0 0 0 0 0 0 0 0 0 0 0.148376002393375 0 0 0 0 0 0 0 0 0 0 0 0 0 0 0 0 0 0 0 0 0 0 0 0 0 0 0 0.0974457145806551 0 0 0 0 0 0.166802837111621 0
"66" 0 0 0 0 0 0 0 0 0 0 0 0 0 0 0 0 0 0 0 0.306617955125855 0 0 0 0 0 0 0 0 0 0 0 0 0 0.209632323692143 0 0 0 0 0 0 0 0 0 0 0 0 0 0 0 0 0 0 0 0 0.235615160003843 0 0 0 0 0 0 0 0 0 0 0 0 0 0 0 0 0 0 0 0 0 0.0833008626105992 0 0 0 0 0 0 0
"67" 0 0 0 0.25999145643226 0 0 0 0 0 0 0.430728034006894 0 0 0 0 0 0 0 0 0 0 0 0 0 0 0 0.187116282617879 0 0 0 0 0 0.153437367676351 0.11493264225662 0 0 0 0 0 0.113237270276655 0 0 0.160432199672124 0 0 0 0 0 0 0 0.241179600110469 0 0 0 0 0 0 0 0 0 0 0 0 0 0 0 0 0 0 0 0 0 0 0.127372567926044 0 0 0 0 0 0 0.252490840038762 0 0 0
"68" 0 0 0 0 0 0 0 0 0 0 0 0 0 0 0 0 0 0 0 0 0 0 0 0 0 0 0 0 0 0 0 0 0 0 0 0 0 0 0 0 0 0 0 0 0 0 0 0 0.240743103976692 0 0 0 0 0 0 0 0 0 0.340881636549715 0.123779254095236 0 0 0 0 0 0 0 0 0 0 0 0 0 0 0 0.178609636020147 0 0 0 0 0 0 0 0.19471016798106
"69" 0 0 0 0 0 0 0 0 0 0 0 0 0 0 0 0 0 0 0 0 0 0 0 0 0 0 0 0 0 0 0 0 0 0.0892530219066675 0 0 0 0 0 0 0 0 0 0 0 0 0 0 0 0 0 0 0 0 0 0 0 0 0 0.196793783000298 0 0 0.194674045343631 0 0 0 0 0 0 0.164853300608246 0 0 0 0 0 0 0 0 0 0 0 0 0 0
"70" 0 0 0 0 0 0 0 0 0 0 0 0 0 0 0 0 0 0 0 0 0 0 0 0 0 0 0 0 0 0 0 0.0899411386966693 0 0 0 0 0 0.133510279812625 0.177479317723941 0 0.0912771341394405 0 0 0 0 0 0 0 0 0 0 0 0 0 0 0 0 0 0 0 0 0 0 0 0 0 0 0 0.297580710875543 0 0 0 0 0 0 0 0 0 0 0 0 0 0 0
"71" 0 0 0.194934086362773 0 0 0 0 0 0 0 0 0 0 0 0 0 0 0 0 0 0 0 0 0 0 0 0 0 0 0 0 0.0623151167495946 0.113475065845198 0 0 0 0 0 0 0 0 0 0 0 0 0 0 0 0 0 0 0 0.188647291890265 0 0 0 0 0 0 0 0 0.318809705828212 0 0 0 0 0 0 0 0 0 0 0 0 0 0 0 0.146636913762817 0 0 0 0 0 0
"72" 0 0 0 0 0 0 0 0 0 0 0 0 0 0 0 0 0 0 0 0 0 0 0 0 0 0 0 0 0 0 0 0 0 0 0 0 0 0 0 0 0 0 0 0 0 0 0 0 0 0.187360940266575 0 0 0 0 0 0 0 0 0 0 0 0 0 0 0 0 0 0 0 0 0 0 0 0 0 0 0 0 0 0 0 0 0 0
"73" 0 0 0 0 0 0 0 0 0 0 0 0 0 0 0 0 0 0 0 0 0.152156143369439 0 0 0 0 0 0 0 0.278660361875141 0 0 0 0 0 0 0 0 0 0 0 0.15296818537575 0 0 0 0 0 0 0.174790609259161 0 0 0 0 0.126164905552721 0 0 0 0 0 0 0 0 0 0 0 0 0 0 0 0 0 0 0 0 0 0 0 0 0 0 0 0 0 0 0
"74" 0 0 0 0.206552949966513 0 0 0 0 0 0 0 0 0 0 0 0 0.165184687294579 0 0 0 0 0 0 0 0 0 0 0 0 0 0 0 0 0 0 0.196066091889062 0 0 0 0 0 0 0 0 0 0 0 0 0 0 0 0.135211327042707 0 0 0 0 0 0 0 0 0 0 0 0 0 0 0.109341016712506 0 0 0 0 0 0 0 0.143629548089706 0 0 0 0 0 0 0 0 0
"75" 0 0 0 0 0 0 0 0 0 0 0 0 0 0 0 0 0 0 0 0 0 0 0 0 0 0 0 0 0 0 0 0 0 0 0 0 0 0 0 0 0 0.16065314378914 0 0 0 0 0 0 0 0 0 0.172269390481057 0 0 0 0 0 0 0 0 0 0 0 0 0 0 0 0 0 0 0 0 0 0.218532772386293 0 0 0 0 0 0 0 0 0 0
"76" 0 0 0 0 0 0.0987184887333833 0 0 0 0 0 0 0 0 0 0 0 0 0 0 0.140422488509869 0 0 0 0 0 0 0 0 0 0 0 0 0 0 0 0 0 0 0 0 0.189165816964418 0 0 0 0 0 0 0 0 0 0 0 0 0 0 0 0 0 0 0 0 0 0 0 0 0 0.173026960350575 0 0 0 0 0 0 0 0 0 0 0 0 0 0.165049095341034 0 0
"77" 0 0 0 0 0 0 0 0.187442156515835 0 0 0 0 0 0 0 0 0 0 0 0 0 0 0 0 0 0 0 0 0 0 0 0 0 0 0 0 0 0 0 0 0 0 0 0 0 0.256300785838642 0 0 0 0.196323654942607 0 0 0 0 0 0 0 0 0 0 0 0.277196323301279 0 0 0.285918222441438 0.305230938623867 0 0 0 0 0 0 0 0 0 0 0 0 0 0 0 0 0.167544059864006 0.232816379658479
"78" 0 0 0 0 0 0 0 0.164891071420901 0.17142330588839 0 0 0 0 0 0 0 0 0 0 0 0 0 0 0 0 0 0 0 0 0 0 0 0 0 0.160564846710109 0 0 0 0 0 0 0 0 0 0 0 0 0 0 0 0 0 0 0 0 0 0 0 0 0 0 0 0 0 0 0 0 0 0 0 0.193781091145229 0 0 0 0 0 0 0 0 0 0 0 0 0.131080604450897
"79" 0 0 0 0 0 0.160433376580825 0 0 0 0 0 0 0 0 0 0 0 0 0 0 0 0 0 0.142201131274337 0 0 0 0 0 0 0 0.112353377814554 0 0 0 0 0.12945864505453 0 0 0.135005719272771 0 0 0 0 0 0 0 0 0 0 0 0 0 0 0 0 0 0 0 0 0 0 0 0.130607241095925 0 0 0 0 0 0 0 0 0 0 0 0 0 0 0 0 0.293714690577838 0 0 0
"80" 0 0 0 0 0.177721323072638 0 0 0 0 0 0 0 0 0 0 0 0 0 0 0 0 0 0.192972890502387 0 0 0 0 0 0 0 0 0 0 0 0 0 0 0 0 0 0 0 0 0 0 0 0 0 0 0 0 0 0 0 0 0 0 0 0 0 0 0 0 0 0 0 0 0 0 0 0 0 0 0 0 0 0 0 0 0 0 0 0 0
"81" 0 0 0 0 0 0 0 0 0 0 0 0 0 0 0 0 0 0 0 0 0 0 0 0 0 0 0 0 0 0 0 0 0 0 0 0 0 0 0 0 0 0 0 0 0 0 0 0 0 0 0 0 0 0 0 0 0.298470438530493 0 0 0 0 0 0 0 0 0 0.139968137669695 0 0 0 0 0 0 0 0 0 0 0 0.110389534813613 0 0 0 0 0
"82" 0 0 0 0 0 0 0 0 0 0 0.591173702159478 0 0 0 0 0.126112452313243 0 0 0 0 0 0 0 0 0 0 0 0 0 0 0 0 0 0 0 0.171077780884442 0 0.174057284269119 0 0 0 0 0 0 0 0 0 0.166457393233526 0 0 0 0 0 0 0 0 0 0 0 0 0 0 0 0 0 0 0 0 0 0 0 0 0 0 0 0.206543994986896 0 0 0 0 0 0 0 0
"83" 0 0 0 0 0 0 0 0 0 0 0 0 0 0 0 0 0 0 0 0 0 0 0 0 0 0 0 0.132734665223942 0 0 0 0 0 0.188362441921635 0 0 0 0 0 0 0 0 0 0 0 0.251253529630034 0 0 0 0 0 0 0 0 0 0 0 0 0 0 0 0 0 0 0.303755700723352 0 0 0 0 0 0 0 0 0 0 0 0.130388768734606 0 0 0 0 0 0 0
"84" 0 0 0 0 0 0 0.14445313533876 0 0 0 0 0 0 0 0 0 0 0 0 0 0 0 0 0.188545275755484 0 0 0 0 0 0 0 0 0 0 0 0 0 0 0 0 0 0 0 0 0 0 0 0 0 0 0 0 0 0 0 0 0 0 0 0 0 0 0 0 0 0 0 0.178465616775791 0 0 0 0 0 0 0 0 0.14961541364007 0.19689972568798 0 0 0 0 0 0
