"V1" "V2" "V3" "V4" "V5" "V6" "V7" "V8" "V9" "V10" "V11" "V12" "V13" "V14" "V15" "V16" "V17" "V18" "V19" "V20" "V21"
"1" 0 0.0764439763444916 0.925256365871551 0.315186588910557 0.702702702702703 0.957840278198343 0.894753803094424 0.993771692478391 0.966948314594504 0.584683990615782 0.768252454246048 0.803571283638838 1.14027151944481 0.773936273690614 0.996707508896528 1.14920495272807 0.920507371131157 0.97447331769297 1.03975048982007 1.19041705651596 1.29954759785636
"2" 0.0764439763444916 0 0.866552407669265 0.241737078648626 0.63268648166052 0.891482297430846 0.823326822255558 0.923676080574868 0.894753803094424 0.509944926057114 0.692229647290038 0.727222921463444 1.06611259044951 0.710970077727887 0.920507371131157 1.07294233736644 0.864864864864865 0.906111060229201 0.966948314594504 1.11435287178856 1.22310362151187
"3" 0.925256365871551 0.866552407669265 0 0.773936273690614 0.315186588910557 0.162162162162162 0.291089989574838 0.27027027027027 0.328797974610715 0.704778638400286 0.650897004259043 0.616311040594129 0.489480277737158 0.996707508896528 0.702702702702703 0.773936273690614 1.18549795672764 1.00546352636423 0.918918918918919 0.826868029231262 0.810810810810811
"4" 0.315186588910557 0.241737078648626 0.773936273690614 0 0.486486486486486 0.756756756756757 0.657595949221429 0.764439763444916 0.721171030493315 0.27027027027027 0.45866385806695 0.498353754448264 0.873269968724514 0.486486486486486 0.687995787100425 0.840883739789408 0.657595949221429 0.668611723073134 0.725211235945878 0.879936248437822 0.996707508896528
"5" 0.702702702702703 0.63268648166052 0.315186588910557 0.486486486486486 0 0.27027027027027 0.194894663538594 0.291089989574838 0.27027027027027 0.389789327077188 0.362605617972939 0.341867855153338 0.45866385806695 0.687995787100425 0.486486486486486 0.604342696621565 0.879936248437822 0.725211235945878 0.668611723073134 0.657595949221429 0.702702702702703
"6" 0.957840278198343 0.891482297430846 0.162162162162162 0.756756756756757 0.27027027027027 0 0.152887952688983 0.108108108108108 0.170933927576669 0.63268648166052 0.540540540540541 0.498353754448264 0.328797974610715 0.899638755518553 0.556520548161459 0.616311040594129 1.08108108108108 0.879936248437822 0.779578654154376 0.668611723073134 0.648648648648649
"7" 0.894753803094424 0.823326822255558 0.291089989574838 0.657595949221429 0.194894663538594 0.152887952688983 0 0.108108108108108 0.0764439763444916 0.498353754448264 0.389789327077188 0.346114823645019 0.27027027027027 0.750942918348638 0.411663411127779 0.489480277737158 0.929981109950554 0.727222921463444 0.630373177821114 0.543236520060589 0.551245352820842
"8" 0.993771692478391 0.923676080574868 0.27027027027027 0.764439763444916 0.291089989574838 0.108108108108108 0.108108108108108 0 0.0764439763444916 0.604342696621565 0.483474157297252 0.435797716124246 0.222870574357711 0.846079775270191 0.464990554975277 0.512801782730007 1.01988985211423 0.803571283638838 0.692229647290038 0.564340892373543 0.540540540540541
"9" 0.966948314594504 0.894753803094424 0.328797974610715 0.721171030493315 0.27027027027027 0.170933927576669 0.0764439763444916 0.0764439763444916 0 0.543236520060589 0.411663411127779 0.362605617972939 0.194894663538594 0.773936273690614 0.389789327077188 0.445741148715423 0.94555976673167 0.727222921463444 0.616311040594129 0.498353754448264 0.489480277737158
"10" 0.584683990615782 0.509944926057114 0.704778638400286 0.27027027027027 0.389789327077188 0.63268648166052 0.498353754448264 0.604342696621565 0.543236520060589 0 0.194894663538594 0.241737078648626 0.657595949221429 0.315186588910557 0.422175658157116 0.574602476364035 0.509944926057114 0.432432432432432 0.461838040287434 0.611551810755933 0.735214622093808
"11" 0.768252454246048 0.692229647290038 0.650897004259043 0.45866385806695 0.362605617972939 0.540540540540541 0.389789327077188 0.483474157297252 0.411663411127779 0.194894663538594 0 0.0540540540540541 0.486486486486487 0.362605617972939 0.229331929033475 0.382219881722458 0.540540540540541 0.362605617972939 0.324324324324324 0.422175658157116 0.540540540540541
"12" 0.803571283638838 0.727222921463444 0.616311040594129 0.498353754448264 0.341867855153338 0.498353754448264 0.346114823645019 0.435797716124246 0.362605617972939 0.241737078648626 0.0540540540540541 0 0.432432432432432 0.411663411127779 0.194894663538594 0.346114823645019 0.584683990615782 0.389789327077188 0.328797974610715 0.389789327077188 0.498353754448264
"13" 1.14027151944481 1.06611259044951 0.489480277737158 0.873269968724514 0.45866385806695 0.328797974610715 0.27027027027027 0.222870574357711 0.194894663538594 0.657595949221429 0.486486486486487 0.432432432432432 0 0.826868029231262 0.362605617972939 0.346114823645019 0.97447331769297 0.725211235945878 0.584683990615782 0.389789327077188 0.328797974610715
"14" 0.773936273690614 0.710970077727887 0.996707508896528 0.486486486486486 0.687995787100425 0.899638755518553 0.750942918348638 0.846079775270191 0.773936273690614 0.315186588910557 0.362605617972939 0.411663411127779 0.826868029231262 0 0.486486486486486 0.604342696621565 0.194894663538594 0.229331929033475 0.362605617972939 0.616311040594129 0.773936273690614
"15" 0.996707508896528 0.920507371131157 0.702702702702703 0.687995787100425 0.486486486486486 0.556520548161459 0.411663411127779 0.464990554975277 0.389789327077188 0.422175658157116 0.229331929033475 0.194894663538594 0.362605617972939 0.486486486486486 0 0.152887952688983 0.616311040594129 0.362605617972939 0.229331929033475 0.194894663538594 0.315186588910557
"16" 1.14920495272807 1.07294233736644 0.773936273690614 0.840883739789408 0.604342696621565 0.616311040594129 0.489480277737158 0.512801782730007 0.445741148715423 0.574602476364035 0.382219881722458 0.346114823645019 0.346114823645019 0.604342696621565 0.152887952688983 0 0.704778638400286 0.435797716124246 0.275622676410421 0.0540540540540541 0.170933927576669
"17" 0.920507371131157 0.864864864864865 1.18549795672764 0.657595949221429 0.879936248437822 1.08108108108108 0.929981109950554 1.01988985211423 0.94555976673167 0.509944926057114 0.540540540540541 0.584683990615782 0.97447331769297 0.194894663538594 0.616311040594129 0.704778638400286 0 0.27027027027027 0.432432432432432 0.702702702702703 0.864864864864865
"18" 0.97447331769297 0.906111060229201 1.00546352636423 0.668611723073134 0.725211235945878 0.879936248437822 0.727222921463444 0.803571283638838 0.727222921463444 0.432432432432432 0.362605617972939 0.389789327077188 0.725211235945878 0.229331929033475 0.362605617972939 0.435797716124246 0.27027027027027 0 0.162162162162162 0.432432432432432 0.594594594594595
"19" 1.03975048982007 0.966948314594504 0.918918918918919 0.725211235945878 0.668611723073134 0.779578654154376 0.630373177821114 0.692229647290038 0.616311040594129 0.461838040287434 0.324324324324324 0.328797974610715 0.584683990615782 0.362605617972939 0.229331929033475 0.275622676410421 0.432432432432432 0.162162162162162 0 0.27027027027027 0.432432432432432
"20" 1.19041705651596 1.11435287178856 0.826868029231262 0.879936248437822 0.657595949221429 0.668611723073134 0.543236520060589 0.564340892373543 0.498353754448264 0.611551810755933 0.422175658157116 0.389789327077188 0.389789327077188 0.616311040594129 0.194894663538594 0.0540540540540541 0.702702702702703 0.432432432432432 0.27027027027027 0 0.162162162162162
"21" 1.29954759785636 1.22310362151187 0.810810810810811 0.996707508896528 0.702702702702703 0.648648648648649 0.551245352820842 0.540540540540541 0.489480277737158 0.735214622093808 0.540540540540541 0.498353754448264 0.328797974610715 0.773936273690614 0.315186588910557 0.170933927576669 0.864864864864865 0.594594594594595 0.432432432432432 0.162162162162162 0
