"V1" "V2" "V3" "V4" "V5" "V6" "V7" "V8" "V9" "V10" "V11" "V12" "V13" "V14" "V15" "V16" "V17" "V18" "V19" "V20" "V21"
"1" 0 0.0585310590056266 0 0 0 0 0.138203889177782 0 0 0 0 0 0.325247015521398 0 0 0.101173500333769 0.180660873748648 0.147510878347408 0 0 0
"2" 0.139558932305002 0 0.28181798722121 0 0 0 0 0.24189842728752 0 0 0.34821555959309 0.173405767733062 0.248483242284447 0 0.256675522322905 0 0 0.171853604305824 0 0 0
"3" 0 0.13773313054766 0 0 0.155854274746184 0.15803592415749 0 0 0 0 0.18085341235109 0 0 0 0 0 0 0 0 0 0
"4" 0 0 0 0 0.146572010775647 0 0 0 0 0 0 0 0 0.147212637835834 0 0 0 0 0 0 0.324006958204474
"5" 0 0 0.362281586163374 0.455551299938616 0 0.182186328000655 0.101489540992218 0.338356006664211 0 0 0 0 0 0 0 0.0999961190869597 0 0 0 0 0
"6" 0 0 0.321317722952361 0 0.143314669552532 0 0 0 0 0 0 0.329003957488004 0 0.146583100216904 0 0.103484339913422 0 0.112438159183715 0 0 0.213575967113659
"7" 0.162430152767925 0 0 0 0.182796691924124 0 0 0 0 0 0.192687688593146 0 0.158418372566288 0.165898937775205 0.147895234985277 0.104868768841387 0 0.150330216162957 0 0 0
"8" 0 0.102859055613238 0 0 0.1265594964695 0 0 0 0 0 0 0 0 0 0 0.100923695177404 0 0 0.363274550697322 0 0
"9" 0 0 0 0 0 0 0 0 0 0.221988430950783 0 0 0 0 0 0 0.251799793295512 0 0 0 0
"10" 0 0 0 0 0 0 0 0 0.480045398083371 0 0 0.212783292629716 0 0 0 0 0.208998875374157 0 0 0.555392752230303 0
"11" 0 0.114322143526632 0.271331120444384 0 0 0 0.0994082505628016 0 0 0 0 0 0 0 0 0 0 0.17113787817408 0 0 0.28964648528501
"12" 0 0.0996273055780893 0 0 0 0.109251015322838 0 0 0 0.284324506407864 0 0 0 0 0 0.08882301799598 0 0 0 0 0
"13" 0.166459625484038 0.148515895522502 0 0 0 0 0.105579591364357 0 0 0 0 0 0 0.0727721893388006 0 0 0 0 0 0 0
"14" 0 0 0 0.310688900265175 0 0.11344379596844 0.101957696602997 0 0 0 0 0 0.298559540909883 0 0 0.0907686717587636 0 0.127068387942108 0 0.552023920198385 0
"15" 0 0.143683333506413 0 0 0 0 0.123903029947796 0 0 0 0 0 0 0 0 0.0788646579536904 0.289904430891579 0 0.255803563931584 0 0
"16" 0.178598130722332 0 0 0 0.1467161146205 0.121545078740906 0.11390421803776 0.211520478150633 0 0 0 0.241534923048587 0 0.140176031218802 0.169385467488888 0 0 0.134858769819605 0.31727510266132 0 0.213363320832585
"17" 0.177160632029461 0 0 0 0 0 0 0 0.466275272459871 0.249853342804509 0 0 0 0 0.177808820854356 0 0 0 0.220698642068216 0 0
"18" 0.141043348646879 0.102754678962284 0 0 0 0.180761140789568 0.166432046741198 0 0 0 0.177360343608352 0 0 0.138892171611856 0 0.100682242559285 0 0 0 0 0
"19" 0 0 0 0 0 0 0 0.246167475921808 0 0 0 0 0 0 0.253134171679151 0.077010472730556 0.150162720460401 0 0 0 0
"20" 0 0 0 0 0 0 0 0 0 0.329067194293847 0 0 0 0.121232215928794 0 0 0 0 0 0 0
"21" 0 0 0 0.325988970669592 0 0.174684233087275 0 0 0 0 0.169953387473899 0 0 0 0 0.106789846171814 0 0 0 0 0
