"V1" "V2" "V3" "V4" "V5" "V6" "V7" "V8" "V9" "V10" "V11" "V12" "V13" "V14" "V15" "V16" "V17" "V18" "V19" "V20" "V21"
"1" 0 0 0 0 0 0 0 0 1 1 0 1 1 1 0 0 0 1 1 1 1
"2" 0 0 0 0 0 0 0 0 0 1 0 0 0 0 1 1 0 0 0 0 0
"3" 0 0 0 1 0 0 1 1 0 1 1 1 0 1 1 1 1 1 0 0 0
"4" 0 0 1 0 1 1 1 1 1 0 1 1 1 1 1 0 1 1 0 0 0
"5" 0 0 0 1 0 1 0 0 1 0 0 0 1 1 0 0 0 0 0 0 0
"6" 0 0 0 1 1 0 1 1 1 0 0 1 1 1 0 0 0 1 0 0 0
"7" 0 0 1 1 0 1 0 1 0 0 1 1 0 1 1 1 1 1 0 0 0
"8" 0 0 1 1 0 1 1 0 0 0 1 0 0 1 1 0 1 1 0 0 0
"9" 1 0 0 1 1 1 0 0 0 0 0 1 1 1 0 0 0 1 0 1 0
"10" 1 1 1 0 0 0 0 0 0 0 0 1 1 1 1 1 0 1 1 1 1
"11" 0 0 1 1 0 0 1 1 0 0 0 0 0 0 1 0 1 0 0 0 0
"12" 1 0 1 1 0 1 1 0 1 1 0 0 1 1 1 1 1 1 1 1 1
"13" 1 0 0 1 1 1 0 0 1 1 0 1 0 1 0 0 0 1 1 1 1
"14" 1 0 1 1 1 1 1 1 1 1 0 1 1 0 1 1 1 1 1 1 0
"15" 0 1 1 1 0 0 1 1 0 1 1 1 0 1 0 1 1 1 1 0 0
"16" 0 1 1 0 0 0 1 0 0 1 0 1 0 1 1 0 1 1 0 0 0
"17" 0 0 1 1 0 0 1 1 0 0 1 1 0 1 1 1 0 1 0 0 0
"18" 1 0 1 1 0 1 1 1 1 1 0 1 1 1 1 1 1 0 1 0 0
"19" 1 0 0 0 0 0 0 0 0 1 0 1 1 1 1 0 0 1 0 1 1
"20" 1 0 0 0 0 0 0 0 1 1 0 1 1 1 0 0 0 0 1 0 1
"21" 1 0 0 0 0 0 0 0 0 1 0 1 1 0 0 0 0 0 1 1 0
