"V1" "V2" "V3" "V4" "V5" "V6" "V7" "V8" "V9" "V10" "V11" "V12" "V13" "V14" "V15" "V16" "V17" "V18" "V19" "V20" "V21"
"1" 0 0 0 0 0 0 0 0 0.112996695221177 0.100759889208428 0 0.0625754111239854 0.0570306760496545 0.0545687195236035 0 0 0 0.0704563300753769 0.107352436997264 0.0679090357487692 0.18107381295658
"2" 0 0 0 0 0 0 0 0 0 0.0640858305850553 0 0 0 0 0.0696425381045183 0.127146824740606 0 0 0 0 0
"3" 0 0 0 0.0747573521474012 0 0 0.0869758645650197 0.1260939922903 0 0.078232159023425 0.176040598045916 0.0513107011855468 0 0.047049971395514 0.047225883344174 0.0953279781828838 0.0872921003911627 0.0903592580671039 0 0 0
"4" 0 0 0.073573989946054 0 0.151013789502196 0.114758781617602 0.0498148989775426 0.105280110934159 0.175248144541188 0 0.148975579492925 0.0548081067465994 0.113930608561817 0.0572644555996478 0.0639063762235775 0 0.0838534226225707 0.0691132462608794 0 0 0
"5" 0 0 0 0.075607016512946 0 0.118133865944241 0 0 0.115009034026207 0 0 0 0.0769762657430099 0.0684984544651527 0 0 0 0 0 0 0
"6" 0 0 0 0.0521608947117149 0.166059956418972 0 0.094651877119209 0.0863782241333457 0.108078420951335 0 0 0.0937206835332473 0.0675978443861386 0.0494970324886658 0 0 0 0.0630157450381592 0 0 0
"7" 0 0 0.0956536715072892 0.045879460602245 0 0.125636702236731 0 0.0862102801346249 0 0 0.209750306030679 0.0640159919866371 0 0.0519736060275933 0.108128622584078 0.0824768760414548 0.0959379687909753 0.0674135736978996 0 0 0
"8" 0 0 0.0838410523767569 0.0934302357973984 0 0.121665514114449 0.0781552506807875 0 0 0 0.196782006420459 0 0 0.0532896047801644 0.0990790831492796 0 0.0690949556065046 0.0890433409611006 0 0 0
"9" 0.0545526174833139 0 0 0.0470313386436524 0.185056420671631 0.0769943313943056 0 0 0 0 0 0.0575009674189028 0.0624096207853862 0.0644052045939408 0 0 0 0.0694020644280395 0 0.107141180790632 0
"10" 0.133061395430927 0.323083936016384 0.0784724386998152 0 0 0 0 0 0 0 0 0.0819347963965884 0.0854514181310955 0.073004580792844 0.0807483401799368 0.113498269352297 0 0.0299211143876188 0.0962072178367389 0.165261633399321 0.155856307332952
"11" 0 0 0.0733490974766471 0.0749257525125392 0 0 0.0890928276577308 0.113256175886479 0 0 0 0 0 0 0.0760226820258845 0 0.146707158491537 0 0 0 0
"12" 0.0794148521643257 0 0.100600130038443 0.0628229707602427 0 0.110355221926983 0.118998605804193 0 0.115915202533305 0.0714857230903245 0 0 0.0964076836973926 0.0544912873916681 0.0679892870544372 0.095656654856537 0.122632222629629 0.0637653769640472 0.112926008400604 0.0877879128728178 0.202814621275925
"13" 0.157706493570032 0 0 0.0527109513346333 0.182323256992629 0.136182112409373 0 0 0.096428711748948 0.0730553884508074 0 0.054707418719585 0 0.059238745165596 0 0 0 0.0590306634736128 0.124373058625693 0.127241854196948 0.134138610943053
"14" 0.145652384716244 0 0.0754181605351626 0.0242956915453259 0.235647512817654 0.128853459833118 0.104179849052237 0.111147536854133 0.0894781335628275 0.0772380534100519 0 0.0750269792413811 0.0927260597608609 0 0.0420757901392076 0.0941569407481206 0.0813042486355974 0.0655451896599529 0.13614573389788 0.137594237585193 0
"15" 0 0.34696639158968 0.0860906163477818 0.0851061568460731 0 0 0.105201022610984 0.12160476850508 0 0.0710376075046456 0.167746020853 0.0543206125547589 0 0.062014715172784 0 0.0866614916484825 0.0983709844787045 0.0569087240100843 0.119772735040277 0 0
"16" 0 0.317157969494109 0.120932897436533 0 0 0 0.0981100746453423 0 0 0.0960956257178723 0 0.0538798054902261 0 0.0590662095262316 0.0765919129805559 0 0.0898596647750636 0.0726137136898574 0 0 0
"17" 0 0 0.0742638822367423 0.0793681692583418 0 0 0.0945375395336957 0.115470421166245 0 0 0.215747263960337 0.0757473602500903 0 0.0562116362654751 0.0585022632729218 0.139468685135931 0 0.0645137876176791 0 0 0
"18" 0.139943656606761 0 0.0686682354448936 0.0713917512576875 0 0.0989691218223125 0.096452985975347 0.0762383410764495 0.0989537484707271 0.10094605541192 0 0.0605542791025491 0.100224289590605 0.0799483556398789 0.0658294917250345 0.137840576181523 0.084250466522107 0 0.117799495642719 0 0
"19" 0.0961188729874054 0 0 0 0 0 0 0 0 0.0936221770184648 0 0.0750494834728376 0.079266037442956 0.0584895716490812 0.0823338165304938 0 0 0.0655208555741045 0 0.0911711078224096 0.161404879223189
"20" 0.110247574879682 0 0 0 0 0 0 0 0.114470701531756 0.0923698526551995 0 0.0576525751708948 0.0950573575938661 0.0514150242719238 0 0 0 0 0.0933481297502025 0 0.149329463566364
"21" 0.092267765723538 0 0 0 0 0 0 0 0 0.0825536380553915 0 0.0770559303196949 0.0853850318841391 0 0 0 0 0 0.0928923279513253 0.161310085075992 0
