"V1" "V2" "V3" "V4" "V5" "V6" "V7" "V8" "V9" "V10" "V11" "V12" "V13" "V14" "V15" "V16" "V17" "V18" "V19" "V20" "V21" "V22" "V23" "V24" "V25" "V26" "V27" "V28" "V29" "V30" "V31" "V32" "V33" "V34" "V35" "V36" "V37" "V38" "V39" "V40" "V41" "V42"
"1" 0 0 0 0.0790643917365888 0 0 0 0 0 0.115479521613035 0 0.262999382902784 0 0 0.147520738357343 0 0 0.0743801283530042 0 0 0 0 0 0.0965516019495651 0 0.169225987045637 0 0 0 0 0.0873844048850594 0 0 0.151161452692732 0 0 0 0 0 0 0 0
"2" 0 0 0.0580798823380585 0 0.0690955054648959 0.0586610105455752 0 0.0654269169461412 0 0 0 0 0.0736251033157203 0 0 0 0.090030585240082 0 0.193210221559394 0.0964518520045859 0 0.0839411228468918 0 0 0.0671007122943196 0 0 0 0 0 0 0 0.0736578489056788 0 0.0963027115050678 0 0 0 0.0883604027476037 0 0 0.0962292992072567
"3" 0 0.0850749163250548 0 0 0.0443984542952434 0.0776418896525805 0.0615516952676587 0.0724189103790319 0 0 0.0465874680243759 0 0 0 0 0 0.0811963022120748 0.0661280927558856 0 0 0 0 0 0 0.0592180709001953 0 0 0 0.102699713247913 0.0751278331029221 0 0 0.0653117207158335 0 0.106823619941834 0 0.0570055005154787 0 0 0 0 0.0899534168682915
"4" 0.0872232131616158 0 0 0 0 0 0 0 0.111777460660867 0 0 0 0.0987253690425954 0.12133673817613 0.110553651905166 0 0 0.0877222812961429 0 0 0.0974859259374706 0 0.131321198517545 0.111676389099579 0 0 0 0 0.0800501995586864 0 0 0 0 0.111560090908322 0 0 0.0805904525167714 0 0 0 0 0
"5" 0 0.05149318007899 0.0725241526328737 0 0 0.0753421067599557 0.0748912215497099 0.0962698071119007 0 0 0.0936577821173619 0 0.0663422601518371 0 0 0 0.104388692626826 0.107696821194256 0 0 0 0 0 0 0.0918666410601713 0 0 0 0.0900372606097855 0.0616845381820676 0 0 0.0476955568545883 0 0 0 0.0834795899323957 0 0 0 0 0.0594623003265207
"6" 0 0.0609336345573397 0.0749434816572159 0 0.0815718240941545 0 0.0694017810477468 0.0910561314311243 0 0 0 0 0 0 0 0 0.0853530852541139 0 0 0.10645939814012 0 0 0 0 0.0596083447922701 0 0 0 0.0786499472079816 0.0814623069789807 0 0 0.058877612286433 0 0.122685241726483 0 0.0757863415245064 0 0 0 0 0.105309698146131
"7" 0 0 0.0606506112530819 0 0.0775328778654393 0.0755940806269331 0 0.0681824410390569 0 0 0.0617278204385746 0 0 0 0 0 0.0753224441871523 0 0 0 0 0 0 0 0.0569235448941629 0 0.125647996618073 0 0.0636528894599035 0.0633000524928451 0 0 0.0906612774740658 0 0.0988413873104698 0 0.0628958468827921 0.242427498733462 0 0 0 0
"8" 0 0.0715315231039821 0.0528470739265108 0 0.0913587800976373 0.0794845563295122 0.0897900546107779 0 0 0 0 0 0 0 0 0 0.0950372464658386 0 0 0.116269285794229 0 0 0 0 0.0847115640566781 0 0 0 0 0.0415232286765342 0 0 0.0768316350168555 0 0.0855859481594456 0 0 0 0 0 0 0.0623252500699202
"9" 0 0 0 0.0805836945357114 0 0 0 0 0 0 0 0 0.11091773383256 0.108090542944654 0 0 0 0 0 0 0.116126940998521 0.105499448883103 0.0958449385581463 0 0 0 0 0.132152101250163 0 0 0 0 0 0 0 0 0 0 0.0834809730355316 0.126705795671634 0 0
"10" 0.0624622609776483 0 0 0 0 0 0 0 0 0 0.0677177401613225 0.307075188662881 0 0 0 0 0 0.09769755939376 0 0 0 0 0 0.0876080817881808 0 0.19563400426465 0 0 0 0 0.127834490041175 0 0 0 0 0.10761550339541 0 0 0 0 0 0
"11" 0 0 0.0823368359396046 0 0.0493730742355636 0 0.0932612993975973 0 0 0.140287669782358 0 0 0 0 0 0.180042293013608 0 0.0770871819386677 0 0 0 0 0 0.0870639695674009 0 0 0.191782500433782 0 0.0704633123842471 0.0713884987062011 0.103356725123398 0.131961785789046 0 0 0 0.0918662508529723 0.06399033120989 0 0 0 0.150019163849435 0
"12" 0.116466194552873 0 0 0 0 0 0 0 0 0.135780868565029 0 0 0 0 0 0 0 0 0 0 0 0 0 0 0 0.225542770937763 0 0 0 0 0.10967520685113 0 0 0 0 0 0 0 0 0 0 0
"13" 0 0.06623364188509 0 0.0637016385263485 0.0724100454111024 0 0 0 0.116520568238245 0 0 0 0 0 0 0 0 0 0 0 0.0981013648160156 0.161679675051292 0.118775120169076 0 0.0747890761537329 0 0 0 0.102340787195364 0 0 0 0.0633902244267155 0 0 0 0.0591456170084428 0 0.0998477929658447 0.0705180801189112 0 0
"14" 0 0 0 0.089832372006165 0 0 0 0 0.138092566439433 0 0 0 0 0 0.121795282164044 0 0 0 0 0 0.091701916787918 0 0.115970188593695 0 0 0 0 0.166771004053852 0 0 0 0 0 0.240773796979913 0 0 0 0 0 0.133786958295318 0 0
"15" 0.117210564145227 0 0 0.0649695887162634 0 0 0 0 0 0 0 0 0 0.103273844135872 0 0 0 0.0747184934515749 0 0 0.0929769329134387 0 0 0 0 0.182145138310392 0 0 0 0 0.106275082823753 0 0 0.195471012038535 0 0 0 0 0 0 0 0
"16" 0 0 0 0 0 0 0 0 0 0 0.0386759198731759 0 0 0 0 0 0 0 0 0 0 0 0 0 0 0 0.149801285312962 0 0 0 0 0.177602710076688 0 0 0 0.100255976858075 0 0 0 0 0.132087362106188 0
"17" 0 0.0957273459579115 0.0708005906921985 0 0.0464123780422289 0.0739950541670112 0.0941300329318165 0.106574158845834 0 0 0 0 0 0 0 0 0 0 0 0.102899494005152 0 0 0 0 0.0573304542556497 0 0 0 0 0.0865856433498966 0 0 0.0549839087245371 0 0.123139680074163 0 0 0 0 0 0 0.0914919356344603
"18" 0.135555723592742 0 0.0682397971985774 0.120813018118149 0.0797444062654798 0 0 0 0 0.137028460179491 0.0568971370403947 0 0 0 0.144592207050711 0 0 0 0 0 0.137346435135965 0 0 0.0730283974423879 0 0 0 0 0.0783765036984184 0 0.103069848775935 0 0 0 0 0 0.0637857763086337 0 0 0 0 0
"19" 0 0.0534184410733384 0 0 0 0 0 0 0 0 0 0 0 0 0 0 0 0 0 0.0907364042592285 0 0.158466065573284 0 0 0 0 0 0 0 0 0 0 0 0 0 0 0 0 0.118658040949402 0 0 0.0568639975248001
"20" 0 0.0946095969437771 0 0 0 0.0652138773255264 0 0.0890082197276216 0 0 0 0 0 0 0 0 0.0802669399822847 0 0.185101297623749 0 0 0 0 0 0.0572736454431957 0 0 0 0 0 0 0 0.0794620365421962 0 0.0851478134747024 0 0 0 0.139186041392347 0 0 0.0981687077168512
"21" 0 0 0 0.0769626055071692 0 0 0 0 0.112917352584834 0 0 0 0.0580437435433499 0.124058668290347 0.105202976636688 0 0 0.071161423503554 0 0 0 0 0.107143357840415 0 0 0 0 0.191852521158707 0 0 0 0 0 0.146887545080196 0 0 0 0 0 0.113578877406609 0 0
"22" 0 0.0601298799837983 0 0 0 0 0 0 0.0971573728787027 0 0 0 0.0422986010053387 0 0 0 0 0 0.197531875789307 0 0 0 0.0768306229249381 0 0 0 0 0 0 0 0 0 0 0 0 0 0 0 0.122903310269823 0.121781144047988 0 0
"23" 0 0 0 0.0493577177701938 0 0 0 0 0.134177180350612 0 0 0 0.0626494013589211 0.121546418658286 0 0 0 0 0 0 0.0764279896852412 0.13958052540103 0 0 0 0 0 0.131775555009707 0 0 0 0 0 0 0 0 0 0 0.0785220095844707 0.15701604196012 0 0
"24" 0.0652341079657469 0 0 0.0953975831236073 0 0 0 0 0 0.105484640173886 0.0835434982209912 0 0 0 0 0 0 0.0779673998118037 0 0 0 0 0 0 0 0 0 0 0.116932304167249 0 0.081410403395514 0 0 0 0 0.13420827853407 0.0436864532936479 0 0 0 0.170066032490309 0
"25" 0 0.0839918841147947 0.0512220004795126 0 0.0607664750814329 0.102751795252594 0.0770895927530806 0.0711575188394186 0 0 0 0 0.0862053049378755 0 0 0 0.0902578944209129 0 0 0.0758714370487884 0 0 0 0 0 0 0 0 0.0902948871431161 0.0813433840036952 0 0 0.0703859448309588 0 0.0638077248263753 0 0.0576935825723288 0 0 0 0 0.056126578132492
"26" 0.13384950509479 0 0 0 0 0 0 0 0 0.148563732956951 0 0.258986343001015 0 0 0.109718235256165 0 0 0 0 0 0 0 0 0 0 0 0 0 0 0 0.122112779036867 0 0 0 0 0 0 0 0 0 0 0
"27" 0 0 0 0 0 0 0.064984552405181 0 0 0 0.0629995427940559 0 0 0 0 0.260152353354326 0 0 0 0 0 0 0 0 0 0 0 0 0 0.0635881368010169 0 0.174380694949688 0 0 0 0.127723459549393 0 0.199803273053012 0 0 0.127544027543981 0
"28" 0 0 0 0 0 0 0 0 0.102383778963507 0 0 0 0 0.122267358686383 0 0 0 0 0 0 0.0866805398390287 0 0.134722553139888 0 0 0 0 0 0 0 0 0 0 0.179988262346655 0 0 0 0 0 0.115806630141193 0 0
"29" 0 0 0.0487579495894808 0.114973951548797 0.0761563188297659 0.0629082862180961 0.0896214380329974 0 0 0 0.0641472428828306 0 0.0797387739600326 0 0 0 0 0.0661020203235315 0 0 0 0 0 0.105113961707037 0.0523915742224652 0 0 0 0 0.0690494472453537 0 0 0.0917694788610099 0 0 0 0.0429641775339087 0 0 0 0 0
"30" 0 0 0.0630303344352623 0 0.0678364328725204 0.084949630733187 0.0588017812257339 0.0915160615206542 0 0 0.0624444031122914 0 0 0 0 0 0.0641295903694396 0 0 0 0 0 0 0 0.0686489329330568 0 0.102701660255418 0 0.0652409828697405 0 0 0.143821368075088 0.0589684799447943 0 0.105565904357027 0 0.0670465978426268 0.255003282575876 0 0 0 0
"31" 0.0946465810876651 0 0 0 0 0 0 0 0 0.130415910026739 0.0639214274009164 0.221431134068983 0 0 0.109083324310333 0 0 0.0864052665126228 0 0 0 0 0 0.107067305902685 0 0.227377840435328 0 0 0 0 0 0 0 0 0 0.116111967894934 0.0613516050004265 0 0 0 0 0
"32" 0 0 0 0 0 0 0 0 0 0 0.0571395404953193 0 0 0 0 0.259886928699206 0 0 0 0 0 0 0 0 0 0 0.0771381071663019 0 0 0.0566206264585216 0 0 0 0 0 0.133885617312147 0 0.294630431029829 0 0 0.115649511044723 0
"33" 0 0.0681339426603741 0.0759355972607667 0 0.059731033214042 0.0587020045412771 0.0827005035138145 0.108315221764299 0 0 0 0 0.0645009245743767 0 0 0 0.0757419017745188 0 0 0.0997371805652089 0 0 0 0 0.0528268961079622 0 0 0 0.0803638359242036 0.0647813013291513 0 0 0 0 0.0841562200982837 0 0 0 0.0928987089646819 0 0 0.0803267361295561
"34" 0.103539357045955 0 0 0.0854749580797856 0 0 0 0 0 0 0 0 0 0.108270111524744 0.133799340067879 0 0 0 0 0 0.146249179637193 0 0 0 0 0 0 0.200719848925236 0 0 0 0 0 0 0 0 0 0 0 0 0 0
"35" 0 0.0592971132854365 0.0967971957169692 0 0 0.0578087373252428 0.0683507022753276 0.0921370579539665 0 0 0 0 0 0 0 0 0.111669483608161 0 0 0.106405226479388 0 0 0 0 0.0547983404424253 0 0 0 0 0.0707225936123753 0 0 0.0731869820133875 0 0 0 0 0 0 0 0 0.0819799121199487
"36" 0 0 0 0 0 0 0 0 0 0.103982975510521 0.068365197850777 0 0 0 0 0.145046915486091 0 0 0 0 0 0 0 0.0994737736170705 0 0 0.094613523908558 0 0 0 0.105292267404601 0.0611980924375135 0 0 0 0 0.0839210555365951 0 0 0 0.114978610930707 0
"37" 0 0 0.0885094175947811 0.0658095212116592 0.0562058126606409 0.0809117947408301 0.074608189714753 0 0 0 0.0648765008553139 0 0.0714110948607038 0 0 0 0 0.0728262719887554 0 0 0 0 0 0.124667318901878 0.0855870567841463 0 0 0 0.0541333169057097 0.0632867969102845 0.0643495720243028 0 0 0 0 0.0845075849260385 0 0 0 0 0.11366289331944 0
"38" 0 0 0 0 0 0 0.0895431679479641 0 0 0 0 0 0 0 0 0 0 0 0 0 0 0 0 0 0 0 0.149134782773655 0 0 0.0748444658822 0 0.121383451749747 0 0 0 0 0 0 0 0 0 0
"39" 0 0.0717057970689458 0 0 0 0 0 0 0.14039972807425 0 0 0 0.0856566054028749 0 0 0 0 0 0.210781557968764 0.102310939233903 0 0.167745090916583 0.115645003897907 0 0 0 0 0 0 0 0 0 0.0474529905470783 0 0 0 0 0 0 0.10110531428056 0 0.0933467665663397
"40" 0 0 0 0 0 0 0 0 0.132380883133558 0 0 0 0.0528925883776742 0.0939786486202022 0 0 0 0 0 0 0.0974648304186692 0.147079804389282 0.114975174923926 0 0 0 0 0.193028169421558 0 0 0 0 0 0 0 0 0 0 0.0842326551320209 0 0 0
"41" 0 0 0 0 0 0 0 0 0 0 0.0573573294328079 0 0 0 0 0.286827608063879 0 0 0 0 0 0 0 0.108184323349455 0 0 0.121672558132891 0 0 0 0 0.184091189608723 0 0 0 0.101146574801185 0.0659413697471667 0 0 0 0 0
"42" 0 0.0514360601406404 0.0630647223279463 0 0.0747697531529442 0.060052637102786 0 0.106626585459409 0 0 0 0 0 0 0 0 0.0784936966571795 0 0.107505105806141 0.0888810803658823 0 0 0 0 0.0679978920971674 0 0 0 0 0 0 0 0.0674561640122541 0 0.0749036381029901 0 0 0 0.127429403458035 0 0 0
