"V1" "V2" "V3" "V4" "V5" "V6" "V7" "V8" "V9" "V10" "V11" "V12" "V13" "V14" "V15" "V16" "V17" "V18" "V19" "V20" "V21"
"1" 0 0 0 0.299385032584095 0 0 0 0 0 0 0 0 0 0 0 0 0 0 0 0 0
"2" 0 0 0 0.210896316097636 0.268251191285977 1.26731746978272 0 0 0 0 0 0 0 0 0 0 0 0 0 0 0
"3" 0 0 0 0 0.297868743265763 0 0 0 0 0 0 0 0 0 0 0 0 0 0 0 0
"4" 0.618968550445479 0.204427891172116 0 0 0 0 0 0 0 0 0.287000337548408 0 0 0 0 0 0 0 0 0 0
"5" 0 0.316315525280715 0.619095097232012 0 0 0 0.303622335843517 0 0 0 0 0 0 0 0 0 0 0 0 0 0
"6" 0 0.228511719505266 0 0 0 0 0 0 0 0 0 0 0 0 0 0 0 0 0 0 0
"7" 0 0 0 0 0.241544666211989 0 0 0.592772230001876 0 0 0 0 0 0 0 0 0 0 0 0 1.06836679747237
"8" 0 0 0 0 0 0 0.385634358486858 0 0 0 0 0 0 0 0 0 0 0 0 0 0
"9" 0 0 0 0 0 0 0 0 0 0 0.182349541217523 0 0 0 0 0 0 0 0 0 0
"10" 0 0 0 0 0 0 0 0 0 0 0 0.264636289314104 0 0 0 0 0 0 0 0 0
"11" 0 0 0 0.264332066265167 0 0 0 0 1.24728778484914 0 0 0.188417967869444 0 0 0 0 0 0 0 0 0
"12" 0 0 0 0 0 0 0 0 0 0.93748581876275 0.325853539574675 0 0 0.305596266275143 0 0 0 0.952296003707489 0 0 0
"13" 0 0 0 0 0 0 0 0 0 0 0 0 0 0 0.379614863225358 0 0 0 0 0 0
"14" 0 0 0 0 0 0 0 0 0 0 0 0.281079313426431 0 0 0.218945259703064 0 0.301491991051686 0 0 0 0
"15" 0 0 0 0 0 0 0 0 0 0 0 0 0.862378898826482 0.382741434577727 0 1.02758973370857 0 0 0 0 0
"16" 0 0 0 0 0 0 0 0 0 0 0 0 0 0 0.417705694589101 0 0 0 0 0 0
"17" 0 0 0 0 0 0 0 0 0 0 0 0 0 0.383262873940312 0 0 0 0 1.1524556201076 0.927661010080217 0
"18" 0 0 0 0 0 0 0 0 0 0 0 0.318872257129933 0 0 0 0 0 0 0 0 0
"19" 0 0 0 0 0 0 0 0 0 0 0 0 0 0 0 0 0.32325616590927 0 0 0 0
"20" 0 0 0 0 0 0 0 0 0 0 0 0 0 0 0 0 0.275025789423236 0 0 0 0
"21" 0 0 0 0 0 0 0.354733777586609 0 0 0 0 0 0 0 0 0 0 0 0 0 0
