"V1" "V2" "V3" "V4" "V5" "V6" "V7" "V8" "V9" "V10" "V11" "V12" "V13" "V14" "V15" "V16" "V17" "V18" "V19" "V20" "V21"
"1" 0 0 0 0.263250345199289 0 0 0 0 0 0 0 0 0 0 0 0 0 0 0 0 0
"2" 0 0 0 0.313367440150893 0.40482257990317 0 0.998430525952644 0 0 0 0 0 0 0 0 0 0 0 0 0 0
"3" 0 0 0 0 0.289638450788309 0 0 0 0 0 0 0 0 0 0 0 0 0 0 0 0
"4" 1.19300368464706 0.412248708679649 0 0 0 0 0 0 0 0.331584212726393 0 0 0 0 0 0 0 0 0 0 0
"5" 0 0.329073427321369 0.777398032156413 0 0 0 0 0.285965511258456 0 0 0 0 0 0 0 0 0 0 0 0 0
"6" 0 0 0 0 0 0 0 0.289133651201684 0 0 0 0 0 0 0 0 0 0 0 0 0
"7" 0 0.370631984028871 0 0 0 0 0 0 0 0 0 0 0 0 0 0 0 0 0 0 0
"8" 0 0 0 0 0.32140617884703 1.03952976284189 0 0 0.407029462439329 0 0 0 0 0 0 0 0 0 0 0 0
"9" 0 0 0 0 0 0 0 0.246750920982922 0 0 0 0 0.415124637074895 0.950495711206 0 0 0 0 0 0 0
"10" 0 0 0 0.272965448200986 0 0 0 0 0 0 1.08445391458634 0 0 0 0 0 0 0 1.21191023083272 0 0
"11" 0 0 0 0 0 0 0 0 0 0.362214919993062 0 0 0 0 0 0 0 0 0 0 0
"12" 0 0 0 0 0 0 0 0 0 0 0 0 0.374055632142074 0 0 0 0 0 0 0 0
"13" 0 0 0 0 0 0 0 0 0.345645586308224 0 0 0.793003212484278 0 0 0.307620853465091 0 0 0 0 0 0
"14" 0 0 0 0 0 0 0 0 0.374741450957569 0 0 0 0 0 0 0 0 0 0 0 0
"15" 0 0 0 0 0 0 0 0 0 0 0 0 0.378701800734606 0 0 0 0.282131560501252 0.768140232894624 0 0 0
"16" 0 0 0 0 0 0 0 0 0 0 0 0 0 0 0 0 0.275663535292908 0 0 0 0
"17" 0 0 0 0 0 0 0 0 0 0 0 0 0 0 0.381060057522415 0.961683462446919 0 0 0 1.06111082109014 1.07531226476748
"18" 0 0 0 0 0 0 0 0 0 0 0 0 0 0 0.347557560943995 0 0 0 0 0 0
"19" 0 0 0 0 0 0 0 0 0 0.38906408840061 0 0 0 0 0 0 0 0 0 0 0
"20" 0 0 0 0 0 0 0 0 0 0 0 0 0 0 0 0 0.221666057068543 0 0 0 0
"21" 0 0 0 0 0 0 0 0 0 0 0 0 0 0 0 0 0.223595439117425 0 0 0 0
