"V1" "V2" "V3" "V4" "V5" "V6" "V7" "V8" "V9" "V10" "V11" "V12" "V13" "V14" "V15" "V16" "V17" "V18" "V19" "V20" "V21"
"1" 0 0 0 0 0 0 0 0 0 0 0 0 0.156288729491742 0 0.0986038006542132 0 0 0 0 0 0.160467107051717
"2" 0 0 0 0 0 0 0 0 0 0 0 0 0 0 0 0 0 0.277208046787419 0 0 0
"3" 0 0 0 0 0 0 0.0901899080435515 0 0.174132479461205 0.183501730063149 0 0.111055565399975 0 0 0 0.146588080955183 0 0 0 0 0
"4" 0 0 0 0 0.0960117343064063 0 0 0 0 0 0.176808873883744 0.119587230717488 0 0 0.123315294569257 0 0.174966929684137 0 0 0 0.136526447870371
"5" 0 0 0 0.127896628471811 0 0.197866349755787 0.106776034320209 0 0 0 0 0 0 0.297588618121522 0 0 0 0 0.162001995738144 0.232525352925331 0
"6" 0 0 0 0 0.136551218120079 0 0 0.211443084908207 0 0 0 0 0 0 0 0.115600195825727 0 0 0.152802425066379 0 0.104897157722053
"7" 0 0 0.22697235915784 0 0.1690200752277 0 0 0.323788521921811 0.238215019703437 0.14625436397576 0 0.0791577647146561 0.157283803385357 0 0 0 0.131608451676201 0 0 0.273975179667734 0.164028144656348
"8" 0 0 0 0 0 0.225344959841366 0.129756700555873 0 0 0 0 0.143747654213981 0 0 0 0.150195034146496 0 0 0 0 0
"9" 0 0 0.212079203318185 0 0 0 0.098409330732833 0 0 0 0.183726596964947 0.108135539927096 0 0 0 0 0.14591391012175 0 0 0 0
"10" 0 0 0.218242062960247 0 0 0 0.118020203259363 0 0 0 0 0.0961474454368891 0 0 0 0.131159239480279 0 0 0.0741190519129318 0 0.111852893808693
"11" 0 0 0 0.124480677124234 0 0 0 0 0.147624344787656 0 0 0 0.112806215948815 0 0 0 0 0.174101765154443 0.185508079480015 0 0
"12" 0 0 0.185968564615933 0.126277908129005 0 0 0.12572955558801 0.23923244555351 0.229287472278768 0.126642476708093 0 0 0 0.22167439900897 0 0.121340178150179 0.164769597460539 0 0 0 0
"13" 0.281655110261291 0 0 0 0 0 0.116441773181125 0 0 0 0.223047198956139 0 0 0 0.100390888264163 0 0 0.149657198708008 0.131063117641166 0 0.148505342860322
"14" 0 0 0 0 0.13391460076564 0 0 0 0 0 0 0.108299961406615 0 0 0.122662883346472 0 0 0 0 0 0.0826973982471582
"15" 0.269932841196588 0 0 0.17805875369323 0 0 0 0 0 0 0 0 0.204797494965517 0.251687821167728 0 0.239450051712465 0.203981252032766 0.152501813702023 0 0 0.0837041457425794
"16" 0 0 0.141845656860635 0 0 0.239104803038009 0 0.238720824181452 0 0.187661098026504 0 0.111236984363273 0 0 0.137582366371226 0 0 0 0 0 0
"17" 0 0 0 0.159844237476322 0 0 0.0794056323808799 0 0.2083404780783 0 0 0.103837229111752 0 0 0.161048766683341 0 0 0 0 0.233316683095858 0
"18" 0 1.33839276155495 0 0 0 0 0 0 0 0 0.207895049353155 0 0.144092034637546 0 0.159115213037054 0 0 0 0 0.239455102434218 0
"19" 0 0 0 0 0.190135652398474 0.224490481363139 0 0 0 0.142208428095035 0.190545739807167 0 0.16995092550352 0 0 0 0 0 0 0.161864305692641 0
"20" 0 0 0 0 0.0926627970181232 0 0.0754739294060814 0 0 0 0 0 0 0 0 0 0.140739894459846 0.207376929660848 0.0941256263130533 0 0
"21" 0.389787461419289 0 0 0.157734845474038 0 0.228527361466623 0.0362568597391479 0 0 0.147607762422899 0 0 0.17894674518575 0.261405588146758 0.152997188402467 0 0 0 0 0 0
