"V1" "V2" "V3" "V4" "V5" "V6" "V7" "V8" "V9" "V10" "V11" "V12" "V13" "V14" "V15" "V16" "V17" "V18" "V19" "V20" "V21"
"1" 0 0 1 1 0 1 0 1 1 0 1 1 0 0 0 0 1 1 1 1 1
"2" 0 0 0 1 0 0 0 0 0 1 0 0 0 1 0 0 0 0 0 0 0
"3" 1 0 0 0 0 0 0 1 1 0 1 1 0 0 0 0 1 0 1 1 1
"4" 1 1 0 0 0 1 0 1 1 1 1 0 0 1 1 0 1 1 1 1 1
"5" 0 0 0 0 0 0 1 0 0 0 0 0 1 0 1 1 0 1 0 0 0
"6" 1 0 0 1 0 0 0 1 0 1 1 1 0 0 0 0 1 1 1 1 1
"7" 0 0 0 0 1 0 0 0 0 1 0 0 1 1 1 0 0 0 0 0 0
"8" 1 0 1 1 0 1 0 0 1 1 1 1 0 0 1 0 1 1 1 1 1
"9" 1 0 1 1 0 0 0 1 0 0 0 1 0 0 0 1 1 1 1 0 0
"10" 0 1 0 1 0 1 1 1 0 0 0 0 1 1 1 0 1 1 1 1 0
"11" 1 0 1 1 0 1 0 1 0 0 0 1 0 0 0 0 1 0 1 1 1
"12" 1 0 1 0 0 1 0 1 1 0 1 0 0 0 0 0 1 0 1 1 1
"13" 0 0 0 0 1 0 1 0 0 1 0 0 0 1 1 0 0 0 0 0 0
"14" 0 1 0 1 0 0 1 0 0 1 0 0 1 0 1 0 0 1 1 0 0
"15" 0 0 0 1 1 0 1 1 0 1 0 0 1 1 0 1 1 1 1 0 0
"16" 0 0 0 0 1 0 0 0 1 0 0 0 0 0 1 0 0 1 0 0 0
"17" 1 0 1 1 0 1 0 1 1 1 1 1 0 0 1 0 0 1 1 1 1
"18" 1 0 0 1 1 1 0 1 1 1 0 0 0 1 1 1 1 0 1 1 0
"19" 1 0 1 1 0 1 0 1 1 1 1 1 0 1 1 0 1 1 0 1 1
"20" 1 0 1 1 0 1 0 1 0 1 1 1 0 0 0 0 1 1 1 0 1
"21" 1 0 1 1 0 1 0 1 0 0 1 1 0 0 0 0 1 0 1 1 0
