"V1" "V2" "V3" "V4" "V5" "V6" "V7" "V8" "V9" "V10" "V11" "V12" "V13" "V14" "V15" "V16" "V17" "V18" "V19" "V20" "V21"
"1" 0 0 0.367697661248534 0 0 0 0 0 0 0 0 0 0 0 0 0 0 0 0 0 0
"2" 0 0 0.311484365333692 0 0 0 0 0 0 0 0 0 0 0 0 0 0 0 0 0 0
"3" 0.956618550486995 1.1711807085637 0 0 0.282667986556697 0 0 0 0 0 0 0 0 0 0 0 0 0 0 0 0
"4" 0 0 0 0 0 0 0 0.259732011067744 0 0 0 0 0 0 0 0 0 0 0 0 0
"5" 0 0 0.329329436626788 0 0 0 1.40134776692583 0 0.334926898555776 0 0 0 0 0 0 0 0 0 0 0 0
"6" 0 0 0 0 0 0 0 0 0 0 0.225636169289525 0 0 0 0 0 0 0 0 0 0
"7" 0 0 0 0 0.289953172766138 0 0 0 0 0 0 0 0 0 0 0 0 0 0 0 0
"8" 0 0 0 0.945729900833994 0 0 0 0 0.209084033064643 0 0.183382509093066 0 0 0 0 0 0 0 0 0 0
"9" 0 0 0 0 0.252704358304442 0 0 0.422016102175741 0 0.340675382877612 0 0 0 0 0 0 0 0 0 0 0
"10" 0 0 0 0 0 0 0 0 0.371166582724272 0 0 0.784245170604947 0 0.252307229298876 0 0 0 0 0 0 0
"11" 0 0 0 0 0 1.26200256340572 0 0.37718535062287 0 0 0 0 0.35670373992267 0 1.04965755538446 0 0 0 0 0 0
"12" 0 0 0 0 0 0 0 0 0 0.262656506103005 0 0 0 0 0 0 0 0 0 0 0
"13" 0 0 0 0 0 0 0 0 0 0 0.195913479016689 0 0 0 0 0 0.890380395219164 0 0 0 1.08965285451243
"14" 0 0 0 0 0 0 0 0 0 0.340316419212743 0 0 0 0 0 0.887578416471331 0 0.213478273886125 0 0 0
"15" 0 0 0 0 0 0 0 0 0 0 0.237114596714106 0 0 0 0 0 0 0 0 0 0
"16" 0 0 0 0 0 0 0 0 0 0 0 0 0 0.477933796611743 0 0 0 0 0 0 0
"17" 0 0 0 0 0 0 0 0 0 0 0 0 0.410257151387548 0 0 0 0 0 0 0 0
"18" 0 0 0 0 0 0 0 0 0 0 0 0 0 0.246890340806134 0 0 0 0 0.961134475096781 0.905995676322887 0
"19" 0 0 0 0 0 0 0 0 0 0 0 0 0 0 0 0 0 0.293271659124769 0 0 0
"20" 0 0 0 0 0 0 0 0 0 0 0 0 0 0 0 0 0 0.330096121282554 0 0 0
"21" 0 0 0 0 0 0 0 0 0 0 0 0 0.335065681360754 0 0 0 0 0 0 0 0
