"V1" "V2" "V3" "V4" "V5" "V6" "V7" "V8" "V9" "V10" "V11" "V12" "V13" "V14" "V15" "V16" "V17" "V18" "V19" "V20" "V21"
"1" 0 0 0.107557537195584 0 0.0737673483737762 0 0 0 0.110189406208028 0 0 0.0961295014657406 0.114491863721646 0.0760453637429329 0 0.0624561149568548 0.0596044663877791 0 0.078463148001656 0.105506694649746 0
"2" 0 0 0 0 0 0 0 0.0710825298389859 0.0704903947248447 0 0 0 0 0.0987597447301709 0 0 0 0 0.0860615914840514 0.0717824170636259 0.0768601056875239
"3" 0.0904094455463087 0 0 0 0.0954577643063854 0 0 0.0732390369931446 0.0864008443300901 0 0 0 0.113079224225806 0.0950087403791598 0 0.0799681130417806 0.0791938807020354 0 0.0996882928688418 0.097017369759602 0
"4" 0 0 0 0 0 0.159102821289983 0.0806668797423249 0 0 0.18097009828873 0.190514414670657 0 0 0 0.103652188337123 0 0 0.0695882006890271 0 0 0.101961386391745
"5" 0.081875049919868 0 0.091973816162577 0 0 0 0 0 0.0719919610859974 0 0 0.111662346958381 0.0605457141618532 0.0790456135946162 0 0.0771059522966759 0.0664031356230416 0 0.0909099339246112 0.101302957173915 0
"6" 0 0 0 0.158842221312681 0 0 0.105338610206556 0 0 0 0 0.128962111939645 0 0 0.124853762674193 0.0683061170420741 0.0602834768253753 0 0 0 0
"7" 0 0 0 0.142004488359164 0 0.169252766242422 0 0.0759978689146139 0 0.121983892254104 0 0.118204488114496 0 0 0.122344498915014 0.0533056514596355 0.0585156775604957 0.0920604946698379 0 0 0.0965739120384459
"8" 0 0.137473063258266 0.0989139871043886 0 0 0 0.100513926229892 0 0.0834506833430294 0 0.140465586190811 0 0.0920430987517253 0.0583216365877273 0 0.0570926675785324 0.0491450267501987 0.107504091164938 0.0648445855556303 0.123650341404825 0.130221731487546
"9" 0.107285841358332 0.17605714015077 0.12029223324156 0 0.114249406972396 0 0 0.0642575752229404 0 0 0 0 0.105601425592672 0.079889969306573 0 0.0390964704177627 0.071655011279484 0 0.0808168567618411 0.0934827542995003 0
"10" 0 0 0 0.115595473432621 0 0 0.115023303352935 0 0 0 0.134744796444121 0 0 0 0.17635805668933 0 0 0.122302590238534 0 0 0.0652180286906952
"11" 0 0 0 0.16438841021249 0 0 0 0.056125520984336 0 0.227177125283302 0 0 0 0 0.113434027614363 0 0 0.101242589058047 0 0 0.0497152923251654
"12" 0.0868219918843141 0 0 0 0.091744043572117 0.206619642436322 0.0880593793917943 0 0 0 0 0 0.080047250886033 0 0 0.0771690973449176 0.0387043559039579 0 0 0 0
"13" 0.105946832381577 0 0.114645246246274 0 0.087360689445502 0 0 0.0414868943147328 0.108785733232699 0 0 0.203862510010097 0 0.0992676177988104 0 0.0655770787482396 0.0791664979438824 0 0.105545001656592 0.0742393972628311 0
"14" 0.103790631743607 0.153773720694312 0.0925312920590023 0 0.0544815254857242 0 0 0.0932388366582903 0.10754153109339 0 0 0 0.0791721544404761 0 0 0.0779715935973804 0.0765089898670385 0 0.103520114765026 0.0645428106838166 0
"15" 0 0 0 0.15105895308797 0 0.131563147505229 0.118372516061103 0 0 0.192436186062267 0.121399227190008 0 0 0 0 0.0521129884399846 0 0.108764419490572 0 0 0.122484926741166
"16" 0.0940545828715162 0 0.0854267077912007 0 0.152642362119553 0.174300813629115 0.0761498982383272 0.0921557904498121 0.106941488422379 0 0 0.192742648862209 0.0890950054249855 0.0929954043645631 0.101484509085043 0 0.0474498183401512 0.146066613330042 0.0605277702587716 0.107303350697088 0.0762091293849054
"17" 0.14016915958154 0 0.117566174828793 0 0.0816531301037178 0.174817353744513 0.092512058073411 0.0964463378290075 0.063157783018594 0 0 0.128003322581903 0.0902774030696438 0.0995767854764703 0 0.0526422721001712 0 0.132236287646741 0.0759499104493402 0.0867525623563654 0.0997581973503695
"18" 0 0 0 0.158565265777534 0 0 0.110953143002406 0.0973849440670393 0 0.110620623147446 0.179829439720684 0 0 0 0.141788247913267 0.0661297274856866 0.0632809245653917 0 0 0 0.0972156553681727
"19" 0.0882150035627917 0.157534888386525 0.133219403491972 0 0.101059769694633 0 0 0.088242872454543 0.0872805051718789 0 0 0 0.10546084228209 0.0983269905917837 0 0.0726940854489452 0.0674768537098875 0 0 0.0916385436388575 0.0842359071379045
"20" 0.109255615871431 0.157820916972926 0.0861293665774922 0 0.105592619856762 0 0 0.10338326817557 0.102081651643135 0 0 0 0.0916224819177202 0.0852640423081883 0 0.0754273586943755 0.0898912862049673 0 0.0643020534346925 0 0
"21" 0 0.160184007288839 0 0.112413926117641 0 0 0.106022486656733 0.0931574947199827 0 0.140765492179277 0.150786270044116 0 0 0 0.0957078377754129 0.0680212774516216 0.0703786398353061 0.113663961936699 0.0402141906025173 0 0
