"V1" "V2" "V3" "V4" "V5" "V6" "V7" "V8" "V9" "V10" "V11" "V12" "V13" "V14" "V15" "V16" "V17" "V18" "V19" "V20" "V21" "V22" "V23" "V24" "V25" "V26" "V27" "V28" "V29" "V30" "V31" "V32" "V33" "V34" "V35" "V36" "V37" "V38" "V39" "V40" "V41" "V42" "V43" "V44" "V45" "V46" "V47" "V48" "V49" "V50" "V51" "V52" "V53" "V54" "V55" "V56" "V57" "V58" "V59" "V60" "V61" "V62" "V63" "V64" "V65" "V66" "V67" "V68" "V69" "V70" "V71" "V72" "V73" "V74" "V75" "V76" "V77" "V78" "V79" "V80" "V81" "V82" "V83" "V84"
"1" 0 0 0 0.108739679931107 0 0 0 0 0.110855069600087 0.0870928981534363 0 0.075778787449576 0 0 0 0 0.0903260518373766 0 0.0459016327812976 0 0.0822895943911138 0 0 0 0.122024866937657 0 0 0 0 0 0.0874191099211518 0 0 0 0 0 0 0 0 0 0 0 0 0 0 0 0 0.0755292058677259 0 0 0 0 0 0 0 0 0 0 0 0 0 0 0 0 0 0.0915674038839575 0 0 0 0.0650024154587053 0.103014796073303 0 0 0 0 0.108211645546397 0 0 0 0 0 0 0 0
"2" 0 0 0 0 0 0 0 0 0 0 0 0 0 0 0 0 0 0 0 0 0 0 0 0 0 0 0 0 0 0 0 0 0 0 0 0 0 0 0 0 0 0 0 0.128962753196715 0 0 0 0 0 0 0 0 0 0 0 0 0 0.100287480329277 0.109352840491405 0 0 0 0 0 0 0 0 0 0 0 0 0.0864813814510238 0.0836772601069237 0 0 0 0 0 0 0 0 0 0 0.0958681910698417
"3" 0 0 0 0 0 0 0 0 0 0 0 0 0 0 0.0990508765224895 0 0 0 0 0 0 0 0 0 0 0 0.021327766604222 0 0 0 0 0.0681119702958701 0 0 0.0639331978851448 0 0 0 0 0 0 0 0 0 0.0461102381922857 0 0 0 0 0 0 0 0 0 0.115197801867097 0 0 0 0 0.0976896843909999 0 0 0 0.114813098306758 0 0 0 0 0 0 0 0 0 0 0 0 0.0447045448054819 0 0 0 0 0 0 0
"4" 0.0743509189400553 0 0 0 0 0 0 0 0 0 0 0.0691252526144738 0 0 0 0 0 0 0 0 0 0 0 0 0.125450373371204 0 0 0 0 0 0.131575657620836 0 0 0 0 0 0 0 0 0 0 0 0 0 0 0 0 0 0 0 0 0 0 0 0 0 0 0 0 0 0 0 0 0 0 0 0 0.117136053158833 0 0.0358280112798275 0 0 0 0 0 0.0881390267683351 0 0 0 0 0 0 0 0
"5" 0 0 0 0 0 0 0 0 0.137161977249834 0 0 0 0 0 0 0 0 0 0.0681087769894506 0 0 0 0 0.26059119276927 0 0 0 0 0 0 0 0 0 0 0 0 0 0 0 0 0 0 0.12192121910762 0 0 0 0 0 0 0 0 0 0 0 0 0 0 0 0 0 0 0 0 0 0 0 0 0 0 0 0 0 0 0 0 0 0 0 0 0.227558262624705 0 0.101079440083629 0.074069805596239 0
"6" 0 0 0 0 0 0 0 0 0 0 0 0 0 0 0 0 0 0.237569257871843 0 0.250120362621736 0 0 0 0 0 0 0 0 0 0 0 0 0 0 0 0 0 0 0 0 0 0 0 0 0 0 0 0 0 0 0 0 0.0898898994683073 0.130484287442322 0 0 0 0 0 0 0 0 0 0 0 0 0 0 0 0 0 0 0 0 0 0 0 0 0 0.178120122422635 0 0.139124543020837 0 0
"7" 0 0 0 0 0 0 0 0 0 0 0 0 0.0657046997962089 0 0 0 0 0 0 0 0 0.139143139014554 0 0 0 0 0 0 0.105395025428184 0 0 0 0.0499176176522654 0 0 0 0.0733379008224476 0 0 0.0969839670487813 0 0.105361110067989 0 0 0 0 0 0 0 0 0 0.0962471935535708 0 0 0 0 0 0 0 0 0 0 0 0 0 0 0 0 0.0811276915869718 0 0 0 0 0 0.141091997156347 0 0 0 0.124056569608892 0 0.111782862771712 0 0 0
"8" 0 0 0 0 0 0 0 0 0 0 0 0 0 0 0 0 0 0 0 0 0 0 0 0 0 0 0 0 0.101374695819899 0 0 0 0.0761129898849709 0 0 0 0.0996843812925462 0 0 0 0 0 0 0 0 0 0 0 0 0 0 0 0 0 0 0 0 0 0 0 0 0 0 0 0 0 0 0 0 0 0 0 0 0 0.147804080879746 0 0 0 0.0745831816753198 0 0 0 0 0
"9" 0.091770723139148 0 0 0 0.158068274558013 0 0 0 0 0.0935123391827212 0 0 0 0 0 0 0.0481245270752026 0 0.0577127802199047 0 0 0 0 0 0 0 0 0 0 0 0 0 0 0 0 0 0 0 0 0 0 0 0.129214498527812 0 0 0 0 0.0613682549459436 0 0 0 0 0 0 0 0 0 0 0 0 0 0 0 0 0 0.0654285330509681 0 0 0 0 0 0 0 0 0 0 0 0 0 0 0 0.192332048609803 0.0633332573543664 0
"10" 0.0672421031893474 0 0 0 0 0 0 0 0.081715691728466 0 0 0.095588840825757 0 0 0 0 0.062051739224865 0 0.08072281641194 0 0.0635819342050438 0 0 0 0 0 0 0 0 0 0 0 0 0 0 0 0 0 0 0 0 0 0.0807601097375092 0 0 0 0 0.0415663418326623 0 0 0 0 0 0 0 0 0 0 0 0 0 0 0 0 0 0.109770278022176 0 0 0 0.0512773538917651 0 0 0 0 0 0.127436636280237 0 0 0 0 0 0 0.0805355738393056 0
"11" 0 0 0 0 0 0 0 0 0 0 0 0.0558924513955332 0 0 0 0 0 0 0 0 0 0 0 0 0 0.122803509024491 0 0 0 0 0.110486125722285 0 0 0 0 0.122230885439927 0 0.132827697975183 0 0 0.112281188187798 0 0 0 0 0 0 0 0 0 0.107065258002364 0 0 0 0 0 0.0673736237045493 0 0 0 0 0 0 0 0 0 0 0.0965289684657052 0 0.0501930280489956 0.0923335627219632 0 0 0 0 0 0 0 0 0 0 0 0 0
"12" 0.0787411885490782 0 0 0.109159419421115 0 0 0 0 0 0.101274787684125 0.0765747521839906 0 0 0 0 0 0 0 0.0791821419261456 0 0 0 0 0 0.131568163735743 0 0 0 0 0 0.110306716424915 0 0 0 0 0 0 0 0 0 0 0 0 0 0 0 0 0.0763628963196732 0 0 0 0 0 0 0 0 0 0 0 0 0 0 0 0 0 0.0941646880465789 0 0 0 0.0629768374069736 0.0528044086400529 0 0 0 0 0.0985414497684068 0 0 0 0 0 0 0 0
"13" 0 0 0 0 0 0 0.0907917667141597 0 0 0 0 0 0 0 0 0 0 0 0 0 0 0.0960191031803408 0 0 0 0 0 0 0.111267203910372 0 0 0 0.065555085825093 0 0 0 0.116136048516595 0 0 0.113108812696985 0 0.0795489968921969 0 0 0 0 0 0 0 0 0 0.0902276903779471 0 0 0 0 0 0 0 0 0 0 0 0 0 0 0 0 0.0747045957530899 0 0 0 0 0 0.135432791078624 0 0 0 0.0933638005449555 0 0.0980545783873703 0 0 0
"14" 0 0 0 0 0 0 0 0 0 0 0 0 0 0 0 0 0 0 0 0 0 0 0.11271150712998 0 0 0 0 0.143354549983649 0 0 0 0 0 0 0 0 0 0 0.121443026154065 0 0 0 0 0 0 0.10359597075491 0.115258320995216 0 0.0933211785241114 0 0 0.0714855549079921 0 0 0 0 0 0 0 0 0 0 0.151969089101692 0 0 0 0 0 0.0823051413071825 0 0 0 0.0771912497214696 0 0 0 0 0.0904492382379563 0 0 0 0 0 0
"15" 0 0 0.127131241213139 0 0 0 0 0 0 0 0 0 0 0 0 0 0 0 0 0 0 0 0 0 0 0 0.0911347332597121 0 0 0 0 0.0716021737703374 0 0 0.111315590743384 0 0 0 0 0 0 0 0 0 0.0828603207956267 0 0 0 0 0 0 0 0 0 0 0 0 0 0 0.0875700340822608 0 0 0 0.0759303882540679 0 0 0.147989321631193 0 0 0 0 0 0 0 0 0 0.0680164626286704 0 0 0 0 0 0 0
"16" 0 0 0 0 0 0 0 0 0 0 0 0 0 0 0 0 0 0 0 0 0 0 0 0 0 0 0.0867243941944218 0 0 0 0 0 0 0.111678706654549 0.0870198089261303 0 0 0 0 0 0 0 0 0 0.0778953469752851 0 0 0 0 0 0 0 0 0 0 0.0571230860364386 0 0.0887915994948858 0 0.10050451226663 0.0618802434306941 0 0 0.119468180367161 0.0769496527241899 0 0.167318490962174 0 0 0 0 0.0679927749560936 0 0 0 0 0.0471087572963301 0 0 0 0 0 0 0.0988869238883142
"17" 0.0900691847284532 0 0 0 0 0 0 0 0.0525421805371765 0.0623053151927921 0 0 0 0 0 0 0 0 0.0545693205830327 0 0.0515628755547531 0 0.094545688549885 0 0 0 0 0 0 0 0 0 0 0 0 0 0 0 0 0 0 0 0 0 0 0.124137621143927 0 0.0706746071787301 0.0947318190151508 0 0 0 0 0 0 0 0 0 0 0 0 0 0.13245701900929 0 0 0.091778389369681 0 0 0 0.0608706063782723 0.031826499060486 0 0 0 0 0 0 0 0 0 0 0 0.0581100334657274 0
"18" 0 0 0 0 0 0.210570148774616 0 0 0 0 0 0 0 0 0 0 0 0 0 0.343883689598177 0 0 0 0 0 0 0 0 0 0 0 0 0 0 0 0 0 0 0 0 0 0 0 0 0 0 0 0 0 0 0 0 0.232633099187566 0.18957090267405 0 0 0 0 0 0 0 0 0 0 0 0 0 0 0 0 0 0 0 0 0 0 0 0 0 0.122732995970398 0 0 0 0
"19" 0.0822566954600712 0 0 0 0.130741322784508 0 0 0 0.105480698213282 0.0718968686001434 0 0.0641581660143717 0 0 0 0 0.0667547637626629 0 0 0 0.0802584533234344 0 0.152317327603537 0 0 0 0 0 0 0 0 0 0 0 0 0 0 0 0 0 0 0 0.119414113151796 0 0 0.114254982677502 0 0.0942732243531609 0.13095745971957 0 0 0 0 0 0 0 0 0 0 0 0 0 0 0 0 0.0945845928843548 0 0 0 0.0583064445113952 0 0 0 0 0 0 0 0 0 0 0 0 0.0815158903887424 0
"20" 0 0 0 0 0 0.183999039320862 0 0 0 0 0 0 0 0 0 0 0 0.199313791967164 0 0 0 0 0 0 0 0 0 0 0 0 0 0 0 0 0 0 0 0 0 0 0 0 0 0 0 0 0 0 0 0 0 0 0.3391016779289 0.165437568469877 0 0 0 0 0 0 0 0 0 0 0 0 0 0 0 0 0 0 0 0 0 0 0 0 0 0 0 0 0 0
"21" 0.0480239997283787 0 0 0 0 0 0 0 0 0.0870216361285897 0 0 0 0 0 0 0.0718101337927741 0 0.102876544508477 0 0 0 0.123635189872927 0 0 0 0 0 0 0 0 0 0 0 0 0 0 0 0 0 0 0 0 0 0 0.115759642108543 0 0.0521605852319126 0.109160095106333 0 0.0774104679896024 0 0 0 0 0 0 0 0 0 0 0 0.15117001970346 0 0 0.106324657181048 0 0 0 0.0670244716559956 0.0574178257298229 0 0 0 0 0 0 0 0 0 0 0 0.0756433363297506 0
"22" 0 0 0 0 0 0 0.0982616608056585 0 0 0 0 0 0.0868560803073502 0 0 0 0 0 0 0 0 0 0 0 0 0 0 0 0 0.172595142421775 0 0 0 0 0 0 0 0 0 0.105321326937126 0 0.122047860267019 0 0 0 0 0 0 0 0.0949471272630488 0 0.0569304362544096 0 0 0 0 0 0 0 0 0 0 0 0 0 0 0 0 0 0 0 0 0 0.0988583522141215 0 0 0 0 0 0 0.0824626249698193 0 0 0
"23" 0 0 0 0 0 0 0 0 0 0 0 0 0 0.0772897878404708 0 0 0.0648506769320429 0 0.0736493550322725 0 0.0569919147180562 0 0 0 0 0 0 0 0 0 0 0 0 0 0 0 0 0 0 0 0 0 0 0 0 0.102591832357461 0 0.0829360040231716 0.101533889173201 0 0 0 0 0 0 0 0 0 0 0 0 0 0.137047243191432 0 0 0 0 0 0 0 0 0 0 0 0 0 0 0 0 0 0 0 0.0787569441261898 0
"24" 0 0 0 0 0.154373921618265 0 0 0 0 0 0 0 0 0 0 0 0 0 0 0 0 0 0 0 0 0 0 0.10297383868468 0 0 0 0 0 0 0 0 0 0 0 0 0 0 0 0 0 0 0 0 0 0 0 0 0 0 0 0 0 0 0 0 0 0 0 0 0 0 0 0 0 0 0 0 0 0.143883853916959 0 0 0 0 0 0 0 0.145926438374292 0 0
"25" 0.0904394312705133 0 0 0.102286576075215 0 0 0 0 0 0 0 0.0702320792807785 0 0 0 0 0 0 0 0 0 0 0 0 0 0 0 0 0 0 0.110814556462656 0 0 0 0 0 0 0 0 0 0 0 0 0 0 0 0 0 0 0 0 0 0 0 0 0 0 0 0 0 0 0 0 0 0 0 0 0.173624392831377 0 0.0404395937559232 0 0 0 0 0 0.128816685569775 0 0 0 0 0 0 0 0
"26" 0 0 0 0 0 0 0 0 0 0 0.091000466114314 0 0 0 0 0 0 0 0 0 0 0 0 0 0 0 0 0 0 0 0.103053725207188 0 0 0 0 0.0824959622522372 0 0.158042649016 0 0 0.0634315940717474 0 0 0 0 0 0 0 0 0 0.182361691088922 0 0 0 0 0 0.0899002387710233 0 0 0 0 0 0 0 0 0 0 0.131904116968759 0 0.0636523189966733 0.0710221768848279 0 0 0 0 0 0 0 0 0 0 0 0 0
"27" 0 0 0.0945144667472557 0 0 0 0 0 0 0 0 0 0 0 0.134301024689821 0.0721739767494002 0 0 0 0 0 0 0 0 0 0 0 0 0 0 0 0.106676223591167 0 0.0827279524495262 0.101671987934194 0 0 0 0 0 0 0 0 0 0.0639892133518968 0 0 0 0 0 0 0 0 0 0 0.0597481347444459 0 0 0 0.0818854764716666 0.0827910497499682 0 0 0.105125217965503 0.0895049450264821 0 0.120449649841399 0 0 0 0 0.066038575818434 0 0 0 0 0.0745624694311201 0 0 0 0 0 0 0
"28" 0 0 0 0 0 0 0 0 0 0 0 0 0 0.0540536557483685 0 0 0 0 0 0 0 0 0 0.397910640415808 0 0 0 0 0 0 0 0 0 0 0 0 0 0 0.0602943317188365 0 0 0 0 0 0 0 0.106291776150922 0 0 0.156819153026928 0 0.0739500944123459 0 0 0 0 0 0 0 0 0 0 0 0 0 0 0 0 0.0858134135991655 0 0 0 0 0.112341753050359 0 0 0 0.11885473793203 0 0 0 0 0 0
"29" 0 0 0 0 0 0 0.102537295663613 0.247858918688655 0 0 0 0 0.0540217082546009 0 0 0 0 0 0 0 0 0 0 0 0 0 0 0 0 0 0 0 0.0737250009081661 0 0 0 0.0722971146747204 0 0 0.124483616416982 0 0.122359187510419 0 0 0 0 0 0 0 0 0 0 0 0 0 0 0 0 0 0 0 0 0 0 0 0 0 0 0 0 0 0 0 0 0.0829753489625163 0 0 0 0.086532001921246 0 0 0 0 0
"30" 0 0 0 0 0 0 0 0 0 0 0 0 0 0 0 0 0 0 0 0 0 0.140856857471308 0 0 0 0 0 0 0 0 0 0 0 0 0 0 0 0 0 0 0 0.119546515303585 0 0 0 0 0 0 0 0.114388878456395 0 0 0 0 0 0 0 0 0 0 0 0 0 0 0 0 0 0 0 0 0 0 0 0.106375410524629 0 0 0 0 0 0 0.10385976339306 0 0 0
"31" 0.0803338493047999 0 0 0.167307531515554 0 0 0 0 0 0 0.0599522931551473 0.0541382952524972 0 0 0 0 0 0 0 0 0 0 0 0 0.126199775896317 0.100323272406414 0 0 0 0 0 0 0 0 0 0 0 0 0 0 0 0 0 0 0 0 0 0 0 0 0 0 0 0 0 0 0 0 0 0 0 0 0 0 0 0 0 0.152694883835374 0 0.0608341461689364 0.111338477723839 0 0 0 0 0.1393909501888 0 0 0 0 0 0 0 0
"32" 0 0 0.13103959090366 0 0 0 0 0 0 0 0 0 0 0 0.0780744734575855 0 0 0 0 0 0 0 0 0 0 0 0.0704293729237211 0 0 0 0 0 0 0 0.084568753563136 0 0 0 0 0 0 0 0 0 0.074566829059605 0 0 0 0 0 0 0 0 0 0.164314030536644 0.0761533790209566 0 0 0 0.0546366569942373 0 0.0842437185331968 0 0.0977357485200796 0 0 0 0 0 0 0 0 0 0 0 0 0.0648883604649416 0 0 0 0 0 0 0
"33" 0 0 0 0 0 0 0.0602359003850087 0.14989972142624 0 0 0 0 0.0715598863317054 0 0 0 0 0 0 0 0 0 0 0 0 0 0 0 0.0938510489497764 0 0 0 0 0 0 0 0.0983615682884398 0 0.140261992693723 0.118840039257438 0 0.0971151985700008 0 0 0 0 0.0755046849524101 0 0 0 0 0.0574257183830617 0 0 0 0 0 0 0 0 0 0 0 0 0 0 0 0 0.082552082586692 0 0 0 0 0 0.132985467782269 0 0 0.124013701675648 0.104965532473885 0 0 0 0 0
"34" 0 0 0 0 0 0 0 0 0 0 0 0 0 0 0 0.0850064159149608 0 0 0 0 0 0 0 0 0 0 0.062293321842548 0 0 0 0 0 0 0 0 0 0 0 0 0 0 0 0 0.155537081238826 0.0644601996798478 0 0 0 0 0 0 0 0 0 0 0.0544296069968411 0 0.120596868433106 0.124800677969053 0 0.0508748310473431 0 0 0 0.0917607282523614 0 0 0 0 0 0 0.0808475363765423 0.0790443452622668 0 0 0 0 0 0 0 0 0 0 0.0594711803045882
"35" 0 0 0.0987911350951299 0 0 0 0 0 0 0 0 0 0 0 0.117187982196927 0.0594030899587289 0 0 0 0 0 0 0 0 0 0 0.0515995970162462 0 0 0 0 0.0822994934462595 0 0 0 0 0 0 0 0 0 0 0 0 0.0645116098778118 0 0 0 0 0 0 0 0 0 0 0.0638147386428448 0 0 0 0.0652473287074967 0.0397518248659464 0 0 0.0916808897901872 0 0 0.14583532733982 0 0 0 0 0 0 0 0 0 0.0346564787016762 0 0 0 0 0 0 0
"36" 0 0 0 0 0 0 0 0 0 0 0.0980957287453627 0 0 0 0 0 0 0 0 0 0 0 0 0 0 0.128790786473997 0 0 0 0 0 0 0 0 0 0 0 0.0850451729399269 0 0 0.0543190032805245 0 0 0 0 0 0 0 0 0 0.121861380465941 0 0 0 0.142359430560284 0 0.0521392211662792 0 0 0 0 0.0631251252591583 0 0 0 0 0 0 0 0 0 0 0 0 0 0 0.0881797222618814 0 0 0 0 0 0 0
"37" 0 0 0 0 0 0 0.0708734436884874 0.170486646506235 0 0 0 0 0.0794653807201582 0 0 0 0 0 0 0 0 0 0 0 0 0 0 0 0.128375728184366 0 0 0 0.0593030557211424 0 0 0 0 0 0.0915305927476733 0.0948709361929953 0 0 0 0 0 0 0.0827300560152365 0 0 0 0 0 0 0 0 0 0 0 0 0 0 0 0 0 0 0 0 0 0.113478875194748 0 0 0 0 0 0.134157751916874 0 0 0.0966419425812897 0.104882115293656 0 0 0 0 0
"38" 0 0 0 0 0 0 0 0 0 0 0.1178480547286 0 0 0 0 0 0 0 0 0 0 0 0 0 0 0.096706013713216 0 0 0 0 0 0 0 0 0 0.13572177850217 0 0 0 0 0.073606209163737 0 0 0 0 0 0 0 0 0 0.12377546471033 0 0 0 0.0974931517040133 0 0.115097638637092 0 0 0 0 0.0833498687199243 0 0 0 0 0 0.128380609285864 0 0 0 0 0 0 0 0 0 0 0 0 0 0 0 0
"39" 0 0 0 0 0 0 0 0 0 0 0 0 0 0.0762889852009013 0 0 0 0 0 0 0 0 0 0 0 0 0 0.113244100401975 0 0 0 0 0.0730370276975988 0 0 0 0.0764103462023192 0 0 0 0 0 0 0 0 0 0.0797888316345564 0 0 0 0 0.0740607999075877 0 0 0 0 0 0 0.144602472522297 0 0 0 0 0 0 0 0 0 0.125312397967348 0 0 0 0.107515067273177 0 0 0 0 0.103629686002739 0 0 0 0 0 0
"40" 0 0 0 0 0 0 0.0561595758948895 0 0 0 0 0 0.0641082964870714 0 0 0 0 0 0 0 0 0.106912998777015 0 0 0 0 0 0 0.0926164820646981 0 0 0 0.0468431246821197 0 0 0 0.090223254177338 0 0 0 0 0.0956461548749189 0 0 0 0 0 0 0 0 0 0 0 0 0 0 0 0 0 0 0 0 0 0 0 0 0 0 0 0 0 0 0 0 0.170679964389651 0 0 0 0.0980638915453546 0 0 0 0 0
"41" 0 0 0 0 0 0 0 0 0 0 0.0864939668203148 0 0 0 0 0 0 0 0 0 0 0 0 0 0 0.106462509347425 0 0 0 0 0 0 0 0 0 0.117849230976886 0 0.10212116419778 0 0 0 0 0 0 0 0 0 0 0 0 0.120909558217301 0 0 0 0.124652098092138 0.0505929911168062 0.117267857706951 0 0 0 0.0791807678696357 0.0571832820939407 0 0 0 0 0 0 0 0 0.0872338290427885 0 0 0 0 0 0.0748684446052853 0 0 0 0 0 0 0
"42" 0 0 0 0 0 0 0.11865988668993 0 0 0 0 0 0.0661314084434239 0 0 0 0 0 0 0 0 0.0652299891939607 0 0 0 0 0 0 0.0895869615810553 0.203227410522464 0 0 0.0651633118816142 0 0 0 0 0 0 0.103127566833795 0 0 0 0 0 0 0 0 0 0.137573102283051 0 0.0676671472002646 0 0 0 0 0 0 0 0 0 0 0 0 0 0 0 0 0 0 0 0 0 0.0823886351744939 0 0 0 0 0 0 0.0840981873741584 0 0 0
"43" 0 0 0 0 0.128983545696492 0 0 0 0.0853176937002725 0.0998750310469152 0 0 0 0 0 0 0 0 0.0576003788974033 0 0 0 0 0 0 0 0 0 0 0 0 0 0 0 0 0 0 0 0 0 0 0 0 0 0 0 0 0.0460078160176105 0 0 0 0 0 0 0 0 0 0 0 0 0 0 0 0 0 0.0876288379258792 0 0 0 0 0 0 0 0 0 0 0 0 0 0 0 0.16229990474557 0.0893341410861172 0
"44" 0 0.14076797811197 0 0 0 0 0 0 0 0 0 0 0 0 0 0 0 0 0 0 0 0 0 0 0 0 0 0 0 0 0 0 0 0.0680117973244621 0 0 0 0 0 0 0 0 0 0 0 0 0 0 0 0 0 0 0 0 0 0 0 0.0580000220059537 0.113539849018476 0 0 0 0 0 0.0610183586866292 0 0 0 0 0 0 0.0814453643413627 0.0829955181446915 0 0 0 0 0 0 0 0 0 0 0.0810346067163256
"45" 0 0 0.100034309760261 0 0 0 0 0 0 0 0 0 0 0 0.117993984267275 0.0680838465972929 0 0 0 0 0 0 0 0 0 0 0.0751421755641569 0 0 0 0 0.107959543253166 0 0.103725797214277 0.0796673723410396 0 0 0 0 0 0 0 0 0 0 0 0 0 0 0 0 0 0 0 0 0.06879786278301 0 0 0 0.0882649655890912 0.0423925047576371 0 0 0.100578930334338 0.0626461091658209 0 0.136029809303265 0 0 0 0 0.0973003593867547 0 0 0 0 0.0451187315534742 0 0 0 0 0 0 0
"46" 0 0 0 0 0 0 0 0 0 0 0 0 0 0.089236700414971 0 0 0.0557960619942203 0 0.0670723767248561 0 0.055583670855782 0 0.0792586801876189 0 0 0 0 0 0 0 0 0 0 0 0 0 0 0 0 0 0 0 0 0 0 0 0 0.0432884311094648 0.0835494829029604 0 0 0 0 0 0 0 0 0 0 0 0 0 0.103560555963896 0 0 0 0 0 0 0 0 0 0 0 0 0 0 0 0 0 0 0 0.127586862362378 0
"47" 0 0 0 0 0 0 0 0 0 0 0 0 0 0.120813091811073 0 0 0 0 0 0 0 0 0 0 0 0 0 0.137714785996214 0 0 0 0 0.0860794983923157 0 0 0 0.0716402763005906 0 0.105054216852525 0 0 0 0 0 0 0 0 0 0 0 0 0.0673722710588329 0 0 0 0 0 0 0 0 0 0 0 0 0 0 0 0 0.0826461385920482 0 0 0 0.115655527154237 0 0 0 0 0.115430392955292 0.0903995378225653 0 0 0 0 0
"48" 0.0765448628185497 0 0 0 0 0 0 0 0.104692337930766 0.0730971674692385 0 0.073287773262654 0 0 0 0 0.107922376685836 0 0.0617696178403937 0 0.0791359041715993 0 0.0834602412832032 0 0 0 0 0 0 0 0 0 0 0 0 0 0 0 0 0 0 0 0.116310660990396 0 0 0.0946967099694896 0 0 0.0940673372018205 0 0 0 0 0 0 0 0 0 0 0 0 0 0 0 0 0.114063838093492 0 0 0 0.0760397938110666 0.105823279710245 0 0 0 0 0 0 0 0 0 0 0 0.0946019474397741 0
"49" 0 0 0 0 0 0 0 0 0 0 0 0 0 0.0880460050584724 0 0 0.0967042164867425 0 0.0847875163181482 0 0.101928586760238 0 0.118392880667228 0 0 0 0 0 0 0 0 0 0 0 0 0 0 0 0 0 0 0 0 0 0 0.102477417923095 0 0.05947668187688 0 0 0 0 0 0 0 0 0 0 0 0 0 0 0.12073167048745 0 0 0 0 0 0 0 0 0 0 0 0 0 0 0 0 0 0 0 0.0957283580192728 0
"50" 0 0 0 0 0 0 0 0 0 0 0 0 0 0 0 0 0 0 0 0 0 0.0923629943252299 0 0 0 0 0 0.131742919539108 0 0.230324454013843 0 0 0 0 0 0 0 0 0 0 0 0.101598079809997 0 0 0 0 0 0 0 0 0 0.080354960322594 0 0 0 0 0 0 0 0 0 0 0 0 0 0 0 0 0 0 0 0 0 0.13659328816671 0 0 0 0 0 0 0.143546585344368 0 0 0
"51" 0 0 0 0 0 0 0 0 0 0 0.117645072847078 0 0 0 0 0 0 0 0 0 0.0636759148373428 0 0 0 0 0.0628741704818448 0 0 0 0 0 0 0 0 0 0.128444232938065 0 0.106411293947544 0 0 0.0496013240424137 0 0 0 0 0 0 0 0 0 0 0 0 0 0 0 0.0874808772824552 0 0 0 0 0.070639598272111 0 0 0 0 0 0 0 0 0.11874808162202 0 0 0 0 0 0 0 0 0 0 0 0 0
"52" 0 0 0 0 0 0 0.100254036506228 0 0 0 0 0 0.0893854304991773 0.101285883097002 0 0 0 0 0 0 0 0.0875759692516042 0 0 0 0 0 0.0884397827990977 0 0 0 0 0.0614630121998029 0 0 0 0 0 0.12781691369589 0 0 0.0862359339891185 0 0 0 0 0.0674105196614162 0 0 0.116188539155627 0 0 0 0 0 0 0 0 0 0 0 0 0 0 0 0 0 0 0.0723850460779647 0 0 0 0 0.0603465451364359 0 0 0 0.145207043022412 0 0 0.0936097908510172 0 0 0
"53" 0 0 0 0 0 0.228766055581322 0 0 0 0 0 0 0 0 0 0 0 0.304750978818259 0 0.233736182337071 0 0 0 0 0 0 0 0 0 0 0 0 0 0 0 0 0 0 0 0 0 0 0 0 0 0 0 0 0 0 0 0 0 0.13768298522368 0 0 0 0 0 0 0 0 0 0 0 0 0 0 0 0 0 0 0 0 0 0 0 0 0 0 0 0 0 0
"54" 0 0 0 0 0 0.133644867385227 0 0 0 0 0 0 0 0 0 0 0 0.304182187476536 0 0.253057977247767 0 0 0 0 0 0 0 0 0 0 0 0 0 0 0 0 0 0 0 0 0 0 0 0 0 0 0 0 0 0 0 0 0.319262318905486 0 0 0 0 0 0 0 0 0 0 0 0 0 0 0 0 0 0 0 0 0 0 0 0 0 0 0.238367434605338 0 0.118011882114516 0 0
"55" 0 0 0.0841579067114817 0 0 0 0 0 0 0 0 0 0 0 0 0 0 0 0 0 0 0 0 0 0 0 0 0 0 0 0 0.0897407651317401 0 0 0 0.0905923038821549 0 0.124116628189928 0 0 0.0837620605710073 0 0 0 0 0 0 0 0 0 0 0 0 0 0 0 0.108518025924177 0 0 0.0500021327457545 0 0.103831103827236 0 0 0 0 0 0 0 0 0 0 0 0 0 0 0.044471096172613 0 0 0 0 0 0 0
"56" 0 0 0 0 0 0 0 0 0 0 0 0 0 0 0 0.0823996734022796 0 0 0 0 0 0 0 0 0 0 0.0612761749987605 0 0 0 0 0.081229514212992 0 0.058302269791989 0.0799291019500567 0 0 0 0 0 0.0845208605628553 0 0 0 0.0687641084269009 0 0 0 0 0 0 0 0 0 0 0 0 0.101321322056977 0 0.0762596613203485 0.0437035545344633 0.0945984197215842 0 0.101735987967263 0.0649885925686607 0 0 0 0 0 0 0 0 0 0 0 0.0661843903588423 0 0 0 0 0 0 0.108474269393161
"57" 0 0 0 0 0 0 0 0 0 0 0.0771956679026495 0 0 0 0 0 0 0 0 0 0 0 0 0 0 0.0533367461725467 0 0 0 0 0 0 0 0 0 0.144133042916121 0 0.066760252250919 0 0 0.113814132657698 0 0 0 0 0 0 0 0 0 0.0881698233024797 0 0 0 0.121167059179537 0 0 0 0 0 0.0831598224220598 0.105030801647293 0 0 0 0 0 0 0 0 0.045627904870423 0 0 0 0 0 0.0340413007037129 0 0 0 0 0 0 0
"58" 0 0.159106105845677 0 0 0 0 0 0 0 0 0 0 0 0 0 0.0609584707430277 0 0 0 0 0 0 0 0 0 0 0 0 0 0 0 0 0 0.101753075367197 0 0 0 0 0 0 0 0 0 0.151937140709193 0 0 0 0 0 0 0 0 0 0 0 0.0574547286638248 0 0 0.0646850535986401 0 0.0528683451462723 0 0 0 0.07019172494524 0 0 0 0 0 0 0.0876642215565048 0.109637275184852 0 0 0 0 0 0 0 0 0 0 0.0770401519746169
"59" 0 0.154764165693212 0 0 0 0 0 0 0 0 0 0 0 0 0 0 0 0 0 0 0 0 0 0 0 0 0 0 0 0 0 0 0 0.10289084805735 0 0 0 0 0.113183465974484 0 0 0 0 0.134733348781409 0 0 0 0 0 0 0 0 0 0 0 0 0 0.0881859384981324 0 0 0 0 0 0 0.045577603493714 0 0 0 0 0 0 0.102343661547942 0.0814630208160572 0 0 0 0 0 0 0 0 0 0 0.0772190787457047
"60" 0 0 0.102498480166092 0 0 0 0 0 0 0 0 0 0 0 0.12907726837355 0.0890044555497603 0 0 0 0 0 0 0 0 0 0 0.0503460514782284 0 0 0 0 0.0898458556986799 0 0 0.0852447119891776 0 0 0 0 0 0 0 0 0 0.0783403708376893 0 0 0 0 0 0 0 0 0 0.0903196407432377 0.0815299282563148 0 0 0 0 0.0688299714955969 0.109308009262571 0 0.0911426339916072 0 0 0 0 0 0 0 0 0 0 0 0 0.0655235388193769 0 0 0 0 0 0 0
"61" 0 0 0 0 0 0 0 0 0 0 0 0 0 0 0 0.0734265386729247 0 0 0 0 0 0 0 0 0 0 0.077040372495168 0 0 0 0 0 0 0.081110762725645 0.064597339563861 0 0 0 0 0 0.108960074395365 0 0 0 0.0819317258346244 0 0 0 0 0 0 0 0 0 0 0.072673801531582 0.0902115340620986 0.0946451999416041 0 0.0922719737871063 0 0.097676866670353 0 0 0.0866582755680806 0 0 0 0 0 0 0 0 0 0 0 0.0813369356424125 0 0 0 0 0 0 0.0908034316304571
"62" 0 0 0 0 0 0 0 0 0 0 0 0 0 0 0 0 0 0 0 0 0 0 0 0 0 0 0 0 0 0 0 0.097153990481864 0 0 0 0.129945645593693 0 0.118942983076622 0 0 0.0760768845347316 0 0 0 0 0 0 0 0 0 0.130345080447111 0 0 0 0.0969857189871103 0.0563530906626118 0.0954007787430884 0 0 0.0859626526029258 0.0789768186226995 0 0 0 0 0 0 0 0 0 0 0 0 0 0 0 0.0723947452106993 0 0 0 0 0 0 0
"63" 0 0 0 0 0 0 0 0 0 0 0 0 0 0.0895356789763395 0 0 0.0719440912611552 0 0 0 0.0467698019979762 0 0.111938666313729 0 0 0 0 0 0 0 0 0 0 0 0 0 0 0 0 0 0 0 0 0 0 0.138542032544565 0 0 0.132306371004614 0 0 0 0 0 0 0 0 0 0 0 0 0 0 0 0 0 0 0 0 0 0 0 0.110485587731858 0 0 0 0 0 0 0 0 0 0.089309041834462 0
"64" 0 0 0.115457485293754 0 0 0 0 0 0 0 0 0 0 0 0.0886647996032212 0.0511045318934311 0 0 0 0 0 0 0 0 0 0 0.0573987410813512 0 0 0 0 0.069961407448784 0 0 0.0830325199218292 0 0 0 0 0 0 0 0 0 0.077641963367397 0 0 0 0 0 0 0 0 0 0 0.0727063201548994 0 0 0 0.044327349384904 0 0 0 0 0 0 0.184167086118191 0 0 0 0 0 0 0 0 0 0.0634908096950237 0 0 0 0 0 0 0
"65" 0 0 0 0 0 0 0 0 0 0 0 0 0 0 0 0.0700949114875193 0 0 0 0 0 0 0 0 0 0 0.0511435539219977 0 0 0 0 0 0 0.0876789684814533 0 0 0 0 0 0 0 0 0 0.130593325105282 0.0650350478687732 0 0 0 0 0 0 0 0 0 0 0.070712988233092 0 0.095569628094663 0.054770963297005 0 0.0774487433350461 0 0 0 0 0 0 0 0 0 0 0.0946306902354248 0.0945776144409538 0 0 0 0 0 0 0 0 0 0 0.095658711890219
"66" 0.0595354315995819 0 0 0 0 0 0 0 0.082875435632375 0.0731463196157485 0 0.0846821207768302 0 0 0 0 0.0514125993206933 0 0.0779466795738918 0 0.0896905899410926 0 0 0 0 0 0 0 0 0 0 0 0 0 0 0 0 0 0 0 0 0 0.103965331654555 0 0 0 0 0.0697077550851221 0 0 0 0 0 0 0 0 0 0 0 0 0 0 0 0 0 0 0 0 0 0.0487889402261138 0 0 0 0 0 0.109368876187401 0 0 0 0 0 0 0 0
"67" 0 0 0 0 0 0 0 0 0 0 0 0 0 0 0.137285463619952 0.0658965106100198 0 0 0 0 0 0 0 0 0 0 0.0540567639643112 0 0 0 0 0 0 0 0.0850989817735729 0 0 0 0 0 0 0 0 0 0.058244702574261 0 0 0 0 0 0 0 0 0 0 0 0 0 0 0 0 0 0 0.0842949546606854 0 0 0 0 0 0 0 0.0772312752225857 0 0 0 0 0 0 0 0 0 0 0 0
"68" 0 0 0 0.160780320595424 0 0 0 0 0 0 0.0741338993927466 0 0 0 0 0 0 0 0 0 0 0 0 0 0.176139368127566 0.065081534599524 0 0 0 0 0.113459532978447 0 0 0 0 0 0 0.121779605821552 0 0 0 0 0 0 0 0 0 0 0 0 0 0 0 0 0 0 0 0 0 0 0 0 0 0 0 0 0 0 0 0.0533628269048214 0 0 0 0 0 0.172955349148153 0 0 0 0 0 0 0 0
"69" 0 0 0 0 0 0 0.0866826254640521 0 0 0 0 0 0.0726462349667089 0.0755903106591382 0 0 0 0 0 0 0 0 0 0 0 0 0 0.0866321792204742 0 0 0 0 0.0527953897425563 0 0 0 0.0435978865562529 0 0.0813377528033279 0 0 0 0 0 0 0 0.106754415476072 0 0 0 0 0.0919302087541799 0 0 0 0 0 0 0 0 0 0 0 0 0 0 0 0 0 0 0 0 0 0 0 0 0 0.10298389055566 0.121200897216726 0 0 0 0 0
"70" 0.0707934308870358 0 0 0.14186598920872 0 0 0 0 0 0.104746052120855 0.121528746740316 0.0636203845574877 0 0 0 0 0.0663373212060075 0 0.0508793337355682 0 0.0499302845459823 0 0 0 0.107846817512848 0.124089960545441 0 0 0 0 0.114802731913514 0 0 0 0 0 0 0 0 0 0 0 0 0 0 0 0 0.0602529344092586 0 0 0 0 0 0 0 0 0 0 0 0 0 0 0 0 0 0.0820526308648366 0 0.129350422903304 0 0 0.0827401037767201 0 0 0 0 0.0691890079896069 0 0 0 0 0 0 0 0
"71" 0.079578384091689 0 0 0 0 0 0 0 0 0 0.0744631085663257 0.0807804932073996 0 0 0 0 0.0626200884701888 0 0 0 0.0857584573512545 0 0 0 0 0.115893685717834 0 0 0 0 0.122315846935802 0 0 0 0 0 0 0 0 0 0.0811592279144173 0 0 0 0 0 0 0.0729017951728026 0 0 0.152835381162599 0 0 0 0 0 0.107811279610091 0 0 0 0 0 0 0 0 0 0 0 0 0.0637138507235898 0 0 0 0 0 0 0 0 0 0 0 0 0 0
"72" 0 0.202316582564959 0 0 0 0 0 0 0 0 0 0 0 0 0 0.0641295155343259 0 0 0 0 0 0 0 0 0 0 0.074657868319664 0 0 0 0 0 0 0.070067624295558 0 0 0 0 0 0 0 0 0 0.119500879317695 0.070864360043099 0 0 0 0 0 0 0 0 0 0 0 0 0.102800571724372 0.0633875831029246 0 0 0 0 0 0.0420654557059764 0 0.137661028401933 0 0 0 0 0 0 0 0 0 0 0 0 0 0 0 0 0.066534913055776
"73" 0 0.148703440029468 0 0 0 0 0 0 0 0 0 0 0 0.0640208270085795 0 0 0 0 0 0 0 0 0 0 0 0 0 0 0 0 0 0 0 0.0930968518938855 0 0 0 0 0.1201146846391 0 0 0 0 0.145003876972403 0 0 0.121006887990031 0 0 0 0 0 0 0 0 0 0 0.104154824778907 0.0932316691468108 0 0 0 0.121647653735402 0 0.0744108634362762 0 0 0 0 0 0 0 0 0 0 0 0 0.106536242141051 0 0 0 0 0 0.0695196883861977
"74" 0 0 0 0 0 0 0 0 0 0 0 0 0 0 0 0 0 0 0 0 0 0.118495342854174 0 0.29219113907422 0 0 0 0.11553409159403 0 0.227606295345786 0 0 0 0 0 0 0 0 0 0 0 0.0444949132035954 0 0 0 0 0 0 0 0.116495028823742 0 0.0515485687628816 0 0 0 0 0 0 0 0 0 0 0 0 0 0 0 0 0 0 0 0 0 0 0 0 0 0 0 0 0.108565523639254 0 0 0
"75" 0 0 0 0 0 0 0.113548454402454 0.182216890936414 0 0 0 0 0.105174229046933 0 0 0 0 0 0 0 0 0 0 0 0 0 0 0 0.0886366761089055 0 0 0 0.0724325317755582 0 0 0 0.0873189459585138 0 0 0.171114677562024 0 0 0 0 0 0 0 0 0 0 0 0 0 0 0 0 0 0 0 0 0 0 0 0 0 0 0 0 0 0 0 0 0 0 0 0 0 0 0.0945913273017757 0 0 0 0 0
"76" 0.0765349348194168 0 0 0.148413715008236 0 0 0 0 0 0.0928496340193488 0 0.053599008943627 0 0 0 0 0 0 0 0 0 0 0 0 0.168324284736574 0 0 0 0 0 0.107246373954486 0 0 0 0 0 0 0 0 0 0 0 0 0 0 0 0 0 0 0 0 0 0 0 0 0 0 0 0 0 0 0 0 0 0 0.10436412055629 0 0.139627379665563 0 0.0389731384309347 0 0 0 0 0 0 0 0 0 0 0 0 0 0
"77" 0 0 0.117756594950962 0 0 0 0 0 0 0 0 0 0 0 0.116799093101664 0.108415971028199 0 0 0 0 0 0 0 0 0 0 0.070468437032485 0 0 0 0 0.0728029483991341 0 0 0.0721658556132248 0.141857682109087 0 0 0 0 0.0562935014620215 0 0 0 0.081780849442952 0 0 0 0 0 0 0 0 0 0.161234160285822 0.0663062700493594 0.0865283156566642 0 0 0.0778538135061017 0.0951218099030764 0.0708036766079253 0 0.0993865406254051 0 0 0 0 0 0 0 0 0 0 0 0 0 0 0 0 0 0 0 0
"78" 0 0 0 0 0 0 0 0 0 0 0 0 0 0.0531854645787901 0 0 0 0 0 0 0 0 0 0 0 0 0 0.0763421165894682 0 0 0 0 0.0857326112654648 0 0 0 0.0677039815687443 0 0.0477282525747236 0 0 0 0 0 0 0 0.120781777341243 0 0 0 0 0.0706074604872381 0 0 0 0 0 0 0 0 0 0 0 0 0 0 0 0 0.0834214219157105 0 0 0 0.109479649460522 0 0 0 0 0 0.0724986611357654 0 0 0 0 0
"79" 0 0 0 0 0 0 0.0774343656326228 0.165691981291163 0 0 0 0 0.0735041992369834 0 0 0 0 0 0 0 0 0 0 0 0 0 0 0 0.127910616239491 0 0 0 0.0629984436305611 0 0 0 0.109022036229421 0 0 0.108649192442056 0 0 0 0 0 0 0.0763995572893354 0 0 0 0 0 0 0 0 0 0 0 0 0 0 0 0 0 0 0 0 0 0.101605568111313 0 0 0 0 0 0.13919252554543 0 0 0.117508908595701 0 0 0 0 0 0
"80" 0 0 0 0 0.173360382459397 0.150756673744281 0 0 0 0 0 0 0 0 0 0 0 0.205476950302676 0 0 0 0 0 0 0 0 0 0 0 0 0 0 0 0 0 0 0 0 0 0 0 0 0 0 0 0 0 0 0 0 0 0 0 0.222264833278862 0 0 0 0 0 0 0 0 0 0 0 0 0 0 0 0 0 0 0 0 0 0 0 0 0 0 0 0.156342623882934 0 0
"81" 0 0 0 0 0 0 0.0674914722010264 0 0 0 0 0 0.107438514595766 0 0 0 0 0 0 0 0 0.142616442610428 0 0 0 0 0 0 0 0.208905981614849 0 0 0 0 0 0 0 0 0 0 0 0.0812440661107271 0 0 0 0 0 0 0 0.107873426500031 0 0.0731537834521592 0 0 0 0 0 0 0 0 0 0 0 0 0 0 0 0 0 0 0 0 0 0.103005634306849 0 0 0 0 0 0 0 0 0 0
"82" 0 0 0 0 0.146325215704581 0.230216265014918 0 0 0.0988585758040378 0 0 0 0 0 0 0 0 0 0 0 0 0 0 0.200645126689089 0 0 0 0 0 0 0 0 0 0 0 0 0 0 0 0 0 0 0.119722445811143 0 0 0 0 0 0 0 0 0 0 0.115909964969668 0 0 0 0 0 0 0 0 0 0 0 0 0 0 0 0 0 0 0 0 0 0 0 0 0 0.26914269003001 0 0 0 0
"83" 0 0 0 0 0.146533551405504 0 0 0 0.122347239718676 0.0898272857176211 0 0 0 0 0 0 0.084429540117939 0 0.0942966037023911 0 0.0713313716572264 0 0.126857746107961 0 0 0 0 0 0 0 0 0 0 0 0 0 0 0 0 0 0 0 0.148150953744422 0 0 0.129687101546046 0 0.0345095749280196 0.0973655681854272 0 0 0 0 0 0 0 0 0 0 0 0 0 0.106745264636469 0 0 0 0 0 0 0 0 0 0 0 0 0 0 0 0 0 0 0 0 0
"84" 0 0.223711010025876 0 0 0 0 0 0 0 0 0 0 0 0 0 0.0447665768788739 0 0 0 0 0 0 0 0 0 0 0 0 0 0 0 0 0 0.0904486057656588 0 0 0 0 0 0 0 0 0 0.149402448178629 0 0 0 0 0 0 0 0 0 0 0 0.060899941051868 0 0.0730355416840476 0.104438036118128 0 0.0562999268722355 0 0 0 0.0883301476028868 0 0 0 0 0 0 0.122181966255332 0.060508487132329 0 0 0 0 0 0 0 0 0 0 0
