"V1" "V2" "V3" "V4" "V5" "V6" "V7" "V8" "V9" "V10" "V11" "V12" "V13" "V14" "V15" "V16" "V17" "V18" "V19" "V20" "V21"
"1" 0 0 0 0 0.0810984176955393 0 0 0.166341712104317 0 0.11624882344226 0 0.0988589633231493 0.150207610634563 0.0542966358932429 0 0.0879077208891688 0 0.0887310329862416 0.0659665510896039 0.0663790751333707 0
"2" 0 0 0.112160456435241 0.0738648902724085 0.0998483357422709 0 0 0 0 0 0.105281491349878 0.0613356979616589 0 0.0942512452206664 0 0 0.0930227628201621 0.059395460219127 0.0550726400446942 0.0629944782049322 0.0664419366047914
"3" 0 0.104947913967548 0 0.0797020644811249 0.10370207400618 0 0 0 0 0 0 0.108763425584742 0 0.0781152423843759 0 0 0.0907457447297168 0.0845369213494027 0.0663686532471295 0.0762018915611673 0.110909743852817
"4" 0 0.111713773610396 0.0849146889555969 0 0.123539072991634 0 0 0 0.186577895548755 0 0.123906852405036 0.103864011287847 0 0.04875750503697 0 0 0.108857574255882 0.067901422361097 0.0665735872898827 0.0565440004222408 0.115359022102967
"5" 0.0928791689222333 0.0930849138816853 0.12243233661111 0.0720452224650741 0 0 0 0 0 0 0 0.0940831800457019 0.111886446741876 0.0624560268371516 0 0 0.0999903722740473 0.0726624103987715 0.0704651335955547 0.0546499774020625 0
"6" 0 0 0 0 0 0 0.205392518568869 0 0 0.123713853516608 0.0942843716887843 0 0 0.0734198966745261 0.198482536845327 0.0924260814115457 0 0 0.0580601058595439 0 0.0874230920158025
"7" 0 0 0 0 0 0.12002753232417 0 0 0 0.157432196359319 0 0 0 0 0.214889877326344 0.0907503074644236 0 0 0 0 0
"8" 0.0847176122279739 0 0 0 0 0 0 0 0 0.112807764106406 0 0 0.12889981909265 0 0.1832292524201 0.0931614085563085 0 0 0.0439545601500616 0 0
"9" 0 0 0 0.0837798007959976 0 0 0 0 0 0 0.110040451437572 0 0 0.0602791692775506 0 0 0.085762104951231 0 0 0 0.0911811068315312
"10" 0.113110815772106 0 0 0 0 0.0906683610061881 0.267618649673411 0.13727510176991 0 0 0 0 0 0 0.239592486645954 0.0941076856156787 0 0 0.0670106261846743 0 0
"11" 0 0.0599317353376623 0 0.0811523050450905 0 0.129166271695322 0 0 0.249042321144654 0 0 0 0 0.0746381491628459 0 0 0.10430145855802 0.0524506829671007 0.0592280228285577 0.0679967201438909 0.0752295963534778
"12" 0.114291161940973 0.101431443545662 0.0759484083352952 0.129499428658163 0.107522362801257 0 0 0 0 0 0 0 0.125160682258403 0.0646897298571858 0 0 0.0743024175356632 0.0725245109631063 0.056363646863381 0.0717108703877685 0
"13" 0.0790920993040465 0 0 0 0.0897320840480554 0 0 0.151886430641569 0 0 0 0.0638683269141907 0 0 0 0.0990743467503518 0 0.098913775850134 0.0639245429013383 0.0887916923487472 0
"14" 0.0676841745132987 0.103372433871235 0.0945588003502567 0.0485863827149015 0.0842545435155343 0.143816608199376 0 0 0.183346512487595 0 0.0807565744355715 0.0794565592456968 0 0 0 0 0.0752301003764145 0.0611354397835721 0.0590572582305064 0.0542639510259125 0.0833628494029919
"15" 0 0 0 0 0 0.110570420336324 0.258421362224325 0.208517505281195 0 0.184121940991749 0 0 0 0 0 0.100355793673614 0 0 0 0 0
"16" 0.100367113024026 0 0 0 0 0.158586994247868 0.197339025501127 0.137692288798117 0 0.124209486514545 0 0 0.13502223311316 0 0.218920275884447 0 0 0.102632854751065 0.0493174187998652 0.0530222900150694 0
"17" 0 0.0651314730371396 0.0891793630575124 0.0894052503591977 0.100174173683096 0 0 0 0.252980253760813 0 0.0773086780871115 0.105722731981599 0 0.0838352995787008 0 0 0 0.0957625824784262 0.0636469131625499 0.0572124023980434 0.119672668927863
"18" 0.0973104499292293 0.0681182023594553 0.0674379006913237 0.0873920279711843 0.11739222086147 0 0 0 0 0 0.0919549869431913 0.101316541295247 0.126320354398466 0.0555592385134792 0 0.0817849784695242 0.0999862562026219 0 0.0416920830134824 0.0416896333919801 0.102669141152284
"19" 0.0485694251591291 0.0989677902052233 0.05380470909672 0.0860628979387273 0.0927071414046325 0.0752933970537305 0 0.137910918203249 0 0.146049533879507 0.0851156982732911 0.0923876838036572 0.0901060170326061 0.0467581087504033 0 0.0933367640344399 0.0937091479969591 0.0744950415262613 0 0.0840838424069347 0.115602318911657
"20" 0.110218075398375 0.0973774500772482 0.090123394583253 0.0980607895743103 0.0583663619030948 0 0 0 0 0 0.100186729295504 0.0963798745648121 0.130677310283962 0.0715669371978155 0 0.103397495802993 0.0548235583747241 0.061554946676696 0.0645928566285428 0 0.0827176562005011
"21" 0 0.105979436802165 0.109844083503848 0.0815916871820922 0 0.130189387640874 0 0 0.174191048058582 0 0.111339895179901 0 0 0.0748596230299241 0 0 0.0845756811657282 0.0673855890875333 0.0680663647610242 0.0655976389267849 0
