"V1" "V2" "V3" "V4" "V5" "V6" "V7" "V8" "V9" "V10" "V11" "V12" "V13" "V14" "V15" "V16" "V17" "V18" "V19" "V20" "V21"
"1" 0 0.160760287063154 0 0.514805428870119 0 0.123307288503234 0 0 0 0.142708387568203 0 0.180228848265424 0 0 0 0 0 0.179148304139594 0.215568765634434 0 0
"2" 0.120103447491736 0 0 0 0.160993569194969 0 0 0 0 0.19742792834784 0 0 0.205535508840212 0 0 0 0 0 0 0.160135639815817 0.139028163700778
"3" 0 0 0 0 0 0.169659837500543 0.132937058713234 0 0 0 0 0.138009924836964 0 0 0.169343136097157 0 0.242360221327337 0.13356508836272 0 0 0
"4" 0.165818277788482 0 0 0 0 0.154162480195768 0 0 0 0 0 0 0 0 0 0 0 0 0 0 0
"5" 0 0.170534675771836 0 0 0 0.125265910300411 0 0 0 0 0 0.149655206634297 0 0 0.128486161095027 0.450977746973594 0 0 0.215807449956123 0 0.10897114577474
"6" 0.148832208643673 0 0.159865118874845 0.541329207845547 0.207550973413028 0 0 0 0 0 0 0.178542239280194 0.0814914979161912 0 0 0 0 0 0 0 0.137461951140628
"7" 0 0 0.167525134287252 0 0 0 0 0.20701591572118 0 0.16702349808614 0 0 0 0.263901255152246 0 0 0 0.155096121337672 0 0.237518704795805 0.212920697995859
"8" 0 0 0 0 0 0 0.131199279743199 0 0.419844303596652 0 0 0 0.123132694889515 0 0 0 0.195872013560563 0 0 0 0
"9" 0 0 0 0 0 0 0 0.154840136384497 0 0.141734532654581 0 0 0 0.194308250271176 0 0 0 0 0 0 0
"10" 0.186380753375181 0.124802977772466 0 0 0 0 0.15226681632549 0 0.253567801490619 0 0.877247427069915 0 0 0.314657652725794 0 0 0 0 0 0 0
"11" 0 0 0 0 0 0 0 0 0 0.186161226918771 0 0 0 0 0 0 0 0 0 0 0
"12" 0.120410848327977 0 0.171166289200211 0 0.135686281865694 0.142314716666623 0 0 0 0 0 0 0.16768300927742 0 0.195555156136003 0 0 0 0 0 0
"13" 0 0.242835292348851 0 0 0 0.160098580627242 0 0.168685905776742 0 0 0 0.206836781864642 0 0 0.187841310585204 0.539901389012333 0 0 0 0 0.159685524904817
"14" 0 0 0 0 0 0 0.1303865219097 0 0.252358280477147 0.151710528267585 0 0 0 0 0 0 0 0.104751292705252 0 0 0
"15" 0 0 0.110828746375663 0 0.136926411907769 0 0 0 0 0 0 0.0993477938155832 0.168745341695648 0 0 0 0.248004981979576 0 0 0.285784394616344 0
"16" 0 0 0 0 0.154004228660405 0 0 0 0 0 0 0 0.168360882902275 0 0 0 0 0.105070075611227 0 0 0
"17" 0 0 0.122067243635829 0 0 0 0 0.21958425567561 0 0 0 0 0 0 0.200884307388065 0 0 0 0.121994589847002 0.243361915939068 0
"18" 0.131178576554305 0 0.163266938413982 0 0 0 0.170059715193207 0 0 0 0 0 0 0.228149910432201 0 0.33814474419861 0 0 0.192965424373117 0 0
"19" 0.156109447593367 0 0 0 0.155761377063734 0 0 0 0 0 0 0 0 0 0 0 0.166812293794844 0.155990870648149 0 0 0.144410164004012
"20" 0 0.216607833524673 0 0 0 0 0.129474712171628 0 0 0 0 0 0 0 0.194201805150776 0 0.172805409728581 0 0 0 0
"21" 0 0.122777707000193 0 0 0.154016571399752 0.144070225562252 0.115702459257812 0 0 0 0 0 0.136540416357365 0 0 0 0 0 0.269885171568557 0 0
