"V1" "V2" "V3" "V4" "V5" "V6" "V7" "V8" "V9" "V10" "V11" "V12" "V13" "V14" "V15" "V16" "V17" "V18" "V19" "V20" "V21"
"1" 0 0.628102417384502 0.391243270536312 0.720839677610164 0.394885260822542 0.54208700813657 0.409424119438838 0.799964609276542 0.797872220895321 0.355538583687978 1.12014325324442 0.767498451299187 0.542809330708945 0.583101532758923 0.464483951647781 0.778106796874731 0.675710991251074 0.621866094140961 0.540783883513232 0.296562748290909 0.943255451140868
"2" 0.628102417384502 0 0.308796370691976 0.739934907261085 0.248666946601571 0.211831676427342 0.67897970593287 0.533562043403135 0.399215015890893 0.274141499425411 0.697451341972299 0.870482050173252 0.528995491855366 0.280478261371849 0.692417254923029 0.616985930980189 0.546827160310722 0.58600857322692 0.0921713933628617 0.342722941664649 0.738825103975484
"3" 0.391243270536312 0.308796370691976 0 0.510473981341121 0.0898506777490285 0.363941427971748 0.373804025363838 0.447291914395306 0.411558574479288 0.175373511573631 0.740300235571512 0.619720601142134 0.28299001175177 0.193927746851354 0.393869087166212 0.468086060572056 0.368722223804731 0.361988145313511 0.219701654768195 0.223630987474821 0.627329668736438
"4" 0.720839677610164 0.739934907261085 0.510473981341121 0 0.598885267830876 0.86501682083069 0.33326883868139 0.330186319901776 0.4817741898173 0.684110044957563 0.634427278093053 0.141899717724157 0.227536808113441 0.461051865916054 0.279033604038591 0.2090894731762 0.207529698120502 0.154845617028218 0.678764789878118 0.718483776294717 0.306202505575581
"5" 0.394885260822542 0.248666946601571 0.0898506777490285 0.598885267830876 0 0.274727717876127 0.454110959103053 0.50888945958595 0.446123972625418 0.0964734252610489 0.777556789034607 0.709528241318038 0.371379116141098 0.233241190713671 0.47850345730116 0.543892236815344 0.447965939530313 0.448686411651931 0.156537441538239 0.161072936866997 0.698463851385992
"6" 0.54208700813657 0.211831676427342 0.363941427971748 0.86501682083069 0.274727717876127 0 0.722078265286898 0.715015848886902 0.599300928974943 0.221093739570393 0.907739394284101 0.981525057552827 0.63926632998333 0.437130184856048 0.750647341023098 0.779595245347827 0.694437504407976 0.711462284975281 0.206607740323351 0.25113509059794 0.918184061449163
"7" 0.409424119438838 0.67897970593287 0.373804025363838 0.33326883868139 0.454110959103053 0.722078265286898 0 0.532760346959333 0.613493293290496 0.50461319909625 0.875711156487196 0.35872444416019 0.247504939528053 0.463784063202754 0.0564170240302289 0.458665483517554 0.375995400895713 0.291102294714798 0.592569663464385 0.506417204428376 0.608630065928728
"8" 0.799964609276542 0.533562043403135 0.447291914395306 0.330186319901776 0.50888945958595 0.715015848886902 0.532760346959333 0 0.169471128953178 0.605219415356379 0.343128429104034 0.468551166316856 0.288363174031082 0.283026904536921 0.499165369235619 0.124897160024495 0.158559294845544 0.248947005933426 0.508447863479584 0.666552205963769 0.205278502460712
"9" 0.797872220895321 0.399215015890893 0.411558574479288 0.4817741898173 0.446123972625418 0.599300928974943 0.613493293290496 0.169471128953178 0 0.536565532061797 0.331475657494412 0.623349704151607 0.370318923038196 0.217970785606617 0.592746158661501 0.289410661593004 0.281136719124703 0.366088255739584 0.397365966488307 0.606656838207897 0.359986267779627
"10" 0.355538583687978 0.274141499425411 0.175373511573631 0.684110044957563 0.0964734252610489 0.221093739570393 0.50461319909625 0.605219415356379 0.536565532061797 0 0.86721393940047 0.78793150618879 0.457140619273333 0.327651609227416 0.536881191087859 0.639198665349411 0.541998992135049 0.537141747407805 0.191728358508164 0.0743185280436969 0.794713401435966
"11" 1.12014325324442 0.697451341972299 0.740300235571512 0.634427278093053 0.777556789034607 0.907739394284101 0.875711156487196 0.343128429104034 0.331475657494412 0.86721393940047 0 0.754738175558789 0.631223169079304 0.548260940752293 0.840597895483775 0.433612429844577 0.500166298223321 0.588611696133186 0.716079478035679 0.937900168097917 0.354370288653602
"12" 0.767498451299187 0.870482050173252 0.619720601142134 0.141899717724157 0.709528241318038 0.981525057552827 0.35872444416019 0.468551166316856 0.623349704151607 0.78793150618879 0.754738175558789 0 0.344512216124729 0.594846437770467 0.303076958919095 0.344790270749835 0.348832311124802 0.286182166158428 0.80402961764643 0.813096700716518 0.408104350549478
"13" 0.542809330708945 0.528995491855366 0.28299001175177 0.227536808113441 0.371379116141098 0.63926632998333 0.247504939528053 0.288363174031082 0.370318923038196 0.457140619273333 0.631223169079304 0.344512216124729 0 0.262587274976083 0.222473866456336 0.236898408943098 0.138480260887992 0.0840083652777711 0.459734593876391 0.494758296888192 0.400980040765581
"14" 0.583101532758923 0.280478261371849 0.193927746851354 0.461051865916054 0.233241190713671 0.437130184856048 0.463784063202754 0.283026904536921 0.217970785606617 0.327651609227416 0.548260940752293 0.594846437770467 0.262587274976083 0 0.460358399899265 0.34357243142108 0.266710035464885 0.308748623762325 0.232991747006595 0.394196350741019 0.482545723776289
"15" 0.464483951647781 0.692417254923029 0.393869087166212 0.279033604038591 0.47850345730116 0.750647341023098 0.0564170240302289 0.499165369235619 0.592746158661501 0.536881191087859 0.840597895483775 0.303076958919095 0.222473866456336 0.460358399899265 0 0.416544484307972 0.340777337887513 0.25222339593384 0.609033880425999 0.544907175820141 0.561408887129138
"16" 0.778106796874731 0.616985930980189 0.468086060572056 0.2090894731762 0.543892236815344 0.779595245347827 0.458665483517554 0.124897160024495 0.289410661593004 0.639198665349411 0.433612429844577 0.344790270749835 0.236898408943098 0.34357243142108 0.416544484307972 0 0.1036251100069 0.168626762649444 0.576560297555006 0.691659287582664 0.165547144477921
"17" 0.675710991251074 0.546827160310722 0.368722223804731 0.207529698120502 0.447965939530313 0.694437504407976 0.375995400895713 0.158559294845544 0.281136719124703 0.541998992135049 0.500166298223321 0.348832311124802 0.138480260887992 0.266710035464885 0.340777337887513 0.1036251100069 0 0.0909686345330975 0.496196418135926 0.591678932699661 0.269028464484327
"18" 0.621866094140961 0.58600857322692 0.361988145313511 0.154845617028218 0.448686411651931 0.711462284975281 0.291102294714798 0.248947005933426 0.366088255739584 0.537141747407805 0.588611696133186 0.286182166158428 0.0840083652777711 0.308748623762325 0.25222339593384 0.168626762649444 0.0909686345330975 0 0.523919185531027 0.57730246796116 0.326866773106547
"19" 0.540783883513232 0.0921713933628617 0.219701654768195 0.678764789878118 0.156537441538239 0.206607740323351 0.592569663464385 0.508447863479584 0.397365966488307 0.191728358508164 0.716079478035679 0.80402961764643 0.459734593876391 0.232991747006595 0.609033880425999 0.576560297555006 0.496196418135926 0.523919185531027 0 0.264177055976364 0.711947448443126
"20" 0.296562748290909 0.342722941664649 0.223630987474821 0.718483776294717 0.161072936866997 0.25113509059794 0.506417204428376 0.666552205963769 0.606656838207897 0.0743185280436969 0.937900168097917 0.813096700716518 0.494758296888192 0.394196350741019 0.544907175820141 0.691659287582664 0.591678932699661 0.57730246796116 0.264177055976364 0 0.850703156872405
"21" 0.943255451140868 0.738825103975484 0.627329668736438 0.306202505575581 0.698463851385992 0.918184061449163 0.608630065928728 0.205278502460712 0.359986267779627 0.794713401435966 0.354370288653602 0.408104350549478 0.400980040765581 0.482545723776289 0.561408887129138 0.165547144477921 0.269028464484327 0.326866773106547 0.711947448443126 0.850703156872405 0
