"V1" "V2" "V3" "V4" "V5" "V6" "V7" "V8" "V9" "V10" "V11" "V12" "V13" "V14" "V15" "V16" "V17" "V18" "V19" "V20" "V21"
"1" 0 0 0.181355499315319 0 0 0.285927096095283 0 0 0 0 0 0 0 0 0 0 0 0 0 0 0
"2" 0 0 0 0 0 0 0 0 0.424081138092114 0.122959489599063 0 0 0 0 0.148636813540349 0 0 0 0 0 0.291489683434065
"3" 0.454914912521532 0 0 0 0.408741729779502 0 0.185399606251651 0 0 0 0 0 0 0 0 0 0.342230297425226 0.657496233574404 0 0 0
"4" 0 0 0 0 0 0 0 0 0 0.0822515614739625 0 0 0 0 0 0 0 0 0 0 0.331383895912107
"5" 0 0 0.231030106211315 0 0 0 0.142470436600823 0 0 0 0 0 0 0 0.0974929062224211 0 0 0 0 0 0
"6" 0.563119560102498 0 0 0 0 0 0 0 0 0 0 0 0 0.224156500013016 0.157750843940749 0 0 0 0 0 0
"7" 0 0 0.272787147656536 0 0.411186058818813 0 0 0.292587208379127 0 0 0 0.269002912771037 0.225400667115825 0 0.15661983684843 0 0 0 0 0 0
"8" 0 0 0 0 0 0 0.168421823082915 0 0 0.198498410036826 0 0 0 0.269321664496523 0 0 0 0 0 0 0
"9" 0 0.205213349920967 0 0 0 0 0 0 0 0 0 0 0 0 0.145155561985892 0 0 0 0.292958782963565 0 0
"10" 0 0.187947097643622 0 0.539618444328119 0 0 0 0.326903615568391 0 0 0 0 0 0.225808651614721 0 0.452416406548928 0.349662400559577 0 0 0.524894020236326 0
"11" 0 0 0 0 0 0 0 0 0 0 0 0.341755967947975 0 0 0 0 0 0 0 0 0
"12" 0 0 0 0 0 0 0.182897733680489 0 0 0 1.0868298761104 0 0 0 0 0 0 0 0.257478710785012 0 0
"13" 0 0 0 0 0 0 0.169118441985733 0 0 0 0 0 0 0 0.155529753485818 0.541394194476486 0.351613013550999 0 0 0 0
"14" 0 0 0 0 0 0.469567262100334 0 0.362511472105924 0 0.144992439708048 0 0 0 0 0 0 0 0 0.203949783378331 0 0.329054967938471
"15" 0 0.247231310422654 0 0 0.428360469033635 0.386162090424269 0.188061620856812 0 0.448038986492892 0 0 0 0.35300802764407 0 0 0 0 0 0 0.563772456000693 0
"16" 0 0 0 0 0 0 0 0 0 0.167848304041393 0 0 0.183478861062463 0 0 0 0 0 0 0 0
"17" 0 0 0.214115498136275 0 0 0 0 0 0 0.132134535300552 0 0 0.287164866830735 0 0 0 0 0 0 0 0
"18" 0 0 0.21315336863993 0 0 0 0 0 0 0 0 0 0 0 0 0 0 0 0.247845702734062 0 0
"19" 0 0 0 0 0 0 0 0 0.228503570826358 0 0 0.3267391731516 0 0.105671432808972 0 0 0 0.614008945381539 0 0 0
"20" 0 0 0 0 0 0 0 0 0 0.151219873561188 0 0 0 0 0.168791394581609 0 0 0 0 0 0
"21" 0 0.245553235023963 0 0.460669898988649 0 0 0 0 0 0 0 0 0 0.116046543251575 0 0 0 0 0 0 0
