"V1" "V2" "V3" "V4" "V5" "V6" "V7" "V8" "V9" "V10" "V11" "V12" "V13" "V14" "V15" "V16" "V17" "V18" "V19" "V20" "V21"
"1" 0 0 0 0.057706686030806 0.0710185322606346 0 0.0658195537253971 0 0 0 0 0 0.147131860250727 0.0845209924117461 0.138270376630912 0 0 0.0505673650762987 0.118488140698315 0 0
"2" 0 0 0 0 0 0 0.105702164286268 0.15658563937828 0.177862116891117 0 0.0447740632771816 0.14887270631226 0.0741807759308288 0 0 0 0 0 0 0.0758857444116142 0.101390340301902
"3" 0 0 0 0.0396840767700221 0.0920226592757606 0 0 0 0 0.0779392381460259 0 0 0 0.0570960141800432 0.138200213449463 0.176346389345886 0 0.064194795189097 0.109550513584104 0 0
"4" 0.128539850674163 0 0.093853133092869 0 0.101530563091327 0 0.100163297826928 0.0944961594219679 0 0.098202439191756 0.0628418006019934 0 0.186561389600633 0.077071359616852 0.124512328661352 0.12802047052169 0.116272381106976 0.0630180267417552 0.115052463490165 0.0904220340629172 0.0625162366487051
"5" 0.131805874918215 0 0.149905913191402 0.043344939994325 0 0 0 0 0 0.139245342141047 0.0635638434184756 0 0 0.0664772635021131 0.0693957598596907 0.166038339773813 0 0.0633085526697291 0.095752154997628 0 0
"6" 0 0 0 0 0 0 0 0 0 0.100735551445936 0 0 0 0 0 0 0.0675315114131479 0.074515623650347 0 0 0.0903390683456744
"7" 0.0949854177046799 0.183801377694192 0 0.0407570710956935 0 0 0 0.0872472087479938 0 0 0.0664866238019093 0 0.107506580786316 0.0616960323330398 0 0 0 0.0390121886699569 0.0709521149920198 0.0964143490387589 0.0737428239483881
"8" 0 0.0391051364276735 0 0.0485050474532523 0 0 0.0964838605417919 0 0.137954407150325 0 0.0451824649634648 0.171564917953055 0 0 0 0 0.0812689278143528 0.0716964266860086 0 0.0871027559027154 0.0855822636440826
"9" 0 0.147466345405072 0 0 0 0 0 0.0932945703754731 0 0 0.0578163707999829 0.171817987985857 0 0 0 0 0.104680647451196 0 0 0.0855252093375295 0.0884616362672807
"10" 0 0 0.134781777600718 0.0681124463273718 0.0920323152887733 0.23146041091113 0 0 0 0 0.0791276466725401 0 0 0.0784573088166535 0 0 0.0962780390697226 0.0444226634587416 0.139907572606189 0 0.0599211576675807
"11" 0 0.110382644655137 0 0.0491503321098785 0.131570555948329 0 0.12176591733725 0.139399654671547 0.158429182639123 0.0816256379024389 0 0.150955879863354 0.104050764914 0.0590207769081982 0 0 0.100223444713102 0.0597840691315023 0.073237333075042 0.0890121727384106 0.0754153860160031
"12" 0 0.121611028592971 0 0 0 0 0 0.116512365364506 0.128062775941344 0 0.106667869200652 0 0 0 0 0 0 0 0 0.080205045979685 0.100251390241508
"13" 0.0494229568782092 0.143324522061661 0 0.0543096375831769 0 0 0.100784312029209 0 0 0 0.0732879592279158 0 0 0.0820425943984341 0 0 0 0 0 0.0763164123241353 0
"14" 0.148058401153634 0 0.125352314428323 0.0771642546037976 0.0786235818252658 0 0.0667086057840425 0 0 0.0714664731071193 0.089175097152748 0 0.187817780005202 0 0.148220743555491 0.129370743915683 0.10068872687277 0.0601709848380491 0.134391860948066 0.0891653699452663 0.0890016828361322
"15" 0.135483998232014 0 0.142134572357248 0.0728058138982452 0.0856471799565907 0 0 0 0 0 0 0 0 0.0666533234389131 0 0.139778546392965 0 0.0762585665936329 0.0748983733445094 0 0
"16" 0 0 0.111446109700445 0.072196854669719 0.12281848764649 0 0 0 0 0 0 0 0 0.0561180957785689 0.16525943977017 0 0 0.0538177768710386 0.0851258911468877 0 0
"17" 0 0 0 0.0543632966175912 0 0.168283001540961 0 0.101680253706422 0.100442256502564 0.086704151082883 0.0596943489832114 0 0 0.0881526079049744 0 0 0 0.0356692212984648 0 0.0825707707793423 0.0819927372070584
"18" 0.128723272395796 0 0.12300296062594 0.056525821898128 0.0863574333419824 0.348680970542843 0.119473376549643 0.0434635756650982 0 0.0906744121132142 0.0670778647831573 0 0 0.0592762304176604 0.119435440531495 0.158010520268544 0.114841744647324 0 0.0679542463437302 0.0996993347533225 0.065529283618773
"19" 0.116884046196997 0 0.113612552030572 0.0646336689107886 0.0693852478607856 0 0.101584306207701 0 0 0.051148895936726 0.0723491385753006 0 0 0.0738916088667444 0.183855862002818 0.156170185259985 0 0.0517060851213013 0 0 0
"20" 0 0.0916900674297119 0 0.0602706313220097 0 0 0.0857263865944798 0.116890164962843 0.140274115081974 0 0.0801340763376037 0.133550779914987 0.176372002915905 0.0627563560323874 0 0 0.127521598790629 0.0718257406162054 0 0 0.0739750311509379
"21" 0 0.155819424078975 0 0.0602624265042424 0 0.29254145267612 0.0960005394207845 0.0670004054249964 0.111488836699393 0.142090832985752 0.066589099637696 0.151843637502395 0 0.0758293134265417 0 0 0.0618671529762799 0.0402699073225245 0 0.0882685490621013 0
