"V1" "V2" "V3" "V4" "V5" "V6" "V7" "V8" "V9" "V10" "V11" "V12" "V13" "V14" "V15" "V16" "V17" "V18" "V19" "V20" "V21" "V22" "V23" "V24" "V25" "V26" "V27" "V28" "V29" "V30" "V31" "V32" "V33" "V34" "V35" "V36" "V37" "V38" "V39" "V40" "V41" "V42"
"1" 0 0 0.103385849879343 0 0 0 0 0 0 0 0 0 0.0685829178076403 0 0 0.108785453479214 0 0 0.175690130524184 0 0 0 0.250076989755228 0.0927428329238926 0 0 0 0.0626127113889326 0 0 0.0807830154930602 0 0 0.117234886933693 0 0 0 0.0891455907336813 0 0 0 0
"2" 0 0 0 0 0 0 0.266793053865093 0 0.0679508091310385 0.129400150728733 0.173166163071142 0 0 0 0 0 0.0964146879712455 0 0 0 0 0 0 0 0 0 0 0 0 0 0 0.160873299302993 0 0 0 0.165614114157858 0 0 0 0 0 0
"3" 0.125065835747969 0 0 0 0 0 0 0 0 0 0 0 0.0904444181222841 0 0 0.0856147044725417 0 0 0.19862179795392 0 0 0 0.241087616968526 0.0695542115637699 0 0 0 0.0823720583177584 0 0 0.0526640101899335 0 0.0668084021969445 0.114693689685023 0 0 0 0.0911388218435515 0 0 0 0
"4" 0 0 0 0 0 0.0662486317644963 0 0.0982969028772996 0 0 0 0.110866935271232 0 0 0.0823769334557668 0 0 0.0676244328230269 0 0.0925110940169215 0 0 0 0 0.0331364450172434 0.112819041399121 0.166480872283225 0 0 0.0781427453988835 0.08261020761017 0 0 0 0.0768627548255267 0 0 0 0.0454492960794785 0.0752187147993488 0.162714124137853 0
"5" 0 0 0 0 0 0 0 0 0 0 0 0 0 0.405218500343751 0 0 0 0 0 0 0.437906299109339 0 0 0 0 0 0 0 0.0833184171958176 0 0 0.132854641301287 0.0875487733730909 0.090988247278916 0 0 0 0 0 0 0 0
"6" 0 0 0 0.0626135084695672 0 0 0 0 0 0 0 0.121709943141026 0 0 0.0355560333701928 0 0.0790397595197774 0.0743239943746746 0 0.0544476346788287 0 0.141051066575238 0 0 0.0708075120691577 0 0 0.0810263015793753 0.0883244212076104 0.0744970534306266 0 0 0.123777277900167 0 0.0741804154930732 0 0 0 0.0854123163294897 0.0585461051805688 0 0
"7" 0 0.178512852897735 0 0 0 0 0 0 0.0739760379457516 0.072034113458454 0.112996220954391 0 0 0 0 0 0 0 0 0 0 0 0 0 0 0 0 0 0 0 0 0.104354891074729 0 0 0 0 0 0 0 0 0 0
"8" 0 0 0 0.0741476974191892 0 0 0 0 0 0 0 0 0.0930657222521238 0 0.0699938352540631 0 0 0 0 0 0 0 0 0 0.0415261000804154 0.102325673525927 0.150603053023624 0 0 0 0.0787013882509711 0 0 0 0.0738909439907581 0 0 0 0 0 0.160028956348909 0
"9" 0 0.157221812485992 0 0 0 0 0.278719121621069 0 0 0.118483098299713 0.102240044689621 0 0 0 0 0 0.0522959987565922 0 0 0 0 0.115278470365106 0 0 0 0 0 0 0.103616779989134 0 0 0.178057677870845 0 0 0 0.201401388294363 0.214020072999664 0 0.0938183779453635 0.0860451852801944 0 0.185476953415646
"10" 0 0.167979950903073 0 0 0 0 0.134377194470174 0 0.100314471811452 0 0.0987536888043101 0 0 0 0 0 0.0568694861683866 0 0 0 0 0 0 0 0 0 0 0 0 0 0 0.126375765993264 0 0 0 0.182017809804994 0.130665343544585 0 0 0 0 0.164189024863359
"11" 0 0.111163299875605 0 0 0 0 0.197624686979365 0 0.0864680490150988 0.100413019842866 0 0 0 0 0 0 0.0489483202491256 0 0 0 0 0 0 0 0 0 0 0 0 0 0 0.148548139364099 0 0 0 0.111413411077753 0.230302631460146 0 0 0 0 0.138351628397089
"12" 0 0 0 0.0734863391462719 0 0.0586679125241109 0 0 0 0 0 0 0 0 0.0486935771646185 0 0 0 0 0.0600926092006259 0 0.107709567242084 0 0 0 0 0 0 0 0.0683020596456255 0 0 0 0 0.0835657250413804 0 0 0 0 0.0689534245634495 0 0
"13" 0.0713069392895292 0 0.104649935464274 0 0 0 0 0.103264079396557 0 0 0 0 0 0 0 0.0843707276020888 0 0 0 0 0 0 0 0.0878079516315717 0.0611250651281334 0.104516457135947 0 0.0798311971323363 0 0 0.0685057981223194 0 0 0 0 0 0 0.125777591424986 0 0 0 0
"14" 0 0 0 0 0.103532359010089 0 0 0 0 0 0 0 0 0 0 0 0 0 0 0 0.295476245742244 0 0 0 0 0 0 0 0 0 0 0 0 0 0 0 0 0 0 0 0 0
"15" 0 0 0 0.0518122241512902 0 0.0630779703798463 0 0.132368864828776 0 0 0 0.161447074114402 0 0 0 0 0 0.0771784512160375 0 0.0978192371919387 0 0.111951517286449 0 0 0.0550349733932553 0 0.123600802685622 0 0 0.0749287602086935 0 0 0 0 0.0974691273675707 0 0 0 0.0733230003200228 0.0947791440545088 0.225004695694212 0
"16" 0.066377336361507 0 0.095041365895346 0 0 0 0 0 0 0 0 0 0.0803579020600037 0 0 0 0 0 0 0 0 0 0 0.105236595251841 0.0491285958214666 0 0 0.0770670935528229 0 0 0.0769245318459389 0 0.103718624807315 0.119758486808173 0 0 0 0.120689834785917 0 0 0 0
"17" 0 0.147559302297504 0 0 0 0.0714994279498063 0 0 0.0775071843206638 0.123221401672041 0.164955801318941 0 0 0 0 0 0 0.0600582245575363 0 0.0825503464829917 0 0 0 0 0 0 0 0 0.101901382344986 0.0617719700354299 0 0.163154667864868 0.105159761600504 0 0 0 0 0 0.064147370481873 0.035985279278935 0 0
"18" 0 0 0 0.0602572407689847 0 0.0494986926986323 0 0 0 0 0 0 0 0 0.0719712993366291 0 0.067568226166388 0 0 0.0887874183243146 0 0 0 0 0.0378199821618878 0.0800041500740083 0 0.053749343405918 0.0743144815226404 0.0792422948554224 0.10595941435434 0 0.121491274411935 0 0.0932905000945687 0 0 0 0.0783621028441993 0.0670513030513383 0 0
"19" 0.10455492352827 0 0.0961286079278567 0 0 0 0 0 0 0 0 0 0 0 0 0 0 0 0 0 0 0 0.180685273995146 0.0987174410222914 0 0 0 0 0 0 0 0 0 0.0950219583519467 0 0 0 0 0 0 0 0
"20" 0 0 0 0.0630757158283911 0 0.0601296293522275 0 0 0 0 0 0.102482413759238 0 0 0.0684246055859491 0 0.101080274202749 0.0454729883874705 0 0 0 0.156895315158298 0 0 0.063941005733084 0 0 0 0.0978411100330893 0.0696699433554962 0 0 0 0 0.0927883746795813 0 0 0 0.0831192713491342 0.0872372908906812 0 0
"21" 0 0 0 0 0.174008075070187 0 0 0 0 0 0 0 0 0.432207487037286 0 0 0 0 0 0 0 0 0 0 0 0 0 0 0 0 0 0 0 0.134603859901137 0 0 0 0 0 0 0 0
"22" 0 0 0 0 0 0.072910167540642 0 0 0.0823807726455077 0 0 0.0942031633350626 0 0 0.0740813719723633 0 0 0 0 0.0667034543313676 0 0 0 0 0 0 0 0 0 0.0685806824545027 0 0 0 0 0 0 0 0 0.0669321672607195 0.0668701431117124 0 0
"23" 0.089813416054917 0 0.0734140285605757 0 0 0 0 0 0 0 0 0 0 0 0 0 0 0 0.237265197136876 0 0 0 0 0.107880378947518 0 0 0 0 0 0 0 0 0 0.104184864376207 0 0 0 0 0 0 0 0
"24" 0.105960318252245 0 0.0906076264722105 0 0 0 0 0 0 0 0 0 0.112058240904262 0 0 0.0864839885409891 0 0 0.231817832698492 0 0 0 0.200769414383262 0 0 0 0 0.0730746485771361 0 0 0.106700451767349 0 0 0.0966833478688883 0 0 0 0.149117777974846 0 0 0 0
"25" 0 0 0 0.0739025863515653 0 0.0664476983829448 0 0.110798785473731 0 0 0 0 0.110414431089563 0 0.0847317321792676 0.0905545449266515 0 0.0615886946061852 0 0.0809872098718358 0 0 0 0 0 0.0937004201838877 0 0.050550308520835 0.095366939174714 0.0800263745097651 0.107316299190738 0 0.0843884867507163 0 0.0781866876832835 0 0 0.106054526848609 0.0930662855983969 0 0 0
"26" 0 0 0 0.0420752025546272 0 0 0 0.128486246314439 0 0 0 0 0.0999136074061084 0 0 0 0 0.0534481150830744 0 0 0 0 0 0 0.0658057821592843 0 0.19673424236169 0 0 0 0.0809104168392798 0 0 0 0.0724616707336189 0 0 0.101033879804937 0 0 0 0
"27" 0 0 0 0.0678319176500864 0 0 0 0.133208961338208 0 0 0 0 0 0 0.0606322832190458 0 0 0 0 0 0 0 0 0 0 0.142005091600736 0 0 0 0 0 0 0 0 0.0596638463451802 0 0 0 0 0 0.220811016895976 0
"28" 0.0799415175557361 0 0.0928449670193687 0 0 0.0609606079883603 0 0 0 0 0 0 0.0836951989462304 0 0 0.0830330465459686 0 0.0629225578524986 0 0 0 0 0 0.101586914835679 0.0716050430662544 0 0 0 0.0629320243208024 0 0.0765018921923565 0 0.101735829805768 0.0927172681354448 0 0 0 0.0884194972495775 0.0778487495451976 0 0 0
"29" 0 0 0 0 0.183170957936449 0.0696614594561161 0 0 0.0824934213135418 0 0 0 0 0 0 0 0.0676870652434909 0.0780039743001062 0 0.11092184450743 0 0 0 0 0.0822567567038325 0 0 0.0304336232802456 0 0.0898413672709682 0 0 0.0872258868264363 0 0 0 0 0 0.0604014421415819 0.0929555683897929 0 0
"30" 0 0 0 0.0735819687086198 0 0.0794803618731632 0 0 0 0 0 0.118450143241153 0 0 0.0610093317256893 0 0.0563685082551472 0.0541243158328295 0 0.0748430893136995 0 0.137531254346763 0 0 0.0538317964645453 0 0 0 0.0665495496711183 0 0 0 0 0 0.0499271083930327 0 0 0 0.0616707334075801 0.0825437762288825 0 0
"31" 0.116050300336483 0 0.120134079208218 0.0656478877361451 0 0 0 0.089708054773887 0 0 0 0 0.106906691055488 0 0 0.126027013983911 0 0.0676470956246351 0 0 0 0 0 0.122019608524723 0.0602504809519135 0.114944501604566 0 0.0844025756697589 0 0 0 0 0 0 0.068380955455451 0 0 0.121202372638258 0 0 0 0
"32" 0 0.0820233280890533 0 0 0.17831797992478 0 0.224823718868138 0 0.0532812898505426 0.110241202177473 0.106599088288894 0 0 0 0 0 0.0916130976654619 0 0 0 0 0 0 0 0 0 0 0 0 0 0 0 0 0 0 0 0 0 0 0 0 0
"33" 0 0 0.0817414922708802 0 0.238734834178858 0.0543651762785446 0 0 0 0 0 0 0 0 0 0.0723704538467486 0.0578492734070367 0.0659139719368862 0 0 0 0 0 0 0.0639709728422129 0 0 0.0629063422778247 0.0637817500111682 0 0 0 0 0.0868446761825753 0 0 0 0 0.0684999003957069 0 0 0
"34" 0.101697490345829 0 0.0950921479098061 0 0.192732690366999 0 0 0 0 0 0 0 0 0 0 0.0713601862847659 0 0 0.174884540686928 0 0.411200741506549 0 0.235592433845494 0.0835236285478264 0 0 0 0.0807716024228688 0 0 0 0 0.118949948966967 0 0 0 0 0 0 0 0 0
"35" 0 0 0 0.0553407797698369 0 0.0672961186375019 0 0.0772383006143924 0 0 0 0.160001819112743 0 0 0.0912401827665887 0 0 0.0789194237363577 0 0.0452651703846137 0 0 0 0 0.0693295138166526 0.136262455975074 0.189314310681157 0 0 0.0919216198852212 0.0724099737944981 0 0 0 0 0 0 0 0 0 0.211994691909319 0
"36" 0 0.133045168464715 0 0 0 0 0 0 0.0712019511288894 0.0748997348769375 0.0962704143566748 0 0 0 0 0 0 0 0 0 0 0 0 0 0 0 0 0 0 0 0 0 0 0 0 0 0.19994516187969 0 0 0 0 0.217585993623445
"37" 0 0 0 0 0 0 0 0 0.0691370941703729 0.107207944412281 0.13920257900111 0 0 0 0 0 0 0 0 0 0 0 0 0 0 0 0 0 0 0 0 0 0 0 0 0.177624931240639 0 0 0 0 0 0.138042677283804
"38" 0.131235743986879 0 0.0875129671464333 0 0 0 0 0 0 0 0 0 0.0907130824184283 0 0 0.0546817359410038 0 0 0 0 0 0 0 0.0924170240054629 0.074491574161754 0.113095733036395 0 0.0775588251652588 0 0 0.0666650436464609 0 0 0 0 0 0 0 0 0 0 0
"39" 0 0 0 0.0496523844935372 0 0.0410402513632375 0 0 0.0631654168572779 0 0 0 0 0 0.0667652494490283 0 0.0646235442328714 0.0659714275841655 0 0.0855739889313481 0 0.0851131539249561 0 0 0.0548189319113468 0 0 0.080332056613561 0.069379428459512 0.107344533367054 0 0 0.102638089066537 0 0 0 0 0 0 0.0608314300968582 0 0
"40" 0 0 0 0.0697643571375795 0 0.0669786722037714 0 0 0.0948258564661215 0 0 0.114702888802253 0 0 0.064972245395652 0 0.0653978226541709 0.0673647154749742 0 0.057366244223584 0 0.124985864941972 0 0 0 0 0 0 0.101278402798391 0.0923850863823196 0 0 0 0 0 0 0 0 0.0833944898715541 0 0 0.136184619387668
"41" 0 0 0 0.0593765548904318 0 0 0 0.165023833960661 0 0 0 0 0 0 0.0881884044898088 0 0 0 0 0 0 0 0 0 0 0 0.163575290083013 0 0 0 0 0 0 0 0.0779514058425021 0 0 0 0 0 0 0
"42" 0 0 0 0 0 0 0 0 0.0975027801371185 0.125006247018475 0.0736756864499209 0 0 0 0 0 0 0 0 0 0 0 0 0 0 0 0 0 0 0 0 0 0 0 0 0.131679670827487 0.169723415663673 0 0 0.0652970937872667 0 0
