"V1" "V2" "V3" "V4" "V5" "V6" "V7" "V8" "V9" "V10" "V11" "V12" "V13" "V14" "V15" "V16" "V17" "V18" "V19" "V20" "V21"
"1" 0 0 0.290158391107983 0 0 0 0 0.270663758546345 0 0.234795938504341 0 0 0 0 0.133240241453329 0 0.147697533316621 0 0 0 0
"2" 0 0 0 0 0 0 0.0861839953058706 0 0 0 0 0 0 0.135259482541148 0.134255224997028 0 0 0 0 0 0
"3" 0.180124464488108 0 0 0.161107366672493 0 0 0 0 0 0 0.179359535378798 0 0 0 0 0 0.141717633055869 0 0 0 0
"4" 0 0 0.244258916650075 0 0 0 0.0920011111607332 0.190449877713383 0 0 0 0 0.156129454108167 0.186198157875891 0 0.170320412066872 0 0 0.361759221799498 0 0
"5" 0 0 0 0 0 0 0 0 0 0 0 0 0.160569721257193 0.0974448425514982 0.142797187258075 0.213611346197507 0.083418306313809 0.199948744975472 0 0 0
"6" 0 0 0 0 0 0 0.167240185061569 0.13464578796734 0 0 0 0 0 0 0 0.176674638416003 0 0 0 0 0
"7" 0 0.353355896478814 0 0.108901640901697 0 0.24934432153288 0 0 0 0.228451109241763 0 0.181509914336049 0.138132217495995 0 0 0 0.157245864827905 0 0 0 0
"8" 0.126592763543269 0 0 0.114541442377727 0 0.306728440864032 0 0 0 0 0.137213794620306 0 0 0 0 0.194514595545023 0 0 0 0 0
"9" 0 0 0 0 0 0 0 0 0 0.176246530538126 0 0.14735131913794 0 0 0.113316070806983 0 0 0 0 0.289685697392516 0
"10" 0.2042343606656 0 0 0 0 0 0.155126616006855 0 0.292994342246662 0 0 0 0 0.253483633815264 0 0 0.19248730346637 0 0 0 0
"11" 0 0 0.210407799190869 0 0 0 0 0.216032398739627 0 0 0 0 0 0 0.126964972144712 0.142616398560008 0 0 0 0.344266288343526 0.309613915407787
"12" 0 0 0 0 0 0 0.163660082048305 0 0.215060178144296 0 0 0 0.149313699214971 0.250590920888834 0 0 0 0.297276338891721 0.290434487087174 0 0
"13" 0 0 0 0.135665749640187 0.164203726163358 0 0.116342007415088 0 0 0 0 0.143492884428506 0 0 0 0.144019416189497 0 0.315417038445653 0 0 0
"14" 0 0.385306061541224 0 0.119043841201208 0.174900274047513 0 0 0 0 0.11788798956807 0 0.171405520592263 0 0 0 0 0 0 0 0 0
"15" 0.207106716329585 0.441070715182243 0 0 0.173094167370853 0 0 0 0.354523174114935 0 0.164003379442361 0 0 0 0 0 0.127227565092032 0 0 0.385537432852951 0.382416124523772
"16" 0 0 0 0.0910902961981137 0.147193914057117 0.252882715689047 0 0.2386859099182 0 0 0.152431823314683 0 0.133581133515373 0 0 0 0 0 0 0 0
"17" 0.192137683667908 0 0.250729504092019 0 0.216498219055636 0 0.099089131012432 0 0 0.135561646151892 0 0 0 0 0.16081454575379 0 0 0 0 0 0.261309288962106
"18" 0 0 0 0 0.185670065936539 0 0 0 0 0 0 0.158468327709455 0.11751821179213 0 0 0 0 0 0.337945375278617 0 0
"19" 0 0 0 0.185101097907103 0 0 0 0 0 0 0 0.127850352107589 0 0 0 0 0 0.274136704903582 0 0 0
"20" 0 0 0 0 0 0 0 0 0.290111984563243 0 0.216091488876601 0 0 0 0.124205902080898 0 0 0 0 0 0
"21" 0 0 0 0 0 0 0 0 0 0 0.191873470824303 0 0 0 0.135092371157189 0 0.131564046792084 0 0 0 0
