"V1" "V2" "V3" "V4" "V5" "V6" "V7" "V8" "V9" "V10" "V11" "V12" "V13" "V14" "V15" "V16" "V17" "V18" "V19" "V20" "V21"
"1" 0 0.385998438239944 0 0 0 0 0 0 0 0 0 0 0 0 0 0 0 0 0 0 0
"2" 0.776075588101304 0 0 0.997676235159954 0.25483746663923 0 0 0 0 0 0 0 0 0 0 0 0 0 0 0 0
"3" 0 0 0 0 0.263787584226878 0 0 0 0 0 0 0 0 0 0 0 0 0 0 0 0
"4" 0 0.285065763263812 0 0 0 0 0 0 0 0 0 0 0 0 0 0 0 0 0 0 0
"5" 0 0.406617140391874 0.851692068432852 0 0 0 0 0.363355886228795 0 0 0 0 0 0 0 0 0 0 0 0 0
"6" 0 0 0 0 0 0 0 0 0.287244636050316 0 0 0 0 0 0 0 0 0 0 0 0
"7" 0 0 0 0 0 0 0 0 0 0.185772705123154 0 0 0 0 0 0 0 0 0 0 0
"8" 0 0 0 0 0.313216699175657 0 0 0 0.281805559963922 0 0 0 0 0 0 0.380279900458518 0 0 0 0 0
"9" 0 0 0 0 0 0.633225735702904 0 0.24833239963599 0 0 0 0.177085942134726 0 0 0 0 0 0 0 0 0
"10" 0 0 0 0 0 0 1.07507175959301 0 0 0 1.08088780639249 0.26842149440927 0 0 0 0 0 0 0 0 0
"11" 0 0 0 0 0 0 0 0 0 0.306137268733636 0 0 0 0 0 0 0 0 0 0 0
"12" 0 0 0 0 0 0 0 0 0.265393829029986 0.168360690253024 0 0 0 0.371637979287365 0 0 0 0 0 1.20749013535994 0
"13" 0 0 0 0 0 0 0 0 0 0 0 0 0 0.220912374338949 0 0 0 0 0 0 0
"14" 0 0 0 0 0 0 0 0 0 0 0 0.276870086707134 1.22600899607185 0 0.416026451716386 0 0 0 0 0 0
"15" 0 0 0 0 0 0 0 0 0 0 0 0 0 0.34915308191315 0 0 0 0 0.918304457688202 0 1.27089115040959
"16" 0 0 0 0 0 0 0 0.371857163155337 0 0 0 0 0 0 0 0 0.944931553960097 0.742080952672213 0 0 0
"17" 0 0 0 0 0 0 0 0 0 0 0 0 0 0 0 0.403299812815682 0 0 0 0 0
"18" 0 0 0 0 0 0 0 0 0 0 0 0 0 0 0 0.394402932450055 0 0 0 0 0
"19" 0 0 0 0 0 0 0 0 0 0 0 0 0 0 0.331373308917823 0 0 0 0 0 0
"20" 0 0 0 0 0 0 0 0 0 0 0 0.212521125444658 0 0 0 0 0 0 0 0 0
"21" 0 0 0 0 0 0 0 0 0 0 0 0 0 0 0.29905704703011 0 0 0 0 0 0
