"V1" "V2" "V3" "V4" "V5" "V6" "V7" "V8" "V9" "V10" "V11" "V12" "V13" "V14" "V15" "V16" "V17" "V18" "V19" "V20" "V21"
"1" 0 0.222157068668742 0 0 0 0 0 0 0 0 0 0 0 0 0 0 0 0 0 0 0
"2" 1.05964191715436 0 0 0.268930626493503 0.364989042146147 0 0 0 0 0 0 0 0 0 0 0 0 0 0 0 0
"3" 0 0 0 0 0.333198523061376 0 0 0 0 0 0 0 0 0 0 0 0 0 0 0 0
"4" 0 0.298789301739305 0 0 0 0 0.859211205313916 0 0 0.428020757471011 0 0 0 0 0 0 0 0 0 0 0
"5" 0 0.312543580882075 1.42934826092119 0 0 0 0 0.448251138181536 0 0 0 0 0 0 0 0 0 0 0 0 0
"6" 0 0 0 0 0 0 0 0.278501405440087 0 0 0 0 0 0 0 0 0 0 0 0 0
"7" 0 0 0 0.418302820212717 0 0 0 0 0 0 0 0 0 0 0 0 0 0 0 0 0
"8" 0 0 0 0 0.326630599084191 0.732314228993934 0 0 0 0 0.33905759939199 0 0 0 0 0 0 0 0 0 0
"9" 0 0 0 0 0 0 0 0 0 0 0 0 0.346996130560742 0 0 0 0 0 0 0 0
"10" 0 0 0 0.349736720599119 0 0 0 0 0 0 0 0.894997177973848 0 0 0 0.370446673969076 0 0 0 0 0
"11" 0 0 0 0 0 0 0 0.26864606024868 0 0 0 0 0.410298417850123 1.0978314685125 0 0 0 0 0 0 0
"12" 0 0 0 0 0 0 0 0 0 0.323882651572681 0 0 0 0 0 0 0 0 0 0 0
"13" 0 0 0 0 0 0 0 0 0.833604140035851 0 0.344713678706387 0 0 0 0 0 0.229614857722674 0 0 0 0
"14" 0 0 0 0 0 0 0 0 0 0 0.388881431925459 0 0 0 0 0 0 0 0 0 0
"15" 0 0 0 0 0 0 0 0 0 0 0 0 0 0 0 0 0.297218238321375 0 0 0 0
"16" 0 0 0 0 0 0 0 0 0 0.245506728113093 0 0 0 0 0 0 0 0.96789466597526 1.08470643789916 0 0
"17" 0 0 0 0 0 0 0 0 0 0 0 0 0.349455871478564 0 1.2065118335982 0 0 0 0 0.604008906305191 1.2097112429096
"18" 0 0 0 0 0 0 0 0 0 0 0 0 0 0 0 0.486948401577044 0 0 0 0 0
"19" 0 0 0 0 0 0 0 0 0 0 0 0 0 0 0 0.369336890575147 0 0 0 0 0
"20" 0 0 0 0 0 0 0 0 0 0 0 0 0 0 0 0 0.227191195230847 0 0 0 0
"21" 0 0 0 0 0 0 0 0 0 0 0 0 0 0 0 0 0.238951669888026 0 0 0 0
