"V1" "V2" "V3" "V4" "V5" "V6" "V7" "V8" "V9" "V10" "V11" "V12" "V13" "V14" "V15" "V16" "V17" "V18" "V19" "V20" "V21" "V22" "V23" "V24" "V25" "V26" "V27" "V28" "V29" "V30" "V31" "V32" "V33" "V34" "V35" "V36" "V37" "V38" "V39" "V40" "V41" "V42"
"1" 0 0 0 0.128785883128691 0 0 0 0 0 0 0 0 0 0 0 0 0 0 0 0 0 0 0 0 0 0 0 0 0 0 0.134764261446662 0 0 0 0 0 0 0 0 0 0 0
"2" 0 0 0.111068765311867 0 0 0 0 0.336473394142079 0 0 0 0 0 0 0 0.17593301059642 0 0 0 0 0 0 0 0 0 0 0 0 0.383476855807379 0 0 0 0 0 0 0 0 0 0 0 0 0
"3" 0 0.213782370561487 0 0 0 0 0.322200150023364 0 0 0 0.120796533076289 0 0 0 0 0 0 0 0 0 0 0 1.05679164945824 0 0 0 0 0 0 0 0 0 0 0.175458673310947 0 0.191318967101669 0 0 0 0 0.197631050072608 0
"4" 0.686167543725069 0 0 0 0 0.184624855277975 0 0 0 0 0 0.171890142032596 0 0 0 0.108249067653203 0 0 0 0 0 0.174425094416837 0 0 0 0 0 0 0 0 0 0 0 0 0 0.162318540712065 0 0 0 0.115896850477005 0 0
"5" 0 0 0 0 0 0 0 0 0 0.116979634732736 0 0 0 0 0.285786248288864 0 0 0.413922035657426 0 0 0 0 0 0 0 0 0 0 0 0 0 0 0 0 0 0 0 0 0 0 0 0
"6" 0 0 0 0.13133201446116 0 0 0 0 0 0 0 0 0 0 0 0.202357251777784 0 0 0 0 0 0 0 0 0 0 0 0 0 0 0.151583015891146 0 0 0 0 0 0.12121638894099 0 0 0.136247384610133 0 0
"7" 0 0 0.156498722385525 0 0 0 0 0 0 0 0.102351797303531 0 0 0 0 0 0 0 0 0 0 0 0 0 0 0 0 0 0 0 0 0 0 0 0 0 0 0 0 0 0.170050364093747 0
"8" 0 0.25864521478261 0 0 0 0 0 0 0 0 0 0 0 0 0 0.113509937224454 0.33995501678603 0 0 0 0 0 0 0 0 0 0 0 0 0 0 0 0 0 0 0 0 0 0 0 0 0
"9" 0 0 0 0 0 0 0 0 0 0 0.0925654997288426 0.196431937964184 0 0 0 0 0 0 0 0 0 0.172696381552987 0 0 0 0 0.23410382001401 0 0 0 0 0 0.167686619829398 0 0 0 0 0 0 0 0 0
"10" 0 0 0 0 0.326007088306674 0 0 0 0 0 0.105118327906388 0 0 0 0.308633778904449 0 0.535127655096263 0 0 0.189667620744307 0 0 0 0 0 0 0 0 0 0 0 0.123936131039123 0 0 0 0 0.133896437199032 0.202854357205104 0 0 0 0
"11" 0 0 0.118402591938138 0 0 0 0.34214958308982 0 0.164932158719767 0.0555032602334116 0 0 0 0 0 0 0 0 0 0.126830132209817 0 0 0 0 0 0 0 0 0 0 0.151040789002436 0 0 0 0.526253506137645 0 0 0.165198652698681 0 0.118445220429761 0 0.200293062191662
"12" 0 0 0 0.168426218572033 0 0 0 0 0.245512326442069 0 0 0 0.231661821647859 0 0 0 0 0 0 0 0 0.181012053104451 0 0 0 0 0.257195309077307 0 0 0 0 0 0 0.173500744976236 0 0 0 0 0 0 0 0
"13" 0 0 0 0 0 0 0 0 0 0 0 0.193622129609824 0 0 0 0 0 0 0 0 0.178765947022887 0 0 0 0 0.25434749213538 0 0 0 0 0 0.180131735527416 0 0 0 0 0 0 0 0 0 0.289667469389276
"14" 0 0 0 0 0 0 0 0 0 0 0 0 0 0 0 0 0.332634671007162 0 0.110703542603038 0 0 0 0 0 0 0 0 0 0 0 0.140059160281091 0 0 0 0 0 0 0 0 0 0 0
"15" 0 0 0 0 0.331642855493565 0 0 0 0 0.180673895933722 0 0 0 0 0 0 0 0 0 0 0 0 0 0 0.250000341268116 0 0 0 0 0 0 0 0 0.111295365572415 0 0 0 0 0 0 0 0
"16" 0 0.263394262557048 0 0.157252913601035 0 0.248785209073608 0 0.366224969858971 0 0 0 0 0 0 0 0 0 0 0.152345721275418 0 0 0 0 0 0 0.312851575293017 0 0 0 0 0 0 0 0 0 0 0 0 0 0 0 0
"17" 0 0 0 0 0 0 0 0.357861671739241 0 0.116421397937106 0 0 0 0.452270618602614 0 0 0 0 0 0 0 0 0 0 0 0 0 0 0 0 0 0 0 0 0 0 0 0 0 0 0 0
"18" 0 0 0 0 0.205653509522052 0 0 0 0 0 0 0 0 0 0 0 0 0 0 0 0 0 0 0 0 0 0.272243282314714 0 0 0 0 0 0 0 0 0 0 0 0 0.102724018717221 0 0
"19" 0 0 0 0 0 0 0 0 0 0 0 0 0 0.256236851217474 0 0.178394491396646 0 0 0 0 0 0 0 0.410523169262074 0.328254416987749 0 0 0.205271345230113 0 0 0 0.129147965102945 0 0 0 0 0 0 0 0 0 0.190624281185554
"20" 0 0 0 0 0 0 0 0 0 0.186239594765546 0.121279745089389 0 0 0 0 0 0 0 0 0 0 0.196534165187007 0 0 0 0 0 0 0 0.218105003591906 0 0.165399405367022 0 0 0 0 0 0 0.238595462503616 0 0.208930954135209 0
"21" 0 0 0 0 0 0 0 0 0 0 0 0 0.216439437620568 0 0 0 0 0 0 0 0 0 0 0 0 0 0.17066509166982 0 0 0 0 0 0 0 0 0.158578885344822 0.179338411310448 0 0 0.124557886197765 0 0
"22" 0 0 0 0.132345230179807 0 0 0 0 0.199000083287141 0 0 0.168681628832576 0 0 0 0 0 0 0 0.166060939219313 0 0 0 0.615371796953352 0 0 0 0 0 0 0 0 0 0 0 0 0 0 0 0 0 0
"23" 0 0 0.139376993298922 0 0 0 0 0 0 0 0 0 0 0 0 0 0 0 0 0 0 0 0 0 0 0 0 0 0 0 0 0 0 0 0 0 0 0 0 0 0 0
"24" 0 0 0 0 0 0 0 0 0 0 0 0 0 0 0 0 0 0 0.118257003955699 0 0 0.187773008316242 0 0 0 0 0 0 0 0 0 0 0 0 0 0 0 0 0 0 0 0
"25" 0 0 0 0 0 0 0 0 0 0 0 0 0 0 0.262383835233813 0 0 0 0.127069426610477 0 0 0 0 0 0 0 0 0 0 0 0.123621453733781 0 0.132918523797524 0 0 0 0 0 0 0 0 0
"26" 0 0 0 0 0 0 0 0 0 0 0 0 0.153408807372307 0 0 0.184153603777265 0 0 0 0 0 0 0 0 0 0 0 0.262089959043458 0 0.175473148820521 0 0 0 0 0 0 0 0 0 0 0 0
"27" 0 0 0 0 0 0 0 0 0.156587088916 0 0 0.163326398288842 0 0 0 0 0 0.311639217432425 0 0 0.202194809492529 0 0 0 0 0 0 0 0 0 0 0 0 0 0 0.180390554813204 0 0 0 0 0 0
"28" 0 0 0 0 0 0 0 0 0 0 0 0 0 0 0 0 0 0 0.173339595019642 0 0 0 0 0 0 0.281155765678978 0 0 0 0.162107475050594 0.109258886000599 0 0 0 0 0 0 0 0 0 0 0
"29" 0 0.216539244032138 0 0 0 0 0 0 0 0 0 0 0 0 0 0 0 0 0 0 0 0 0 0 0 0 0 0 0 0.140284101729223 0.129897988013618 0 0 0 0 0 0 0 0 0 0 0
"30" 0 0 0 0 0 0 0 0 0 0 0 0 0 0 0 0 0 0 0 0.148806916232187 0 0 0 0 0 0.290343006164047 0 0.294707996100687 0.310735684232676 0 0 0.126567582791522 0 0 0 0 0 0 0.254474367625835 0 0 0
"31" 0.574516057894375 0 0 0 0 0.145907522312291 0 0 0 0 0.0714266410707663 0 0 0.455427522164407 0 0 0 0 0 0 0 0 0 0 0.189701831138352 0 0 0.312375860999356 0.309636711638622 0 0 0 0.143069642713859 0 0 0 0 0 0 0 0 0
"32" 0 0 0 0 0 0 0 0 0 0.126185538896905 0 0 0.231011695740944 0 0 0 0 0 0.1725244554526 0.208254585098435 0 0 0 0 0 0 0 0 0 0.182847804660387 0 0 0 0 0 0 0.140884867081252 0 0 0 0 0.238611667000202
"33" 0 0 0 0 0 0 0 0 0.156030937455709 0 0 0 0 0 0 0 0 0 0 0 0 0 0 0 0.192527694422901 0 0 0 0 0 0.100779698198153 0 0 0 0 0 0.202860886074468 0.148250636149989 0.222093318378144 0.158474016617905 0 0
"34" 0 0 0.126270910592366 0 0 0 0 0 0 0 0 0.177720832889578 0 0 0.252588457377545 0 0 0 0 0 0 0 0 0 0 0 0 0 0 0 0 0 0 0 0.573032841485886 0 0 0 0 0.109600427749279 0 0
"35" 0 0 0 0 0 0 0 0 0 0 0.0884244457608299 0 0 0 0 0 0 0 0 0 0 0 0 0 0 0 0 0 0 0 0 0 0 0.248437019305602 0 0 0 0 0 0 0 0
"36" 0 0 0.168334600187523 0.10578404190595 0 0 0 0 0 0 0 0 0 0 0 0 0 0 0 0 0.227918990896674 0 0 0 0 0 0.144317589421314 0 0 0 0 0 0 0 0 0 0 0 0.295502440322585 0 0 0
"37" 0 0 0 0 0 0.197329637197919 0 0 0 0.0663342213732112 0 0 0 0 0 0 0 0 0 0 0.188484981198225 0 0 0 0 0 0 0 0 0 0 0.146686190746671 0.104900294018268 0 0 0 0 0.243628452677432 0 0 0.194636801362384 0
"38" 0 0 0 0 0 0 0 0 0 0.148085632392082 0.0995184583776745 0 0 0 0 0 0 0 0 0 0 0 0 0 0 0 0 0 0 0 0 0 0.0976036900164638 0 0 0 0.162121840360362 0 0 0 0.13462542715586 0
"39" 0 0 0 0 0 0 0 0 0 0 0 0 0 0 0 0 0 0 0 0.152532429505599 0 0 0 0 0 0 0 0 0 0.153466653157872 0 0 0.119391715389123 0 0 0.193916073693117 0 0 0 0 0 0
"40" 0 0 0 0.0856091643305056 0 0.214530346233225 0 0 0 0 0.0957546630330694 0 0 0 0 0 0 0.395978263994983 0 0 0.17126453915983 0 0 0 0 0 0 0 0 0 0 0 0.147272524638059 0.128685237420084 0 0 0 0 0 0 0 0
"41" 0 0 0.128696963260119 0 0 0 0.2842444030866 0 0 0 0 0 0 0 0 0 0 0 0 0.119450464691257 0 0 0 0 0 0 0 0 0 0 0 0 0 0 0 0 0.111812820269512 0.280424403123373 0 0 0 0
"42" 0 0 0 0 0 0 0 0 0 0 0.0984900723722902 0 0.191755029107038 0 0 0 0 0 0.120763530814015 0 0 0 0 0 0 0 0 0 0 0 0 0.14568651220643 0 0 0 0 0 0 0 0 0 0
