"V1" "V2" "V3" "V4" "V5" "V6" "V7" "V8" "V9" "V10" "V11" "V12" "V13" "V14" "V15" "V16" "V17" "V18" "V19" "V20" "V21" "V22" "V23" "V24" "V25" "V26" "V27" "V28" "V29" "V30" "V31" "V32" "V33" "V34" "V35" "V36" "V37" "V38" "V39" "V40" "V41" "V42" "V43" "V44" "V45" "V46" "V47" "V48" "V49" "V50" "V51" "V52" "V53" "V54" "V55" "V56" "V57" "V58" "V59" "V60" "V61" "V62" "V63" "V64" "V65" "V66" "V67" "V68" "V69" "V70" "V71" "V72" "V73" "V74" "V75" "V76" "V77" "V78" "V79" "V80" "V81" "V82" "V83" "V84"
"1" 0 0 0 0 0 0 0 0 0 0 0 0 0 0 0 0 0 0 0 0.0808660479738561 0.129155208599116 0 0.138119317098319 0 0 0 0 0 0 0 0 0 0 0 0 0 0 0.186353277335281 0 0 0 0 0 0 0 0 0 0 0 0 0 0 0 0 0 0.120194226501024 0 0 0 0 0 0 0 0.138704810200426 0 0 0 0 0 0 0 0 0 0 0 0 0 0 0 0 0 0.0854503414439155 0 0
"2" 0 0 0.0641187393440026 0 0 0 0 0 0 0 0 0 0 0 0.109246709407207 0 0 0 0 0 0 0.0547749736796147 0 0 0 0 0 0.147862587122583 0 0 0 0 0 0.0618885932587912 0 0.0653054026248156 0 0 0 0 0 0 0 0 0 0.0934514547160684 0 0 0 0 0 0 0.145257286669126 0 0 0 0 0 0 0 0 0 0.0917339515571757 0 0.11856153987467 0.0666719626614828 0.0616506837779558 0 0 0.0529639443272975 0 0 0 0 0 0 0 0 0 0 0.0647659212537876 0 0.0566321627069618 0
"3" 0 0.0355724564207901 0 0 0 0 0 0 0 0.0671217751392149 0 0 0 0 0 0 0 0 0 0 0 0.086580754362164 0 0.0475947965449335 0 0 0 0 0.0558079654808302 0 0 0.0678269244561918 0 0.0747715380582975 0 0.0760174961668499 0 0 0 0 0 0 0.0893958076277427 0 0 0.08602564615824 0 0 0 0 0 0 0 0 0 0 0 0.0517107613378429 0.0585885135331928 0 0.0648564051138364 0 0 0 0 0.0278636815552135 0.0391934333280905 0 0 0 0.0910207918799586 0 0 0 0 0 0 0 0 0 0.0450139380969377 0 0.0975510970294213 0.0955157184239594
"4" 0 0 0 0 0 0 0 0 0 0 0 0 0 0.14196406664751 0 0 0 0.0698678970881449 0 0 0 0 0 0 0 0 0 0 0.0540699866399099 0 0 0 0 0 0 0 0.102308503378904 0 0 0 0 0.115773752923639 0 0 0 0 0 0 0 0 0 0.0726796032064412 0 0 0 0 0 0 0 0 0 0 0 0 0 0 0 0 0 0 0 0 0 0 0 0 0 0 0 0.0913868414281185 0 0 0 0
"5" 0 0 0 0 0 0 0 0 0 0 0 0 0 0 0 0 0 0 0 0 0 0 0 0 0 0 0 0 0 0 0.0661371412890436 0.059100255358581 0 0 0.252827925515149 0 0 0 0 0 0 0 0.0568232301276968 0 0 0 0 0 0 0 0 0 0 0 0 0 0 0.0721135128572081 0 0.154337042893936 0 0 0 0 0 0 0 0 0 0 0 0 0 0 0 0 0 0.172290711838608 0 0 0.0535163003774339 0 0.0614877734006659 0
"6" 0 0 0 0 0 0 0 0 0 0 0 0 0 0 0 0 0 0 0 0.0909486999226349 0 0 0.106418092759257 0 0 0.200337426273702 0 0 0 0 0 0 0.133174382996651 0 0 0 0 0 0 0 0 0 0 0 0 0 0 0 0 0 0 0 0 0 0 0.109402670987192 0 0 0 0 0 0 0 0.112911532223626 0 0 0 0 0.172776842530401 0 0 0 0 0.277628914397097 0 0 0 0 0 0 0 0.125697629502494 0 0
"7" 0 0 0 0 0 0 0 0 0 0 0 0.127626280995233 0.0873961414480519 0 0.085364382100886 0 0 0 0 0 0 0 0 0 0 0 0 0 0 0 0 0 0 0 0 0 0 0 0 0 0 0 0 0 0.108251154127157 0 0 0 0 0 0 0 0 0.211721591003117 0 0 0 0 0 0 0 0 0 0 0.0977692018066396 0 0 0.0840397932131392 0 0.0952299747516057 0 0.126598992055677 0 0 0 0 0 0 0 0 0 0 0 0
"8" 0 0 0 0 0 0 0 0 0 0 0 0.126239431550298 0 0 0 0 0 0 0 0 0 0 0 0 0 0 0 0 0 0 0 0 0 0 0 0 0 0 0 0 0 0 0 0 0.130551101447422 0 0 0 0 0 0 0 0 0 0 0 0 0 0 0 0 0 0 0 0 0 0 0 0 0 0 0.140986333845911 0 0 0.371152614554136 0 0 0 0 0 0 0 0 0
"9" 0 0 0 0 0 0 0 0 0 0 0 0 0 0 0 0.175145364839336 0.224442691535784 0 0 0 0 0 0 0 0 0 0.135300024300345 0 0 0.122868674680029 0 0 0 0 0 0 0 0 0 0 0.0907639677008007 0 0 0 0 0 0 0 0 0 0 0 0 0 0 0 0.251987169767619 0 0 0 0 0 0 0 0 0 0 0 0 0 0 0 0 0 0 0 0 0 0.123007349413639 0 0 0 0 0
"10" 0 0 0.0581415039230087 0 0 0 0 0 0 0 0 0 0 0 0 0 0 0 0 0 0 0.073800777870618 0 0.0627998746069711 0 0 0 0 0.0964215495542367 0 0 0 0.223106866353898 0 0 0 0.0832246653862653 0 0 0 0 0 0 0 0 0.0522627071103517 0 0 0 0 0 0.0772872962158637 0 0 0 0 0 0 0.0632897214827608 0 0.0687194842458884 0 0 0 0 0.0642715332793584 0 0 0 0 0.0938578517416034 0 0 0 0 0 0 0 0 0 0 0 0 0.0926937738754094
"11" 0 0 0 0 0 0 0 0 0 0 0 0 0 0 0 0 0 0.085167538752626 0 0 0 0 0 0 0.0672063111122049 0 0 0 0.037964119499691 0 0 0 0 0 0 0 0.0761740388781826 0 0.125754646579227 0 0 0.0752389647203462 0 0.227863771796338 0 0 0 0 0 0 0.0818061327950268 0.0698726239184598 0 0 0 0 0 0 0.0647216123960516 0 0 0.150205224289122 0 0 0 0 0 0 0 0 0 0 0 0 0 0.263403946788229 0 0 0 0.0880362333396598 0 0 0 0
"12" 0 0 0 0 0 0 0.12675824876644 0.270296573240507 0 0 0 0 0 0 0.099393476921097 0 0 0 0 0 0 0 0 0 0 0 0 0 0 0 0 0 0 0 0 0 0 0 0 0 0 0 0 0 0.101945940078589 0 0 0 0 0 0 0 0 0 0 0 0 0 0 0 0 0 0 0 0.101057925943135 0 0 0.11605803492033 0 0 0 0.0789259917122573 0 0 0.230661618656035 0 0 0 0 0 0 0 0 0
"13" 0 0 0 0 0 0 0.112309628671702 0 0 0 0 0 0 0 0.107230005919411 0 0 0 0 0 0 0 0 0 0 0 0 0.180327358577225 0 0 0 0 0 0 0 0 0 0 0 0 0 0 0 0 0.0929049285681248 0 0 0 0 0 0 0 0 0.145536297603422 0 0 0 0 0 0 0 0 0.0685235033518093 0 0.126688426731542 0 0 0.137945708179875 0 0 0 0.121327383732575 0 0 0 0 0 0 0 0 0 0 0 0
"14" 0 0 0 0.0997736801481421 0 0 0 0 0 0 0 0 0 0 0 0 0 0.0609591121881926 0 0 0 0 0 0 0 0 0 0 0.0697116819757835 0 0 0 0 0 0 0 0.10706619426921 0 0 0 0 0.103367958786242 0 0 0 0 0 0 0 0 0 0.0561247842398497 0 0 0.278780912708869 0 0 0 0 0 0 0 0 0 0 0 0 0 0 0 0 0 0 0 0 0 0 0 0 0.08638944588612 0 0 0 0
"15" 0 0.0918056026411884 0 0 0 0 0.0736627062354339 0 0 0 0 0.150834262752663 0.124516487979968 0 0 0 0 0 0 0 0 0 0 0 0 0 0 0.141011355592915 0 0 0 0 0 0 0 0 0 0 0 0 0 0 0 0 0.161778915346395 0 0 0 0 0 0 0 0 0 0 0 0 0 0 0 0 0 0.0579978372134592 0 0.0919423273973498 0 0 0.116397207315632 0 0.0712936566148431 0 0.0883040973131269 0 0 0 0 0 0 0 0 0 0 0 0
"16" 0 0 0 0 0 0 0 0 0.169373751800897 0 0 0 0 0 0 0 0 0 0.212717107587478 0 0 0 0 0 0 0 0.150490378698399 0 0 0.105988793758145 0 0 0 0 0 0 0 0 0 0 0.0906072488959057 0 0 0 0 0 0.165354286247195 0.170805431130602 0 0 0 0 0 0 0 0 0 0 0 0 0 0 0 0 0 0 0 0 0 0 0 0 0 0 0 0 0 0 0 0 0 0 0 0
"17" 0 0 0 0 0 0 0 0 0.153700459667752 0 0 0 0 0 0 0 0 0 0 0 0 0 0 0 0 0 0 0 0 0.112182684476335 0 0 0 0 0 0 0 0 0 0 0 0 0 0 0 0 0 0 0 0 0 0 0 0.166965718991114 0 0 0.188432849341943 0 0 0 0 0 0 0 0 0 0 0 0 0 0 0 0 0 0 0 0 0 0.141278492904999 0 0 0 0 0
"18" 0 0 0 0.157501981427123 0 0 0 0 0 0 0.0862074900883726 0 0 0.149987493949094 0 0 0 0 0 0 0 0 0 0.064734623527446 0.0781466540556649 0 0 0 0.0762294487694925 0 0 0 0 0 0 0 0.0876551302438433 0 0.106756748418356 0 0 0.0988882623282869 0 0 0 0 0 0 0 0 0.0818083406437248 0.071297442308471 0 0 0 0 0 0 0.071488435910268 0 0.0639336294548854 0 0 0 0 0 0 0 0 0 0 0 0 0 0 0 0 0 0 0.0775569866923836 0 0 0 0
"19" 0 0 0 0 0 0 0 0 0 0 0 0 0 0 0 0.130665360291274 0 0 0 0 0 0 0 0 0 0 0.164263091188682 0 0 0.0994536476536091 0 0 0 0 0 0 0 0 0 0 0.0619821659982366 0 0 0 0 0 0.178808099691991 0.315517955370085 0 0 0 0 0 0 0 0 0 0 0 0 0 0 0 0 0 0 0 0 0 0 0 0 0 0 0 0 0 0 0 0 0 0 0 0
"20" 0.132784467055997 0 0 0 0 0.095513392566328 0 0 0 0 0 0 0 0 0 0 0 0 0 0 0.123039503038034 0 0.100564913721775 0 0 0 0 0 0 0 0 0 0.138128732567256 0 0 0 0 0 0 0.172585250278403 0 0 0 0 0 0 0 0 0 0 0 0 0 0 0.242982824111542 0.109082881207644 0 0 0 0 0 0 0 0.142452608697212 0 0 0 0 0 0 0 0 0 0 0 0 0 0 0 0 0 0.103451673744814 0 0
"21" 0.126156476693684 0 0 0 0 0 0 0 0 0 0 0 0 0 0 0 0 0 0 0.0786756167783071 0 0 0.0877862325744024 0 0 0 0 0 0 0 0 0 0 0 0 0 0 0.16067377074481 0 0.205027268478833 0 0 0 0 0 0 0 0 0 0 0 0 0 0 0 0.138294839082131 0 0 0 0 0 0 0 0.108025054187197 0 0 0 0 0 0 0 0 0 0 0 0 0 0 0 0 0 0.133214284623634 0 0
"22" 0 0.0512736106178693 0.0462752563672161 0 0 0 0 0 0 0.0664276214483628 0 0 0 0 0 0 0 0 0 0 0 0 0 0.0494483616057081 0 0 0 0 0 0 0 0 0 0.0493527864988992 0 0.0672421515464768 0 0 0 0 0 0 0 0 0 0.0633437250052132 0 0 0 0 0 0 0.0955704205879974 0 0 0 0 0 0 0 0.0941521450367137 0 0.0915324124770625 0 0 0.046026271597577 0.0723154864939253 0 0 0 0.104385557561325 0 0 0 0 0 0 0 0 0 0 0 0 0.049956453356285
"23" 0.146393467640915 0 0 0 0 0.135239501899744 0 0 0 0 0 0 0 0 0 0 0 0 0 0.0587718949522444 0.0951466310704293 0 0 0 0 0 0 0 0 0 0 0 0 0 0 0 0 0.217725067806098 0 0.137101732820613 0 0 0 0 0 0 0 0 0 0 0 0 0 0 0 0.106552725831157 0 0 0 0 0 0 0 0.130594475438931 0 0 0 0 0.129126240949634 0 0 0 0 0 0 0 0 0 0 0 0 0.107109124612671 0 0
"24" 0 0 0.0523438308053609 0 0 0 0 0 0 0.0751219715068594 0 0 0 0 0 0 0 0.0665339076317139 0 0 0 0.0413404977746987 0 0 0 0 0 0 0.0679092195449047 0 0 0.058347828446535 0 0.0608846772707034 0 0.0571492452643469 0.0711865353226367 0 0 0 0 0 0.0395699736772279 0 0 0 0 0 0 0 0 0.0580730507567289 0 0 0 0 0 0.0845031096230385 0.0839550743900996 0 0.0886403239947162 0 0 0 0 0.0633293672890056 0.0785268348045601 0 0 0 0.0625108276596961 0 0 0 0 0 0 0 0 0 0.0706166256142609 0 0.086392074996268 0.0911780228504699
"25" 0 0 0 0 0 0 0 0 0 0 0.102226255987663 0 0 0 0 0 0 0.0901176541363342 0 0 0 0 0 0 0 0 0 0 0.0644459925943895 0 0 0.061654782335341 0 0 0 0 0 0 0.103779608480543 0 0 0 0.0491182784528515 0 0 0 0 0 0 0 0.0758591066413668 0.101540052473004 0 0 0 0 0 0 0.0587427030969509 0.145365489545258 0 0 0 0 0 0 0 0 0 0 0 0 0 0 0 0 0 0 0 0 0 0 0 0
"26" 0 0 0 0 0 0.132611649556152 0 0 0 0 0 0 0 0 0 0 0 0 0 0 0 0 0 0 0 0 0 0 0 0 0 0 0 0 0 0 0 0 0 0 0 0 0 0 0 0 0 0 0 0.342488585526579 0 0 0 0 0 0 0 0 0 0 0 0 0 0 0 0 0 0 0.151153383775935 0 0 0 0 0.23771728027811 0 0 0.322499127909959 0 0 0 0 0 0 0
"27" 0 0 0 0 0 0 0 0 0.103508416274487 0 0 0 0 0 0 0.136857780079817 0 0 0.132557404812387 0 0 0 0 0 0 0 0 0 0 0.108248291465161 0 0 0 0 0 0 0 0 0 0 0.147661967415742 0 0 0 0 0 0.19282265049846 0.270680148941612 0 0 0 0 0 0 0 0 0.153446733735925 0 0 0 0 0 0 0 0 0 0 0 0 0 0 0 0 0 0 0 0 0 0 0 0 0 0 0
"28" 0 0.0653713637038817 0 0 0 0 0 0 0 0 0 0 0.102773624680394 0 0.0786397818017672 0 0 0 0 0 0 0 0 0 0 0 0 0 0 0 0 0 0 0 0 0 0 0 0 0 0 0 0 0 0 0.0579030451111987 0 0 0 0 0 0 0.0874695846521773 0 0 0 0 0 0 0 0 0 0.0814342131305043 0 0 0 0 0.0884983225929739 0 0 0 0 0 0 0 0 0 0 0.0979598368189258 0 0 0 0 0
"29" 0 0 0.0884282998635839 0.0973501247497195 0 0 0 0 0 0.0634491431585642 0.110076228280395 0 0 0.142288200366826 0 0 0 0.0933532300592724 0 0 0 0 0 0.0428173772558425 0.100541639728425 0 0 0 0 0 0 0 0 0 0 0 0.103438870738312 0 0 0 0 0.113635237941141 0 0 0 0 0 0 0 0 0.0712857133657918 0.0941209741384787 0 0 0 0 0 0 0.0687272274555249 0 0.0710333869481023 0 0 0 0 0 0 0 0 0 0 0 0 0 0 0 0 0 0 0.0890043833791477 0 0 0 0
"30" 0 0 0 0 0 0 0 0 0.137853614647589 0 0 0 0 0 0 0.177108978035596 0.180460608898605 0 0.171243727973914 0 0 0 0 0 0 0 0.111438604346323 0 0 0 0 0 0 0 0 0 0 0 0 0 0.0816111313311636 0 0 0 0 0 0.167479316988569 0.273492391191367 0 0 0 0 0 0 0 0 0.164428378830829 0 0 0 0 0 0 0 0 0 0 0 0 0 0 0 0 0 0 0 0 0 0.157747329645464 0 0 0 0 0
"31" 0 0 0 0 0.0894272274686152 0 0 0 0 0 0 0 0 0 0 0 0 0 0 0 0 0 0 0 0 0 0 0 0 0 0 0.0650575964704089 0 0.0700751600018337 0.253384878371436 0 0 0 0 0 0 0 0.0521844809338511 0 0 0 0 0 0 0 0 0 0 0 0 0 0 0.0855216863212726 0 0.141008881532641 0 0 0 0 0 0 0 0 0 0 0 0 0 0 0 0 0 0.225682621407775 0 0 0.0551350447001614 0 0.0773435320785175 0
"32" 0 0 0.0476574199646003 0 0.127279303357694 0 0 0 0 0 0 0 0 0 0 0 0 0 0 0 0 0 0 0.0450297747153127 0.0758713291331989 0 0 0 0 0 0.0637496241259525 0 0 0.0763743550927543 0 0.0677597801337884 0 0 0.0871325860736531 0 0 0 0.0780224293697753 0 0 0 0 0 0 0 0 0 0 0 0 0 0 0.102030878575492 0 0.181084773412661 0 0 0 0 0 0 0.085815851996262 0 0 0 0 0 0 0 0 0 0 0 0 0 0.0758907997793823 0 0.0738238217402524 0
"33" 0 0 0 0 0 0.148479343644249 0 0 0 0.0724430309236728 0 0 0 0 0 0 0 0 0 0.0918764092010836 0 0 0 0 0 0 0 0 0 0 0 0 0 0 0 0 0 0 0 0 0 0 0 0 0 0 0 0 0 0 0 0 0 0 0 0 0 0 0 0 0.0800305172664655 0 0 0.0990062670042741 0 0 0 0 0 0 0 0 0 0.318276374671307 0 0 0 0 0 0 0 0 0 0
"34" 0 0.0515637213380235 0.0470478983953527 0 0 0 0 0 0 0 0 0 0 0 0 0 0 0 0 0 0 0.0947628615041981 0 0.0482936152501733 0 0 0 0 0 0 0.0965995671569248 0.0507069747255091 0 0 0 0.0759087049641873 0 0 0 0 0 0 0.068273892609211 0 0 0.0594721414726887 0 0 0 0 0 0 0 0 0 0 0 0.0791280865300145 0 0 0 0 0.0692005401751883 0 0 0.0550085840492456 0.0471776594748842 0 0 0.093811799644368 0 0 0 0 0 0 0 0 0 0 0.0538995833418372 0 0.0777512065158168 0
"35" 0 0 0 0 0.0741745702323028 0 0 0 0 0 0 0 0 0 0 0 0 0 0 0 0 0 0 0 0 0 0 0 0 0 0.114021265969067 0 0 0 0 0 0 0 0 0 0 0 0 0 0 0 0 0 0.168185806812983 0 0 0 0 0 0 0 0 0 0 0 0 0 0 0 0 0 0 0 0 0 0 0 0 0 0 0 0 0.217152420100461 0 0 0 0 0 0
"36" 0 0.0673013316766035 0.0540273696191033 0 0 0 0 0 0 0 0 0 0 0 0 0 0 0 0 0 0 0.0597198408790671 0 0.0517324255706087 0 0 0 0 0 0 0 0.055285415773388 0 0.0514078193381227 0 0 0 0 0 0 0 0 0.056823236050611 0 0 0.0656223860343564 0 0 0 0 0 0 0.0857964339251549 0 0 0 0 0.081019297861599 0 0 0 0 0.0754846669088245 0 0 0.0672234537864017 0.0657796831172048 0 0 0.0851364830222926 0 0 0 0 0 0 0 0 0 0 0.07180263935092 0 0.074933848949138 0
"37" 0 0 0 0.149249072460271 0 0 0 0 0 0.0713390699780614 0.0611583581135696 0 0 0.1350731652593 0 0 0 0.0601353070337235 0 0 0 0 0 0.0402859162465281 0 0 0 0 0.0697251674875392 0 0 0 0 0 0 0 0 0 0 0 0 0.100736002168233 0 0 0 0 0 0 0 0 0.0437546243480722 0.0582279800198959 0 0 0 0 0 0 0.073447360074689 0 0.0701113694152844 0 0 0 0 0 0 0 0 0 0 0 0 0 0 0 0 0 0 0.100940627853534 0 0 0 0
"38" 0.15144631006508 0 0 0 0 0 0 0 0 0 0 0 0 0 0 0 0 0 0 0 0.105983175871221 0 0.130632584417154 0 0 0 0 0 0 0 0 0 0 0 0 0 0 0 0 0 0 0 0 0 0 0 0 0 0 0 0 0 0 0 0 0.139400127071214 0 0 0 0 0 0 0 0 0 0 0 0 0 0 0 0 0 0 0 0 0 0 0 0 0 0.131054537138018 0 0
"39" 0 0 0 0 0 0 0 0 0 0 0.0732913570950969 0 0 0 0 0 0 0.0471014562125263 0 0 0 0 0 0 0.0728495797914544 0 0 0 0 0 0 0.0873703729341515 0 0 0 0 0 0 0 0 0 0 0.0440420267047069 0 0 0 0 0 0 0 0.0858891306304387 0 0 0 0 0 0 0.0761496214525197 0.0622271891951575 0.187476832314091 0 0 0 0 0 0 0 0 0 0 0 0 0 0 0 0 0 0 0 0 0 0 0 0
"40" 0 0 0 0 0 0 0 0 0 0 0 0 0 0 0 0 0 0 0 0.120523670370647 0.080704115368724 0 0.0832926682926083 0 0 0 0 0 0 0 0 0 0 0 0 0 0 0 0 0 0 0 0 0 0 0 0 0 0 0 0 0 0 0 0.300413517467293 0 0 0 0 0 0 0 0 0.0978466405190679 0 0 0 0 0 0 0 0 0 0 0 0 0 0 0 0 0 0.0920665552772789 0 0
"41" 0 0 0 0 0 0 0 0 0.133112973493572 0 0 0 0 0 0 0.17968261914894 0 0 0.185534761034682 0 0 0 0 0 0 0 0.125738824675785 0 0 0.12780043527877 0 0 0 0 0 0 0 0 0 0 0 0 0 0 0 0 0.220527840510961 0 0 0 0 0 0 0 0 0 0.185178376179962 0 0 0 0 0 0 0 0 0 0 0 0 0 0 0 0 0 0 0 0 0 0.198419120335316 0 0 0 0 0
"42" 0 0 0 0.136554899856833 0 0 0 0 0 0 0.063320800918698 0 0 0.121646130945883 0 0 0 0.0678014456736156 0 0 0 0 0 0 0 0 0 0 0.0617602930053663 0 0 0 0 0 0 0 0.0583143816209993 0 0 0 0 0 0 0 0 0 0 0 0 0 0.073772212752871 0.0617250607062461 0 0 0 0 0 0 0.0521842993953354 0 0 0 0 0 0 0 0 0 0 0 0 0 0 0 0 0 0 0 0 0.09984764297348 0 0 0 0
"43" 0 0 0.0443524503721368 0 0.12498449457393 0 0 0 0 0 0 0 0 0 0 0 0 0 0 0 0 0 0 0.0571843565376743 0.094427986915639 0 0 0 0 0 0.0989877248971333 0.0715879227043663 0 0.0653588906704677 0 0.0536030934838238 0 0 0.115421173380565 0 0 0 0 0 0 0 0 0 0 0 0 0 0 0 0 0 0 0.0789644883668055 0.048432373197125 0.0700354176084151 0 0 0 0 0 0 0.0519933389310068 0 0 0 0 0 0 0 0 0 0 0 0 0 0.0723113439029842 0 0.0495099353184643 0
"44" 0 0 0 0 0 0 0 0 0 0 0.062997022440497 0 0 0 0 0 0 0 0 0 0 0 0 0 0 0 0 0 0 0 0 0 0 0 0 0 0 0 0 0 0 0 0 0 0 0 0 0 0 0 0.0651032983419745 0 0 0 0 0 0 0 0 0 0 0.266672947289439 0 0 0 0 0 0 0 0 0 0 0 0 0 0.305503703473222 0 0 0 0 0 0 0 0
"45" 0 0 0 0 0 0 0.139187238985756 0.226345232619657 0 0 0 0.137266760717332 0.128634680227637 0 0.0935494447862102 0 0 0 0 0 0 0 0 0 0 0 0 0 0 0 0 0 0 0 0 0 0 0 0 0 0 0 0 0 0 0 0 0 0 0 0 0 0 0.182417739359563 0 0 0 0 0 0 0 0 0 0 0.0970162912701024 0 0 0.131869729331744 0 0 0 0.0878253062206598 0 0 0 0 0 0 0 0 0 0 0 0
"46" 0 0.100280383378467 0.0515167111692094 0 0 0 0 0 0 0.0974621462551618 0 0 0 0 0 0 0 0 0 0 0 0.0376079270912369 0 0 0 0 0 0.140269842989933 0 0 0 0 0 0.0565724374858584 0 0.0767942808204749 0 0 0 0 0 0 0 0 0 0 0 0 0 0 0 0 0.090835777974946 0 0 0 0 0 0 0 0.0754812165763914 0 0.0765299748032293 0 0 0.0751550192559117 0.0412203998324934 0 0 0 0.0639324809756697 0 0 0 0 0 0 0 0 0 0 0 0 0.121547290607861
"47" 0 0 0 0 0 0 0 0 0 0 0 0 0 0 0 0.111266796171976 0 0 0.138081466234642 0 0 0 0 0 0 0 0.0881492086874917 0 0 0.0849261594054631 0 0 0 0 0 0 0 0 0 0 0.0940513484369397 0 0 0 0 0 0 0 0 0 0 0 0 0 0 0 0 0 0 0 0 0 0 0 0 0 0 0 0 0 0 0 0 0 0 0 0 0 0.135946891750678 0 0 0 0 0
"48" 0 0 0 0 0 0 0 0 0 0 0 0 0 0 0 0.151162028874487 0 0 0.156665065057617 0 0 0 0 0 0 0 0.107902864014305 0 0 0.093284566566877 0 0 0 0 0 0 0 0 0 0 0 0 0 0 0 0 0 0 0 0 0 0 0 0 0 0 0 0 0 0 0 0 0 0 0 0 0 0 0 0 0 0 0 0 0 0 0 0 0 0 0 0 0 0
"49" 0 0 0 0 0 0 0 0 0 0 0 0 0 0 0 0 0 0 0 0 0 0 0 0 0 0 0 0 0 0 0 0 0 0 0.255986454262128 0 0 0 0 0 0 0 0 0 0 0 0 0 0 0 0 0 0 0 0 0 0 0 0 0 0 0 0 0 0 0 0 0 0 0.0906980228607923 0 0 0 0 0.420558069626316 0 0 0.240661432156606 0 0 0 0 0 0
"50" 0 0 0 0 0 0 0 0 0 0 0 0 0 0 0 0 0 0 0 0 0 0 0 0 0 0.218736376662814 0 0 0 0 0 0 0 0 0 0 0 0 0 0 0 0 0 0 0 0 0 0 0 0 0 0 0 0 0 0 0 0 0 0 0 0 0 0 0 0 0 0 0.176306723930248 0 0 0 0 0 0 0 0.200366829561843 0 0 0 0 0 0 0
"51" 0 0 0 0 0 0 0 0 0 0 0.0813231254312707 0 0 0 0 0 0 0.0722407725331574 0 0 0 0 0 0 0.0943822734750811 0 0 0 0.0529833656492797 0 0 0 0 0 0 0 0.0935309569096108 0 0.142005372075294 0 0 0.110710477458663 0 0.321848752029088 0 0 0 0 0 0 0 0.0712310095504856 0 0 0 0 0 0 0.0875411515825594 0 0 0.213388354320409 0 0 0 0 0 0 0 0 0 0 0 0 0 0.288871847540475 0 0 0 0.0908067420442523 0 0 0 0
"52" 0 0 0 0.114859173385666 0 0 0 0 0 0.103186026897048 0.0758404212661636 0 0 0.110831084956434 0 0 0 0.0923859757544251 0 0 0 0 0 0.0429411524407808 0.0963303477979555 0 0 0 0.0680146377446998 0 0 0 0 0 0 0 0.0689712025887446 0 0 0 0 0.106259463028015 0 0 0 0 0 0 0 0 0.07016219537724 0 0 0 0 0 0 0 0.0589481962192348 0 0.0629400588536787 0 0 0 0 0 0 0 0 0 0 0 0 0 0 0 0 0 0 0.105575306750872 0 0 0 0
"53" 0 0.0691991113089297 0 0 0 0 0 0 0 0 0 0 0 0 0 0 0 0 0 0 0 0.0455361689708182 0 0 0 0 0 0.144144905615056 0 0 0 0 0 0 0 0.0593268101353582 0 0 0 0 0 0 0 0 0 0.0491225703511344 0 0 0 0 0 0 0 0 0 0 0 0 0 0 0 0 0.0503837532411615 0 0 0.0486490009613947 0.068798234681858 0 0 0 0.133790427756155 0 0 0 0 0 0 0 0 0 0 0 0 0.0830182653253953
"54" 0 0 0 0 0 0 0.0992323720627991 0 0 0 0 0 0.119372718950247 0 0 0 0.238400284075982 0 0 0 0 0 0 0 0 0 0 0 0 0 0 0 0 0 0 0 0 0 0 0 0 0 0 0 0.129610590709851 0 0 0 0 0 0 0 0 0 0 0 0 0 0 0 0 0 0 0 0 0 0 0.122440479777964 0 0 0 0.113470045899039 0 0 0 0 0 0 0 0 0 0 0 0
"55" 0 0 0 0 0 0 0 0 0 0 0 0 0 0.115552863544362 0 0 0 0 0 0.0750249759571273 0 0 0 0 0 0 0 0 0 0 0 0 0 0 0 0 0 0 0 0.161971315055717 0 0 0 0 0 0 0 0 0 0 0 0 0 0 0 0 0 0 0 0 0 0 0 0.112702131901341 0 0 0 0 0 0 0 0 0 0 0 0 0 0 0 0 0 0 0 0
"56" 0.148538059625313 0 0 0 0 0.138568583688397 0 0 0 0 0 0 0 0 0 0 0 0 0 0.145930787988314 0.108703704769435 0 0.0876959844798135 0 0 0 0 0 0 0 0 0 0 0 0 0 0 0.23711776555427 0 0 0 0 0 0 0 0 0 0 0 0 0 0 0 0 0 0 0 0 0 0 0 0 0 0.0753485942866704 0 0 0 0 0.194337084112509 0 0 0 0 0 0 0 0 0 0 0 0 0.131216446907404 0 0
"57" 0 0 0 0 0 0 0 0 0.218143274545228 0 0 0 0 0 0 0 0.154250727444775 0 0 0 0 0 0 0 0 0 0.113968493147028 0 0 0.107468680214635 0 0 0 0 0 0 0 0 0 0 0.152293576626759 0 0 0 0 0 0 0 0 0 0 0 0 0 0 0 0 0 0 0 0 0 0 0 0 0 0 0 0 0 0 0 0 0 0 0 0 0 0.112141549286762 0 0 0 0 0
"58" 0 0 0.067611705184043 0 0.119370286476275 0 0 0 0 0 0 0 0 0 0 0 0 0 0 0 0 0 0 0.0507556429529365 0 0 0 0 0 0 0.105860052717894 0.0727615285220707 0 0.0635444022105646 0 0.0340159406107173 0 0 0.0935467506813853 0 0 0 0.0575748420000589 0 0 0 0 0 0 0 0 0 0 0 0 0 0 0 0 0.191075418877351 0 0 0 0 0 0 0.0358735746940207 0 0 0 0 0 0 0 0 0 0 0 0 0 0.0804806573088329 0 0.0541433327716291 0
"59" 0 0 0.0497818501000341 0 0 0 0 0 0 0.0947594141343065 0.0648283647803936 0 0 0 0 0 0 0.0862819194207787 0 0 0 0 0 0.0660683011034633 0.0862371828750565 0 0 0 0.0657316860315689 0 0 0 0 0 0 0 0.0894208281216194 0 0.0763615239786039 0 0 0.117818710583096 0.0573551000429778 0 0 0 0 0 0 0 0.0827417206567135 0.0801869405289015 0 0 0 0 0 0 0 0 0.0574045748195687 0 0 0 0 0.0590432646154936 0 0 0 0 0 0 0 0 0 0 0 0 0 0.102947760647061 0 0 0 0
"60" 0 0 0 0 0.124086007532058 0 0 0 0 0 0 0 0 0 0 0 0 0 0 0 0 0 0 0 0.120906804442245 0 0 0 0 0 0.0880113778242393 0.0960634359226467 0 0 0 0 0 0 0.122862223234526 0 0 0 0.0657613508972371 0 0 0 0 0 0 0 0 0 0 0 0 0 0 0.0891841671374929 0 0 0 0 0 0 0 0 0 0 0 0 0 0 0 0 0 0 0 0 0 0 0 0 0 0
"61" 0 0 0.0547174677453407 0 0 0 0 0 0 0.0562832005419244 0 0 0 0 0 0 0 0.0512867890151532 0 0 0 0.0671541051070448 0 0.0476864851858833 0 0 0 0 0.0339838278217044 0 0 0 0.181511058010465 0 0 0 0.0676148016343271 0 0 0 0 0 0 0 0 0.0748338874308628 0 0 0 0 0 0.0665161537867732 0 0 0 0 0 0 0.0558604062152229 0 0 0 0 0 0 0.0706459208951672 0 0 0 0 0.0887051864852624 0 0 0 0 0 0 0 0 0 0 0 0 0.117538640495814
"62" 0 0 0 0 0 0 0 0 0 0 0.0840427459306493 0 0 0 0 0 0 0 0 0 0 0 0 0 0 0 0 0 0 0 0 0 0 0 0 0 0 0 0 0 0 0 0 0.186477085626038 0 0 0 0 0 0 0.0694827653242203 0 0 0 0 0 0 0 0 0 0 0 0 0 0 0 0 0 0 0 0 0 0 0 0 0.292743686168752 0 0 0 0.0922494463335414 0 0 0 0
"63" 0 0.0711277008492529 0 0 0 0 0 0 0 0 0 0 0.101535029031268 0 0.0900773024075377 0 0 0 0 0 0 0.0467399185519637 0 0 0 0 0 0.106761215247897 0 0 0 0 0 0.0712738604042086 0 0.0573834875442173 0 0 0 0 0 0 0 0 0 0.0588733208634593 0 0 0 0 0 0 0.07217597636746 0 0 0 0 0 0 0 0 0 0 0 0.0993065527262579 0.0555830414654687 0.0483134982861571 0 0 0.0894753051334749 0 0 0 0 0 0 0 0 0 0 0 0 0 0
"64" 0.109550959069356 0 0 0 0 0.135724797313257 0 0 0 0 0 0 0 0 0 0 0 0 0 0.112519949019176 0.0983704648769954 0 0.107827792590676 0 0 0 0 0 0 0 0 0 0.208725221787623 0 0 0 0 0 0 0.170913155456239 0 0 0 0 0 0 0 0 0 0 0 0 0 0 0.159060285922987 0.138657597433967 0 0 0 0 0 0 0 0 0 0 0 0 0 0 0 0 0 0 0 0 0 0 0 0 0 0.103679668565586 0 0
"65" 0 0.0693573823936329 0 0 0 0 0.105785018569751 0 0 0 0 0.131670353075289 0.113941964699072 0 0.0679893840445295 0 0 0 0 0 0 0 0 0 0 0 0 0 0 0 0 0 0 0 0 0 0 0 0 0 0 0 0 0 0.0888474501823026 0 0 0 0 0 0 0 0 0 0 0 0 0 0 0 0 0 0.0630398362889401 0 0 0 0 0.133825977046716 0 0.0490100949646789 0 0.11665319843615 0 0 0 0 0 0 0 0 0 0 0 0
"66" 0 0.0429643971410329 0.061575241224098 0 0 0 0 0 0 0.0800282992645119 0 0 0 0 0 0 0 0 0 0 0 0.0689486773243862 0 0.0521766680925619 0 0 0 0 0 0 0 0 0 0.0654943281832367 0 0.0512898528896583 0 0 0 0 0 0 0 0 0 0.0663542872539957 0 0 0 0 0 0 0.143506716010695 0 0 0 0 0 0.0698867245707229 0 0.0556033849807165 0 0.0769657794558617 0 0 0 0.0393241769892026 0 0 0 0.129805971263428 0 0 0 0 0 0 0 0 0 0.0673732062010253 0 0.0546751486867093 0.113456121725296
"67" 0 0.0605066742344685 0.0694214646106265 0 0 0 0 0 0 0 0 0 0 0 0 0 0 0 0 0 0 0.068379526338658 0 0.0320700216980043 0 0 0 0 0 0 0 0.087104811818143 0 0.0716526770680588 0 0.0425531379132605 0 0 0 0 0 0 0.0618635786282181 0 0 0.0931768949632691 0 0 0 0 0 0 0.105898420713195 0 0 0 0 0.125009137218299 0 0 0 0 0.0731396640742773 0 0 0.0788775990391553 0 0 0 0.0792554188042013 0.116654766455914 0 0 0 0 0 0 0 0 0 0.0630600089669217 0 0.0814114714128089 0.0764197680520442
"68" 0 0 0 0 0 0 0.072744886477206 0 0 0 0 0.177024605578478 0.0788830192671018 0 0.105119235615834 0 0 0 0 0 0 0 0 0 0 0 0 0.139554537323145 0 0 0 0 0 0 0 0 0 0 0 0 0 0 0 0 0.0994574342877356 0 0 0 0 0 0 0 0 0.180202947364926 0 0 0 0 0 0 0 0 0 0 0.127645370954249 0 0 0 0 0 0 0.118534770149955 0 0 0 0 0 0 0 0 0 0 0 0
"69" 0 0 0 0 0 0.119491588128854 0 0 0 0 0 0 0 0 0 0 0 0 0 0 0 0 0.0968471947758752 0 0 0.187397460133356 0 0 0 0 0 0 0 0 0 0 0 0 0 0 0 0 0 0 0 0 0 0 0 0.279389746888289 0 0 0 0 0 0.110056675360798 0 0 0 0 0 0 0 0 0 0 0 0 0 0 0 0 0 0.236715373668416 0 0 0.256569341572117 0 0 0 0 0 0 0
"70" 0 0.0683014718927221 0 0 0 0 0.0909880624940978 0 0 0 0 0 0 0 0.0680543309903178 0 0 0 0 0 0 0 0 0 0 0 0 0 0 0 0 0 0 0.0651987563282713 0 0.0681860691387771 0 0 0 0 0 0 0 0 0 0 0 0 0.309178613238703 0 0 0 0 0 0 0 0 0 0 0 0 0 0.071605575012921 0 0.090203834767501 0 0.0478203819592093 0 0 0 0 0 0 0 0 0 0 0.205389898330328 0 0 0.0671263471072967 0 0.0716290609605869 0
"71" 0 0 0.0480903650704673 0 0 0 0 0 0 0.0635021014606513 0 0 0 0 0 0 0 0 0 0 0 0.0784678278769094 0 0.0445615057545417 0 0 0 0 0 0 0 0 0 0 0 0 0 0 0 0 0 0 0 0 0 0.0719958407728525 0 0 0 0 0 0 0.0995741644107204 0 0 0 0 0 0 0 0.0695401466379511 0 0 0 0 0.0464958986976545 0.0704605746608635 0 0 0 0 0 0 0 0 0 0 0 0 0 0 0 0 0.0813491043924583
"72" 0 0 0 0 0 0 0.123978178175307 0.16621478171849 0 0 0 0.144197437217854 0.121466059935305 0 0.0710158876319855 0 0 0 0 0 0 0 0 0 0 0 0 0 0 0 0 0 0 0 0 0 0 0 0 0 0 0 0 0 0.105285153188182 0 0 0 0 0 0 0 0 0.196166864109465 0 0 0 0 0 0 0 0 0 0 0.115621063695765 0 0 0.115126185179295 0 0 0 0 0 0 0 0 0 0 0 0 0 0 0 0
"73" 0 0 0 0 0 0 0 0 0 0 0 0 0 0 0 0 0 0 0 0 0 0 0 0 0 0 0 0 0 0 0 0 0 0 0 0 0 0 0 0 0 0 0 0 0 0 0 0 0 0 0 0 0 0 0 0 0 0 0 0 0 0 0 0 0 0 0 0 0 0 0 0 0 0 0 0 0.250716760726343 0 0 0 0 0 0 0
"74" 0 0 0 0 0 0.166193618891073 0 0 0 0 0 0 0 0 0 0 0 0 0 0 0 0 0 0 0 0.140323610760314 0 0 0 0 0 0 0.144381034077916 0 0 0 0 0 0 0 0 0 0 0 0 0 0 0 0 0 0 0 0 0 0 0 0 0 0 0 0 0 0 0 0 0 0 0 0.147855279664403 0 0 0 0 0 0 0 0 0 0 0 0 0 0 0
"75" 0 0 0 0 0 0 0 0.260995183766522 0 0 0 0.13001934077798 0 0 0 0 0 0 0 0 0 0 0 0 0 0 0 0 0 0 0 0 0 0 0 0 0 0 0 0 0 0 0 0 0 0 0 0 0.363138873245503 0 0 0 0 0 0 0 0 0 0 0 0 0 0 0 0 0 0 0 0 0 0 0 0 0 0 0 0 0 0 0 0 0 0 0
"76" 0 0 0 0 0 0 0 0 0 0 0.0786992163918114 0 0 0 0 0 0 0 0 0 0 0 0 0 0 0 0 0 0 0 0 0 0 0 0 0 0 0 0 0 0 0 0 0.253847309962504 0 0 0 0 0 0 0.0628035578012585 0 0 0 0 0 0 0 0 0 0 0.135006286386444 0 0 0 0 0 0 0 0 0 0 0 0 0 0 0 0 0 0 0 0 0 0
"77" 0 0 0 0 0 0 0 0 0 0 0 0 0 0 0 0 0 0 0 0 0 0 0 0 0 0.193637338142506 0 0 0 0 0 0 0 0 0 0 0 0 0 0 0 0 0 0 0 0 0 0 0 0.285022090949955 0 0 0 0 0 0 0 0 0 0 0 0 0 0 0 0 0 0 0.185036365839638 0 0 0 1.17443161263297 0 0 0 0 0 0 0 0 0 0 0
"78" 0 0 0 0 0.0906917776214512 0 0 0 0 0 0 0 0 0 0 0 0 0 0 0 0 0 0 0 0 0 0 0 0 0 0.122771194132619 0 0 0 0.324078202251345 0 0 0 0 0 0 0 0 0 0 0 0 0 0.249207321826214 0 0 0 0 0 0 0 0 0 0 0 0 0 0 0 0 0 0 0 0 0.0898677849685403 0 0 0 0 0 0 0 0 0 0 0 0 0 0
"79" 0 0 0 0 0 0 0 0 0.138960565760632 0 0 0 0 0 0 0 0.123962433118302 0 0 0 0 0 0 0 0 0 0 0.111412880111003 0 0.081903986486499 0 0 0 0 0 0 0 0 0 0 0.12154539952879 0 0 0 0 0 0.140319907133043 0 0 0 0 0 0 0 0 0 0.167205957761835 0 0 0 0 0 0 0 0 0 0 0 0 0 0 0 0 0 0 0 0 0 0 0 0 0 0 0
"80" 0 0 0 0.136949346896188 0 0 0 0 0 0 0.0659698210899011 0 0 0.127491834980545 0 0 0 0.0805655168316519 0 0 0 0 0 0 0 0 0 0 0.0627145721940627 0 0 0 0 0 0 0 0.0675626416273825 0 0 0 0 0.0804534384638117 0 0 0 0 0 0 0 0 0.0763394932805555 0.0648747145137502 0 0 0 0 0 0 0.0591097675234308 0 0 0.219712306440675 0 0 0 0 0 0 0 0 0 0 0 0 0 0 0 0 0 0 0 0 0 0
"81" 0 0.0465404573941939 0.0561485457652656 0 0.118981683431914 0 0 0 0 0 0 0 0 0 0 0 0 0 0 0 0 0 0 0.0662927788799106 0 0 0 0 0 0 0.0660803065996824 0.0641654390613432 0 0.0574574508471919 0 0.0673710765847784 0 0 0 0 0 0 0.0700392628367929 0 0 0 0 0 0 0 0 0 0 0 0 0 0 0.0795445057220053 0 0 0 0 0 0 0 0.0601256190210879 0.0627800909878129 0 0 0.079304095076823 0 0 0 0 0 0 0 0 0 0 0 0 0.0729375745929068 0
"82" 0.0971327746421554 0 0 0 0 0.113517589161395 0 0 0 0 0 0 0 0 0 0 0 0 0 0.0854398840529723 0.125993615654326 0 0.0967255847281818 0 0 0 0 0 0 0 0 0 0 0 0 0 0 0.27349018759027 0 0.246587329035504 0 0 0 0 0 0 0 0 0 0 0 0 0 0 0 0.161375254507508 0 0 0 0 0 0 0 0.0983965470470292 0 0 0 0 0 0 0 0 0 0 0 0 0 0 0 0 0 0 0 0
"83" 0 0.0507276549285288 0.0501470676645883 0 0.146221085763453 0 0 0 0 0 0 0 0 0 0 0 0 0 0 0 0 0 0 0.0607305549899039 0 0 0 0 0 0 0.0715268060630349 0.112006145020125 0 0.0655524135189561 0 0.0671254004125217 0 0 0 0 0 0 0.0645092309266244 0 0 0 0 0 0 0 0 0 0 0 0 0 0 0.0712137143830555 0 0 0 0 0 0 0 0.0599373268229066 0.0558533817957309 0 0 0.0782799492385019 0 0 0 0 0 0 0 0 0 0 0.0759561825564309 0 0 0
"84" 0 0 0.0518723348947793 0 0 0 0 0 0 0.0581683449093336 0 0 0 0 0 0 0 0 0 0 0 0.057087713572529 0 0.048249606275751 0 0 0 0 0 0 0 0 0 0 0 0 0 0 0 0 0 0 0 0 0 0.0853407687538114 0 0 0 0 0 0 0.0954603513482159 0 0 0 0 0 0 0 0.081035933857535 0 0 0 0 0.0478282100647928 0.044105057471758 0 0 0 0.0879628135671668 0 0 0 0 0 0 0 0 0 0 0 0 0
