"V1" "V2" "V3" "V4" "V5" "V6" "V7" "V8" "V9" "V10" "V11" "V12" "V13" "V14" "V15" "V16" "V17" "V18" "V19" "V20" "V21"
"1" 0 0.440298322547136 0 0 0 0 0 0 0 0 0 0 0 0 0 0 0 0 0 0 0
"2" 0.831776741939937 0 0.956931445399204 0 0.436497241020106 0 0 0 0 0 0 0 0 0 0 0 0 0 0 0 0
"3" 0 0.354930991565838 0 0 0 0 0 0 0 0 0 0 0 0 0 0 0 0 0 0 0
"4" 0 0 0 0 0.28476087476627 0 0 0 0 0 0 0 0 0 0 0 0 0 0 0 0
"5" 0 0.248360925338419 0 0.864821810412105 0 0.326966527810544 0 0 0 0 0 0 0 0 0 0 0 0 0 0 0
"6" 0 0 0 0 0.312614766953409 0 0 0.419171439491044 0 1.26289845910131 0 0 0 0 0 0 0 0 0 0 0
"7" 0 0 0 0 0 0 0 0 0.297372393151508 0 0 0 0 0 0 0 0 0 0 0 0
"8" 0 0 0 0 0 0.318537170609973 0 0 0 0 0.239580641067475 0 0 0.341004020582944 0 0 0 0 0 0 0
"9" 0 0 0 0 0 0 0.927384606563941 0 0 0 0.306051731520633 1.10874077199799 0 0 0 0 0 0 0 0 0
"10" 0 0 0 0 0 0.342899009765014 0 0 0 0 0 0 0 0 0 0 0 0 0 0 0
"11" 0 0 0 0 0 0 0 0.40001761751883 0.312724310335245 0 0 0 0.327892715431437 0 0 0 0 0 0 0 0
"12" 0 0 0 0 0 0 0 0 0.376261679127313 0 0 0 0 0 0 0 0 0 0 0 0
"13" 0 0 0 0 0 0 0 0 0 0 0.313994135682588 0 0 0 1.03250845669728 0.210332950472936 0 0 0 0 0
"14" 0 0 0 0 0 0 0 0.290896722629806 0 0 0 0 0 0 0 0 1.0701143599285 0 0 0.848761262224698 0
"15" 0 0 0 0 0 0 0 0 0 0 0 0 0.273170981460901 0 0 0 0 0 0 0 0
"16" 0 0 0 0 0 0 0 0 0 0 0 0 0.353501317677722 0 0 0 0 0.343382986153462 1.10565467728612 0 1.28891828148731
"17" 0 0 0 0 0 0 0 0 0 0 0 0 0 0.412754504143955 0 0 0 0 0 0 0
"18" 0 0 0 0 0 0 0 0 0 0 0 0 0 0 0 0.275442514214743 0 0 0 0 0
"19" 0 0 0 0 0 0 0 0 0 0 0 0 0 0 0 0.341086242108311 0 0 0 0 0
"20" 0 0 0 0 0 0 0 0 0 0 0 0 0 0.264313705020115 0 0 0 0 0 0 0
"21" 0 0 0 0 0 0 0 0 0 0 0 0 0 0 0 0.285601023694535 0 0 0 0 0
