"V1" "V2" "V3" "V4" "V5" "V6" "V7" "V8" "V9" "V10" "V11" "V12" "V13" "V14" "V15" "V16" "V17" "V18" "V19" "V20" "V21" "V22" "V23" "V24" "V25" "V26" "V27" "V28" "V29" "V30" "V31" "V32" "V33" "V34" "V35" "V36" "V37" "V38" "V39" "V40" "V41" "V42" "V43" "V44" "V45" "V46" "V47" "V48" "V49" "V50" "V51" "V52" "V53" "V54" "V55" "V56" "V57" "V58" "V59" "V60" "V61" "V62" "V63" "V64" "V65" "V66" "V67" "V68" "V69" "V70" "V71" "V72" "V73" "V74" "V75" "V76" "V77" "V78" "V79" "V80" "V81" "V82" "V83" "V84"
"1" 0 0 0.133816968422651 0 0 0 0 0 0 0 0 0.290283204323876 0 0 0 0 0.119809704206508 0 0 0 0 0 0 0 0 0 0 0 0 0 0 0 0 0 0 0 0 0 0 0 0 0 0 0 0 0 0 0 0.191374697461724 0 0 0.157645346955396 0 0 0 0 0 0 0 0 0 0 0 0 0 0 0 0 0.205285708193038 0 0 0 0 0 0 0 0 0 0 0 0 0 0 0
"2" 0 0 0 0 0 0 0 0 0 0 0 0 0 0 0 0 0 0 0 0 0 0 0 0.120421138314247 0.139714574006851 0 0 0 0 0 0 0 0 0 0 0 0 0 0 0 0 0 0 0 0 0 0.165006530402456 0 0 0 0 0 0 0 0 0 0 0 0 0 0 0 0 0 0 0.190907295337295 0 0 0 0 0 0 0 0 0 0 0 0 0 0 0 0 0 0
"3" 0.128111548338525 0 0 0.113845775742543 0.258457609393436 0 0 0 0.25417382611249 0 0 0 0 0 0 0 0 0 0 0.115264216054022 0 0 0 0 0 0 0 0 0 0 0 0 0 0 0 0 0 0.110115982505005 0 0 0.240953234408252 0 0 0 0 0 0 0 0 0 0 0 0 0 0 0 0 0 0 0 0 0 0 0 0 0.172424596316854 0 0 0 0 0 0 0 0 0.143838493404818 0 0 0 0 0 0 0 0 0
"4" 0 0 0.101709356502075 0 0 0 0 0 0 0 0 0 0 0 0 0 0 0 0 0 0 0 0 0 0 0 0 0 0.180962953837725 0 0 0.0744040674922599 0 0 0 0 0 0 0 0 0 0 0 0 0 0 0 0 0 0 0 0 0 0 0 0 0 0 0 0 0 0.122394456433703 0 0.0904427899687054 0 0 0 0 0 0 0 0 0 0 0 0 0.5826098295511 0 0 0 0 0 0 0
"5" 0 0 0.0978335161022309 0 0 0 0 0 0 0 0 0 0.265128897564819 0 0 0 0 0 0 0 0 0 0 0 0 0 0 0 0 0 0 0.147894382333439 0 0 0 0 0 0 0 0 0 0 0 0 0 0 0 0 0 0 0 0 0 0 0 0 0 0 0 0.112478571210124 0 0 0 0 0 0 0 0 0 0 0.0898985588820391 0 0 0 0 0 0 0 0 0 0 0 0 0
"6" 0 0 0 0 0 0 0 0 0 0 0.247832889852964 0 0 0 0 0 0 0.139227954431666 0.199465156264917 0.112053071514455 0 0 0 0 0 0 0 0 0 0 0 0 0 0 0.130473041228035 0 0 0 0 0 0 0 0 0.11125901786181 0 0 0 0 0 0 0 0 0 0 0 0 0 0 0 0.154838379973596 0 0 0 0 0 0 0 0 0 0 0 0 0 0 0 0 0 0 0 0 0 0 0 0
"7" 0 0 0 0 0 0 0 0 0 0.17698060592331 0 0 0.211622227506736 0 0 0 0 0 0 0 0.264008978132763 0 0 0 0 0 0 0 0 0.24066389556321 0 0 0 0 0 0 0 0 0 0 0 0 0 0 0 0 0 0 0 0 0 0 0 0 0 0 0 0 0 0 0 0 0 0 0 0 0 0 0 0 0 0 0.441318798382208 0 0 0 0 0 0 0 0 0 0 0.170562875234737
"8" 0 0 0 0 0 0 0 0 0 0.21069966005914 0 0 0.234902769825171 0 0 0 0.196096257012461 0.0924461270595573 0 0 0 0 0 0 0 0 0 0 0 0 0 0 0 0 0 0 0 0 0.13018750802166 0 0 0 0 0 0 0 0 0 0 0 0 0 0 0.251174436289991 0 0 0 0 0 0 0 0 0 0 0 0 0 0 0 0 0 0 0 0 0 0 0.495952721267574 0 0.266239549712735 0 0 0.168366463550475 0 0
"9" 0 0 0.129157295637228 0 0 0 0 0 0 0.137728966030468 0 0 0 0 0 0 0 0 0.152825090994535 0 0 0 0 0 0 0 0 0 0 0 0 0 0 0 0 0 0 0 0 0 0 0.168723026255673 0 0 0 0 0 0 0 0 0 0 0 0 0 0 0 0 0 0 0 0 0 0 0 0 0 0 0 0 0 0 0 0 0 0 0 0 0 0 0 0 0 0
"10" 0 0 0 0 0 0 0.148333006025606 0.114336620503618 0.243968911499397 0 0 0 0 0.108417186172697 0 0 0 0 0 0 0 0 0 0 0 0 0 0 0 0 0 0 0 0 0 0 0 0 0 0 0 0 0 0 0 0 0 0 0 0 0 0 0 0 0 0 0 0 0.328327977702943 0 0 0 0 0 0.285181995903599 0 0 0 0 0 0 0 0 0 0 0 0 0 0 0 0 0 0 0
"11" 0 0 0 0 0 0.178471397768579 0 0 0 0 0 0 0 0 0 0 0 0.135532180753422 0 0 0 0 0 0.119611048118686 0 0 0 0 0 0 0 0 0 0 0 0 0 0 0 0 0 0 0.174415834331278 0 0 0 0 0 0 0 0 0 0 0 0 0 0 0 0 0 0.268548233624855 0 0 0 0 0 0 0 0 0 0 0 0 0 0 0 0 0.198864120815539 0 0 0 0 0 0
"12" 0.147614106205895 0 0 0 0 0 0 0 0 0 0 0 0 0 0 0 0 0 0 0 0 0 0 0 0 0 0 0 0 0 0 0 0 0 0 0 0 0 0 0 0 0 0 0 0 0 0 0 0 0 0 0 0 0 0 0 0 0 0 0 0 0 0 0.148414091283673 0 0 0 0 0 0 0 0 0 0 0 0 0 0 0 0.182186818698582 0 0 0 0
"13" 0 0 0 0 0.269775269865426 0 0.146784951566196 0.0999999634965265 0 0 0 0 0 0 0 0 0 0 0 0 0 0 0 0 0 0 0 0 0 0 0 0 0 0.194335478301806 0 0 0 0 0 0 0 0 0 0 0 0 0 0 0 0 0 0 0 0 0 0 0 0 0 0 0 0 0 0 0 0 0 0 0 0 0 0 0 0 0 0 0 0 0 0 0 0 0.205440873767476 0
"14" 0 0 0 0 0 0 0 0 0 0.176882532673563 0 0 0 0 0 0 0 0 0 0 0 0 0 0 0 0 0 0 0 0 0 0 0 0 0 0 0 0.0901518971891447 0 0 0 0 0 0 0 0 0 0 0 0 0 0 0 0 0 0 0 0 0 0.151904272345504 0 0 0 0.144712460058083 0 0 0 0.151382154094522 0 0 0 0 0 0 0 0 0 0 0 0 0 0 0 0
"15" 0 0 0 0 0 0 0 0 0 0 0 0 0 0 0 0 0 0 0 0 0 0 0 0 0 0 0 0 0.189014786433407 0 0 0 0 0 0 0 0 0 0 0 0 0 0 0 0 0 0 0 0 0 0 0 0 0 0 0 0.32017695321341 0 0 0 0 0 0 0 0 0 0 0 0 0 0 0 0 0 0 0 0 0 0 0 0 0 0 0
"16" 0 0 0 0 0 0 0 0 0 0 0 0 0 0 0 0 0 0 0 0 0 0 0 0.11149720599961 0 0 0 0 0 0 0 0 0 0 0 0 0.45649304140959 0 0 0 0 0 0 0.185439914549106 0 0.258153115316018 0 0 0 0 0 0 0 0 0.27063732122143 0 0 0 0 0 0 0.0789029575222001 0 0 0 0 0 0 0 0.169718508536391 0 0 0 0 0 0 0 0 0 0.272287062702291 0 0 0 0
"17" 0.152448547890815 0 0 0 0 0 0 0.0920489393465352 0 0 0 0 0 0 0 0 0 0 0 0 0 0 0 0 0 0 0 0 0 0 0 0 0.191411154060938 0 0 0 0 0 0 0 0 0 0 0 0 0 0 0 0 0 0 0 0 0 0.218135798275594 0 0 0 0 0 0 0.0830475160080169 0 0 0 0 0 0 0 0 0 0 0 0 0 0 0 0 0 0 0 0 0 0.153971720205977
"18" 0 0 0 0 0 0.135899947304489 0 0.118269519939053 0 0 0.218291293441753 0 0 0 0 0 0 0 0 0 0 0 0 0 0 0 0 0 0 0 0 0 0 0 0.137043288732474 0 0 0 0 0 0 0 0.179468895467367 0 0 0 0 0.194617697857399 0 0 0 0 0 0 0 0 0 0 0 0 0 0 0 0 0 0 0 0 0 0.153172960838596 0 0 0 0 0 0 0 0 0 0 0 0 0 0
"19" 0 0 0 0 0 0.142366948151536 0 0 0.181727530087888 0 0 0 0 0 0 0 0 0 0 0 0 0 0 0 0 0 0 0 0 0 0 0 0 0 0 0 0 0 0 0 0 0 0 0 0.356327953803629 0 0 0 0 0.105020769652063 0 0 0 0 0 0.556346780519125 0 0.158496936727954 0 0 0 0 0 0 0 0 0 0 0 0 0 0 0 0 0 0 0 0 0 0 0 0 0 0
"20" 0 0 0.105341308004369 0 0 0.189520724805715 0 0 0 0 0 0 0 0 0 0 0 0 0 0 0 0 0.169491341431172 0.133725285872299 0 0.113370735241142 0 0 0 0 0 0 0 0 0 0 0 0.0925906554645904 0 0 0 0 0 0 0 0 0.121290640011407 0 0 0.103119930394813 0 0 0 0 0 0 0 0 0 0 0 0 0 0.132480451585281 0 0 0 0 0 0 0 0 0 0 0 0 0 0 0 0 0 0 0 0
"21" 0 0 0 0 0 0 0.167732693486559 0 0 0 0 0 0 0 0 0 0 0 0 0 0 0 0 0 0 0 0 0 0 0 0 0 0 0 0 0 0 0 0 0 0 0 0 0 0 0 0 0 0 0 0 0 0 0.222294348816804 0 0 0 0 0 0 0 0 0 0 0.316600342794748 0 0 0 0 0 0 0 0 0 0 0 0 0 0 0 0 0 0 0
"22" 0 0 0 0 0 0 0 0 0 0 0 0 0 0 0 0 0 0 0 0 0 0 0 0 0 0 0 0 0 0 0 0 0 0 0 0 0 0 0 0 0 0 0 0 0 0 0 0 0 0 0 0 0 0 0 0 0 0 0 0 0 0 0 0 0 0 0 0 0.100562355245323 0 0 0 0 0 0 0 0 0 0 0 0 0 0 0.0889943234917854
"23" 0 0 0 0 0 0 0 0 0 0 0 0 0 0 0 0 0 0 0 0.123249452890061 0 0 0 0 0 0.121117643658895 0 0 0 0 0 0 0.214797570890722 0.223264227130971 0 0 0 0 0 0 0 0 0 0 0 0 0 0 0 0 0 0 0 0 0 0 0 0 0 0 0 0 0 0 0 0 0 0 0 0 0 0 0 0 0 0 0 0 0 0 0 0.120523476842972 0 0
"24" 0 0.169546191603861 0 0 0 0 0 0 0 0 0.174427626649299 0 0 0 0 0.133414984003322 0 0 0 0.108138936163435 0 0 0 0 0 0 0 0 0 0.253477853754021 0 0 0 0 0 0 0 0.11473718535931 0 0.247139425065962 0 0 0 0 0 0 0 0 0 0 0 0 0 0 0 0 0 0 0 0 0 0 0 0.120758257742202 0 0 0 0 0 0 0 0 0 0 0 0 0 0 0 0 0.461887088598302 0 0 0
"25" 0 0.30470855337248 0 0 0 0 0 0 0 0 0 0 0 0 0 0 0 0 0 0 0 0 0 0 0 0 0 0 0 0 0.117546692237758 0 0 0 0 0.140171859220044 0 0 0 0 0 0 0 0.142095011370922 0 0 0 0 0 0 0 0 0 0 0 0 0 0 0 0 0 0 0 0 0 0 0 0 0 0 0 0 0 0 0.253930455576875 0 0 0 0 0 0 0 0 0
"26" 0 0 0 0 0 0 0 0 0 0 0 0 0 0 0 0 0 0 0 0.122019347582594 0 0 0.203224247755213 0 0 0 0 0 0 0 0 0 0 0 0 0 0 0 0 0 0 0 0 0 0.356933987026012 0 0 0 0 0 0 0.114982824149989 0 0.28722640173287 0 0 0 0 0 0 0 0 0 0 0 0 0 0.266425400600412 0 0 0 0 0.336515102143403 0 0 0 0 0 0 0 0 0 0 0
"27" 0 0 0 0 0 0 0 0 0 0 0 0 0 0 0 0 0 0 0 0 0 0 0 0 0 0 0 0 0 0 0 0 0 0 0 0 0 0 0 0 0 0 0 0 0 0 0.137873916646208 0 0 0 0 0 0 0 0 0 0 0 0 0 0 0 0 0 0 0 0 0 0.163177174862647 0 0 0 0 0 0 0.269824230289771 0 0 0 0 0 0 0 0
"28" 0 0 0 0 0 0 0 0 0 0 0 0 0 0 0 0 0 0 0 0 0 0 0 0 0 0 0 0 0 0 0 0 0 0.147752428921394 0 0 0 0 0 0 0 0 0 0 0 0 0 0 0.260374953069843 0 0 0 0 0 0 0 0 0 0 0 0 0 0 0 0 0 0 0 0 0 0 0 0 0 0 0 0 0 0 0 0 0 0 0
"29" 0 0 0 0.17363273439723 0 0 0 0 0 0 0 0 0 0 0.444741812713262 0 0 0 0 0 0 0 0 0 0 0 0 0 0 0 0 0 0 0 0 0 0 0 0 0 0 0 0 0 0 0 0 0 0 0 0 0 0 0 0 0 0 0 0 0 0 0 0 0 0 0 0.184126688012077 0 0 0 0.0607647795794554 0 0 0 0 0 0 0 0.133520604248436 0 0 0 0.158665166466333 0
"30" 0 0 0 0 0 0 0.151783948144244 0 0 0 0 0 0 0 0 0 0 0 0 0 0 0 0 0.0957779943344251 0 0 0 0 0 0 0 0 0 0 0 0 0 0.100738526770483 0 0 0 0 0 0 0 0 0 0 0 0 0 0 0 0 0 0 0 0 0 0 0 0 0 0 0 0 0 0 0.122361619458435 0 0 0 0 0 0 0 0 0 0 0 0 0 0 0
"31" 0 0 0 0 0 0 0 0 0 0 0 0 0 0 0 0 0 0 0 0 0 0 0 0 0.3120438532608 0 0 0 0 0 0 0 0 0 0 0.120196389512832 0 0.0785020494295104 0 0 0.17204046489646 0 0 0 0 0 0.113966935496952 0 0 0 0 0 0.398352665912552 0 0 0 0 0 0 0 0 0 0 0 0 0 0 0 0 0 0 0 0 0.48282129050909 0.253993762554688 0 0 0.167797238975482 0 0 0 0 0 0
"32" 0 0 0 0.14666836963912 0.219444172646163 0 0 0 0 0 0 0 0 0 0 0 0 0 0 0 0 0 0 0 0 0 0 0 0 0 0 0 0 0 0 0.112142390587902 0 0 0 0 0 0 0 0 0 0 0 0 0 0 0 0.204251365339293 0 0 0 0 0 0 0 0 0 0.0837229989471757 0 0 0 0 0 0 0 0 0 0 0 0 0 0.394476533135024 0 0 0 0 0.366436315593522 0 0 0
"33" 0 0 0 0 0 0 0 0 0 0 0 0 0 0 0 0 0.149448911753444 0 0 0 0 0 0.228098765190415 0 0 0 0 0 0 0 0 0 0 0 0 0 0 0.125359278423536 0 0 0 0 0 0.165039715418 0 0 0 0 0 0 0 0 0 0 0 0 0 0 0 0 0 0 0 0 0 0 0 0 0 0 0 0 0 0 0 0 0 0 0 0 0 0 0 0
"34" 0 0 0 0 0 0 0 0 0 0 0 0 0.156539695455412 0 0 0 0 0 0 0 0 0 0.180836835405201 0 0 0 0 0.362345713467866 0 0 0 0 0 0 0 0 0 0 0 0.105512114099277 0 0 0 0 0 0 0 0 0.321454276367449 0.168785246406127 0 0 0 0 0 0 0 0 0 0 0 0 0 0 0 0 0 0 0 0 0 0 0 0 0 0 0 0 0 0 0 0 0 0
"35" 0 0 0 0 0 0.179793954136657 0 0 0 0 0 0 0 0 0 0 0 0.165860142763744 0 0 0 0 0 0 0 0 0 0 0 0 0 0 0 0 0 0 0 0 0.127701247088617 0 0 0 0 0 0 0 0 0 0 0 0 0 0 0 0 0 0 0.209271095842044 0 0 0 0 0.195300319264466 0 0 0 0 0 0 0 0 0 0 0 0 0 0 0 0.142093731394914 0 0 0 0 0
"36" 0 0 0 0 0 0 0 0 0 0 0 0 0 0 0 0 0 0 0 0 0 0 0 0 0.209620265426775 0 0 0 0 0 0.098647559972272 0.177427964013854 0 0 0 0 0 0.104401882555934 0 0.229990363266633 0 0 0 0 0 0 0 0 0 0 0 0 0 0 0 0 0 0 0.279303270366918 0 0 0 0 0 0 0 0 0 0 0 0.0932043234432232 0 0 0 0 0 0 0 0 0 0 0.146024450842473 0 0
"37" 0 0 0 0 0 0 0 0 0 0 0 0 0 0 0 0.10605409213118 0 0 0 0 0 0 0 0 0 0 0 0 0 0 0 0 0 0 0 0 0 0 0 0 0 0 0 0 0 0 0 0 0 0 0 0 0 0 0 0 0 0 0 0 0 0 0 0 0 0 0 0 0 0 0 0 0 0.746992150549936 0 0 0 0 0 0 0 0 0 0
"38" 0 0 0.141827688089768 0 0 0 0 0 0 0 0 0 0 0.187852869737086 0 0 0 0 0 0.10726575851371 0 0 0 0.10358416200896 0 0 0 0 0 0.215039894692683 0.0926847971877418 0 0.269629069790068 0 0 0.0798978680737945 0 0 0 0 0 0 0 0 0 0 0 0 0 0.130558912661648 0 0 0 0 0 0 0 0 0 0 0 0 0 0 0 0.270635360560675 0 0 0 0 0 0 0 0 0 0 0 0 0 0 0 0 0 0
"39" 0 0 0 0 0 0 0 0.102684915405315 0 0 0 0 0 0 0 0 0 0 0 0 0 0 0 0 0 0 0 0 0 0 0 0 0 0 0.127109962934991 0 0 0 0 0 0 0 0 0 0.303162210695501 0 0 0 0 0 0.295457130125492 0 0 0 0 0 0 0 0 0 0 0 0 0 0 0 0 0 0 0 0 0 0 0 0 0.358659887579946 0 0.145555697586202 0.19382226838776 0 0 0 0 0.124301451569668
"40" 0 0 0 0 0 0 0 0 0 0 0 0 0 0 0 0 0 0 0 0 0 0 0 0.120773961331814 0 0 0 0 0 0 0 0 0 0.194102068753735 0 0.157782401508251 0 0 0 0 0 0 0 0 0 0 0 0 0 0 0 0 0 0 0 0 0 0 0 0 0 0 0 0 0 0 0 0 0 0 0.0685507747578354 0 0.376898911912867 0 0 0 0 0 0 0 0 0 0 0
"41" 0 0 0.10833528077382 0 0 0 0 0 0 0 0 0 0 0 0 0 0 0 0 0 0 0 0 0 0 0 0 0 0 0 0.106501064537146 0 0 0 0 0 0 0 0 0 0 0 0 0 0 0 0.132401033897026 0.201818769851091 0 0 0 0.208552335177843 0 0 0 0 0 0 0 0 0 0 0 0 0 0 0 0 0 0 0 0 0 0 0 0 0 0 0 0 0 0 0 0
"42" 0 0 0 0 0 0 0 0 0.281565830866723 0 0 0 0 0 0 0 0 0 0 0 0 0 0 0 0 0 0 0 0 0 0 0 0 0 0 0 0 0 0 0 0 0 0 0 0 0 0 0 0 0 0 0 0 0 0 0 0 0.175728874853976 0 0 0 0 0.251423118410673 0.11422262065126 0 0 0.171023573108819 0 0 0 0.120143369689922 0 0 0 0.213660318845009 0 0 0 0 0 0 0 0 0
"43" 0 0 0 0 0 0 0 0 0 0 0.187549139518756 0 0 0 0 0 0 0.153109848333277 0 0 0 0 0 0 0 0 0 0 0 0 0 0 0 0 0 0 0 0 0 0 0 0 0 0 0 0 0 0.243305194953796 0 0 0 0 0 0 0 0 0.273572069390785 0 0 0.155245475288757 0 0 0 0 0 0 0 0 0.172260846809201 0 0 0 0 0 0 0 0 0 0 0 0 0 0 0
"44" 0 0 0 0 0 0.158766389765229 0 0 0 0 0 0 0 0 0 0.11323914383742 0 0 0 0 0 0 0 0 0.129533217242125 0 0 0 0 0 0 0 0.242849830653925 0 0 0 0 0 0 0 0 0 0 0 0 0.268271888891844 0 0 0 0 0 0 0 0 0 0 0 0 0 0 0 0 0 0 0 0 0 0 0 0 0 0 0 0 0 0 0 0 0 0 0 0 0.158484269268331 0
"45" 0 0 0 0 0 0 0 0 0 0 0 0 0 0 0 0 0 0 0.220277902882491 0 0 0 0 0 0 0.158549088405994 0 0 0 0 0 0 0 0 0 0 0 0 0.10770928301074 0 0 0 0 0 0 0 0 0 0 0 0 0 0 0 0 0 0 0 0 0 0 0 0 0 0 0 0 0 0 0 0 0 0 0 0 0 0 0 0 0 0 0 0 0
"46" 0 0 0 0 0 0 0 0 0 0 0 0 0 0 0 0.126178070288626 0 0 0 0 0 0 0 0 0 0 0 0 0 0 0 0 0 0 0 0 0 0 0 0 0 0 0 0.156217198953855 0 0 0 0 0 0 0 0 0 0 0 0 0 0 0 0 0 0 0 0 0 0 0 0 0 0 0.0839533092303118 0 0 0 0 0 0 0 0 0 0 0 0 0
"47" 0 0.242897756562423 0 0 0 0 0 0 0 0 0 0 0 0 0 0 0 0 0 0.125860056283808 0 0 0 0 0 0 0.270273368991625 0 0 0 0.101326105000172 0 0 0 0 0 0 0 0 0 0.230055567383794 0 0 0 0 0 0 0 0 0 0 0 0 0 0 0 0 0.178794988609129 0 0 0 0 0 0 0 0.212846663573853 0 0 0 0.118345548705579 0 0 0 0 0 0 0 0 0 0 0 0 0 0
"48" 0 0 0 0 0 0 0 0 0 0 0 0 0 0 0 0 0 0.175389715696922 0 0 0 0 0 0 0 0 0 0 0 0 0 0 0 0 0 0 0 0 0 0 0.200959590834021 0 0.107441464700896 0 0 0 0 0 0 0 0 0 0 0 0.139145123825516 0 0 0 0 0 0 0 0 0 0 0 0 0 0 0 0.0898866725609082 0 0 0 0 0 0 0 0 0 0 0 0 0
"49" 0.153422387549417 0 0 0 0 0 0 0 0 0 0 0 0 0 0 0 0 0 0 0 0 0 0 0 0 0 0 0.379939256905487 0 0 0 0 0 0.183772203599575 0 0 0 0 0 0 0 0 0 0 0 0 0 0 0 0 0 0 0 0 0 0.412375077302146 0 0 0 0 0 0 0 0 0 0 0 0 0 0 0 0 0 0 0 0 0 0 0 0 0 0 0 0
"50" 0 0 0 0 0 0 0 0 0 0 0 0 0 0 0 0 0 0 0.161764123164689 0.0784849641866133 0 0 0 0 0 0 0 0 0 0 0 0 0 0.201905382802558 0 0 0 0.0978457373397371 0 0 0 0 0 0 0 0 0 0 0 0 0 0 0 0 0 0 0 0 0.3160517001671 0 0 0.137871636206182 0 0 0 0.244808224242023 0 0 0 0 0 0 0 0 0 0 0 0 0 0 0 0.100896443993956 0 0
"51" 0 0 0 0 0 0 0 0 0 0 0 0 0 0 0 0 0 0 0 0 0 0 0 0 0 0 0 0 0 0 0 0 0 0 0 0 0 0 0.141064238164846 0 0 0 0 0 0 0 0 0 0 0 0 0 0 0 0 0 0 0 0 0 0 0 0 0 0 0 0 0 0 0 0 0 0 0 0 0 0 0.141664384093906 0 0 0 0 0 0
"52" 0.160468743271647 0 0 0 0 0 0 0 0 0 0 0 0 0 0 0 0 0 0 0 0 0 0 0 0 0.138218050814166 0 0 0 0 0 0.155857617843118 0 0 0 0 0 0 0 0 0.189227341957882 0 0 0 0 0 0 0 0 0 0 0 0 0 0 0 0 0 0 0 0 0 0 0 0 0 0 0 0 0 0 0 0 0 0 0 0 0 0 0 0.417246152478945 0 0 0
"53" 0 0 0 0 0 0 0 0 0 0 0 0 0 0 0 0 0 0 0 0 0 0 0 0 0 0 0 0 0 0 0.108005296726622 0 0 0 0 0 0 0 0 0 0 0 0 0 0 0 0 0 0 0 0 0 0 0 0 0 0 0 0 0.108993466611021 0 0 0 0 0 0 0 0 0 0 0 0.360331087639724 0 0 0 0 0 0 0 0 0 0 0 0
"54" 0 0 0 0 0 0 0 0.0986694176009143 0 0 0 0 0 0 0 0 0 0 0 0 0.259614134853356 0 0 0 0 0.153233832455848 0 0 0 0 0 0 0 0 0 0 0 0 0 0 0 0 0 0 0 0 0 0 0 0 0 0 0 0 0 0 0 0 0 0 0.244033220715299 0 0 0 0 0 0 0 0 0 0 0 0 0 0 0 0 0 0 0 0 0 0 0
"55" 0 0 0 0 0 0 0 0 0 0 0 0 0 0 0 0.129411541256407 0.154709506695729 0 0 0 0 0 0 0 0 0 0 0 0 0 0 0 0 0 0 0 0 0 0 0 0 0 0 0 0 0 0 0.127333094316555 0 0 0 0 0 0 0 0 0 0 0 0 0 0 0.137905860539999 0 0 0 0 0.252493542350961 0 0 0 0 0 0 0 0 0 0 0 0 0 0 0 0
"56" 0 0 0 0 0 0 0 0 0 0 0 0 0 0 0 0 0 0 0.244927245455186 0 0 0 0 0 0 0 0 0 0 0 0 0 0 0 0 0 0 0 0 0 0 0 0 0 0 0 0 0 0.284385015917951 0 0 0 0 0 0 0 0 0 0 0 0 0 0 0 0 0 0 0 0 0 0 0 0 0 0 0 0 0 0 0 0 0 0 0
"57" 0 0 0 0 0 0 0 0 0 0 0 0 0 0 0.372153893388563 0 0 0 0 0 0 0 0 0 0 0 0 0 0 0 0 0 0 0 0 0 0 0 0 0 0 0 0.194931920341282 0 0 0 0 0 0 0 0 0 0 0 0 0 0 0 0 0 0 0 0.254060009144024 0 0 0 0 0 0 0 0 0 0 0 0 0 0 0 0 0 0 0 0 0
"58" 0 0 0 0 0 0 0 0 0 0 0 0 0 0 0 0 0 0 0.199693139880011 0 0 0 0 0 0 0 0 0 0 0 0 0 0 0 0.186216104589885 0 0 0 0 0 0 0.120223888187698 0 0 0 0 0.15181387716863 0 0 0 0 0 0 0 0 0 0 0 0 0 0 0 0 0 0 0 0 0 0 0 0 0.31264534307673 0 0 0 0 0 0 0 0 0 0 0 0
"59" 0 0 0 0 0 0 0 0 0 0.161582969963486 0 0 0 0 0 0 0 0 0 0 0 0 0 0 0 0 0 0 0 0 0 0 0 0 0 0.0946975480804915 0 0 0 0 0 0 0 0 0 0 0 0 0 0.119673547924462 0 0 0 0 0 0 0 0 0 0 0 0 0 0 0 0 0.210235395531097 0 0 0 0 0 0 0 0 0 0 0 0 0 0 0 0 0
"60" 0 0 0 0 0.180176813020086 0.152957619753265 0 0 0 0 0 0 0 0.163733666834862 0 0 0 0 0 0 0 0 0 0 0 0 0 0 0 0 0 0 0 0 0 0 0 0 0 0 0 0 0.214627826902159 0 0 0 0 0 0 0 0 0 0.310742530379438 0 0 0 0 0 0 0 0 0 0 0 0 0 0.170891013246344 0 0 0 0.0782430597676315 0 0 0 0 0 0 0 0 0 0 0 0.150757407373893 0
"61" 0 0 0 0 0 0 0 0 0 0 0.133202250993114 0 0 0 0 0 0 0 0 0 0 0 0 0 0 0 0 0 0 0 0 0 0 0 0 0 0 0 0 0 0 0 0 0 0 0 0 0 0 0 0 0 0 0.183165852026416 0 0 0 0 0 0 0 0 0 0.138946065951714 0 0 0 0.219205897973353 0 0 0 0 0 0 0 0 0 0 0 0 0 0 0 0
"62" 0 0 0 0.200535155965472 0 0 0 0 0 0 0 0 0 0 0 0.145626214393775 0.197544006559463 0 0 0 0 0 0 0 0 0 0 0 0 0 0 0.18980232193132 0 0 0 0 0 0 0 0 0 0 0 0 0 0 0 0 0 0.119916559881391 0 0 0 0 0 0 0 0 0 0 0 0 0.173468869628034 0 0 0 0 0 0.103155990762136 0 0 0 0 0 0 0 0 0.172912137751017 0 0.215490635830689 0 0 0 0
"63" 0 0 0 0 0 0 0 0 0 0 0 0 0 0 0 0 0 0 0 0 0 0 0 0 0 0 0 0 0 0 0 0 0 0 0.114278687014807 0 0 0 0 0 0 0.153269494513832 0 0 0 0 0 0 0 0 0 0 0 0 0.189451675288139 0 0.279847202593945 0 0 0 0 0.139273233947905 0 0 0 0 0 0 0 0 0 0 0 0 0 0 0 0 0 0 0 0 0 0
"64" 0 0 0 0.135044754108945 0 0 0 0 0 0 0 0.341579280056432 0 0.193661522937397 0 0 0 0 0 0.143966358961487 0 0 0 0.096602910868199 0 0 0 0 0 0 0 0 0 0 0 0 0 0 0 0 0 0.141999160379411 0 0 0 0 0 0 0 0 0 0 0 0 0 0 0 0 0 0 0.263366400520555 0 0 0 0 0 0 0 0 0 0 0 0 0 0 0 0 0 0 0.190976358805127 0 0.116558569249751 0 0
"65" 0 0 0 0 0 0 0 0 0 0.203787027585513 0 0 0 0 0 0 0 0 0 0 0.281591248827865 0 0 0 0 0 0 0 0 0 0 0 0 0 0 0 0 0 0 0 0 0 0 0 0 0 0 0 0 0 0 0 0 0 0 0 0 0 0 0 0 0 0 0 0 0 0 0 0 0 0.0876147488984266 0 0 0 0 0 0 0 0 0 0 0.0836603875659439 0 0
"66" 0 0.194041468072407 0.0896621791730058 0 0 0 0 0 0 0 0 0 0 0 0 0 0 0 0 0 0 0 0 0 0 0 0 0 0 0 0 0 0 0 0 0 0 0.111037491863678 0 0 0 0 0 0 0 0 0.106755488931622 0 0 0.15480614111464 0 0 0 0 0 0 0 0 0 0 0 0 0 0 0 0 0 0 0 0 0 0 0 0 0 0 0 0 0 0 0 0 0 0
"67" 0 0 0 0 0 0 0 0 0 0 0 0 0 0 0 0 0 0 0 0 0 0 0 0 0 0 0 0 0.0659860883114243 0 0 0 0 0 0 0 0 0 0 0 0 0.0991927990080831 0 0 0 0 0 0 0 0 0 0 0 0 0 0 0 0 0.218485312249525 0.117516778394166 0 0 0 0 0 0 0 0 0 0 0 0 0 0 0 0 0 0 0 0 0 0.0722100129169981 0 0.118725876577753
"68" 0 0 0 0 0 0 0 0 0 0 0 0 0 0.132704593617732 0 0 0 0 0 0 0 0 0 0 0 0.144941764580868 0 0 0 0 0 0 0 0 0 0 0 0 0 0 0 0 0 0 0 0 0 0 0 0 0 0 0 0 0.135339888349694 0 0 0 0 0 0.229543310366024 0 0 0 0 0 0 0 0 0 0 0 0 0 0 0 0 0 0 0 0 0 0 0
"69" 0.171852084772103 0 0 0 0 0 0 0 0 0 0 0 0 0 0 0 0 0 0 0 0 0.666251062618744 0 0 0 0 0.314668775739957 0 0 0.218773955319789 0 0 0 0 0 0 0 0 0 0 0 0 0.161694198126392 0 0 0 0 0 0 0 0 0 0 0 0 0 0 0 0 0 0 0.0937464888420292 0 0 0 0 0 0 0 0 0 0 0 0 0 0 0 0.130392757628723 0 0 0 0 0 0
"70" 0 0 0 0 0 0 0 0 0 0 0 0 0 0 0 0.0974672399346298 0 0.154603348822743 0 0 0 0 0 0 0 0 0 0 0 0 0 0 0 0 0 0 0 0 0 0 0 0 0 0 0 0 0.0887894594530606 0 0 0 0 0 0 0 0 0 0 0 0 0 0 0 0 0 0 0 0 0 0 0 0 0 0 0 0 0 0 0.108050741604339 0 0 0 0 0.145868031015221 0.127271489965496
"71" 0 0 0 0 0.212813449389534 0 0 0 0 0 0 0 0 0 0 0 0 0 0 0 0 0 0 0 0 0 0 0 0.20252078700641 0 0 0 0 0 0 0.115127274775875 0 0 0 0.165737234479119 0 0.119004301262613 0 0 0 0.454971726199293 0 0.243920924827894 0 0 0 0 0 0 0 0 0 0 0 0.131396721746178 0 0 0 0 0.234550471452772 0 0 0 0 0 0 0 0 0 0 0 0 0 0 0 0 0.112018998715587 0 0
"72" 0 0 0 0 0 0 0 0 0 0 0 0 0 0 0 0 0 0 0 0 0 0 0 0 0 0 0 0 0 0 0 0 0 0 0 0 0 0 0 0 0 0 0 0 0 0 0 0 0 0 0 0 0.341180496771732 0 0 0 0 0.221073482959299 0 0 0 0 0 0 0 0 0 0 0 0 0 0 0 0 0 0 0 0 0 0 0 0 0 0
"73" 0 0 0 0 0 0 0.20515574671755 0 0 0 0 0 0 0 0 0 0 0 0 0 0 0 0 0 0 0.211947972311255 0 0 0 0 0 0 0 0 0 0 0 0 0 0.147696036098582 0 0 0 0 0 0 0 0 0 0 0 0 0 0 0 0 0 0 0 0 0 0 0 0 0 0 0 0 0 0 0 0 0 0 0 0 0 0 0 0 0 0 0 0
"74" 0 0 0 0 0 0 0 0 0 0 0 0 0 0 0 0 0 0 0 0 0 0 0 0 0 0 0 0 0 0 0.104229181830368 0 0 0 0 0 0.434526317254124 0 0 0 0 0 0 0 0 0 0 0 0 0 0 0 0 0 0 0 0 0 0 0 0 0 0 0 0 0 0 0 0 0 0 0 0 0 0 0 0 0 0 0 0 0 0 0
"75" 0 0 0.133361182117884 0 0 0 0 0 0 0 0 0 0 0 0 0 0 0 0 0 0 0 0 0 0.236479463716975 0 0 0 0 0 0.105980353450975 0 0 0 0 0 0 0 0 0 0 0.143768463372854 0 0 0 0 0 0 0 0 0 0 0 0 0 0 0 0 0 0 0 0 0 0 0 0 0 0 0 0 0 0 0 0 0 0 0 0 0.177355834037522 0 0 0 0 0
"76" 0 0 0 0 0 0 0 0 0 0 0 0 0 0 0 0 0 0 0 0 0 0 0 0 0 0 0.352784644755176 0 0 0 0 0.16585198444 0 0 0 0 0 0 0.144750006190818 0 0 0 0 0 0 0 0 0 0 0 0 0 0 0 0 0 0 0 0 0 0 0 0 0 0 0 0 0 0 0 0 0 0 0 0 0 0 0 0 0 0 0 0 0
"77" 0 0 0 0.266670234358281 0 0 0 0.126139924619417 0 0 0 0 0 0 0 0 0 0 0 0 0 0 0 0 0 0 0 0 0 0 0 0 0 0 0 0 0 0 0 0 0 0 0 0 0 0 0 0 0 0 0 0 0 0 0 0 0 0 0 0 0 0 0 0 0 0 0 0 0 0 0 0 0 0 0 0 0 0 0 0 0 0 0 0
"78" 0 0 0 0 0 0 0 0 0 0 0.125584177798502 0 0 0 0 0 0 0 0 0 0 0 0 0 0 0 0 0 0 0 0.177415085907774 0 0 0 0 0 0 0 0.154114543006056 0 0 0 0 0 0 0 0 0 0 0 0.519542436609965 0 0 0 0 0 0 0 0 0 0 0.13676966980803 0 0 0 0 0 0 0.0947973175310149 0.207971799564281 0 0 0 0 0 0 0 0 0 0 0 0 0 0
"79" 0 0 0 0 0 0 0 0.094783744762259 0 0 0 0 0 0 0 0 0 0 0 0 0 0 0 0 0 0 0 0 0.158558490669184 0 0 0 0 0 0.160734034790326 0 0 0 0.139609542567977 0 0 0 0 0 0 0 0 0 0 0 0 0 0 0 0 0 0 0 0 0 0 0 0 0 0 0 0 0 0 0 0 0 0 0 0.234616562924869 0 0 0 0 0 0 0 0 0
"80" 0 0 0 0 0 0 0 0 0 0 0 0.257595317835866 0 0 0 0.112907061286339 0 0 0 0 0 0 0 0 0 0 0 0 0 0 0 0 0 0 0 0 0 0 0 0 0 0 0 0 0 0 0 0 0 0 0 0 0 0 0 0 0 0 0 0 0 0.118271984250406 0 0.140165533427212 0 0 0 0 0 0 0 0 0 0 0 0 0 0 0 0 0 0.146945634341069 0 0
"81" 0 0 0 0 0 0 0 0 0 0 0 0 0 0 0 0 0 0 0 0 0 0 0 0.118241095924013 0 0 0 0 0 0 0 0.14787568177514 0 0 0 0 0 0 0 0 0 0 0 0 0 0 0 0 0 0 0 0.25327718045963 0 0 0 0 0 0 0 0 0 0 0 0 0 0 0 0 0 0 0 0 0 0 0 0 0 0 0 0 0 0 0 0
"82" 0 0 0 0 0 0 0 0.089486568830676 0 0 0 0 0 0 0 0 0 0 0 0 0 0 0.22923264071201 0 0 0 0 0 0 0 0 0 0 0 0 0.204016984818047 0 0 0 0 0 0 0 0 0 0 0 0 0 0.0953616025978536 0 0 0 0 0 0 0 0 0 0 0 0 0 0.105136558351711 0.284386610097652 0 0.207135427283843 0 0 0 0.130632589019066 0 0 0 0 0 0 0 0 0.237084016551393 0 0 0 0
"83" 0 0 0 0 0 0 0 0 0 0 0 0 0.0945021240921747 0 0 0 0 0 0 0 0 0 0 0 0 0 0 0 0.172137793473904 0 0 0 0 0 0 0 0 0 0 0 0 0 0 0.193255106869367 0 0 0 0 0 0 0 0 0 0 0 0 0 0 0 0.145568245147696 0 0 0 0 0 0 0 0 0 0.170583548238157 0 0 0 0 0 0 0 0 0 0 0 0 0 0.181814403091862
"84" 0 0 0 0 0 0 0.175082542594302 0 0 0 0 0 0 0 0 0 0.101898694307753 0 0 0 0 0.371790505911646 0 0 0 0 0 0 0 0 0 0 0 0 0 0 0 0 0.103008161438932 0 0 0 0 0 0 0 0 0 0 0 0 0 0 0 0 0 0 0 0 0 0 0 0 0 0 0 0.175134878616899 0 0 0.146327123923111 0 0 0 0 0 0 0 0 0 0 0 0 0.167640364833449 0
