"V1" "V2" "V3" "V4" "V5" "V6" "V7" "V8" "V9" "V10" "V11" "V12" "V13" "V14" "V15" "V16" "V17" "V18" "V19" "V20" "V21"
"1" 0 0 0 0.155132616874559 0 0 0 0 0 0 0 0 0 0.139733102175772 0 0 0 0.0924026014049993 0.300617866258002 0 0.133643565478629
"2" 0 0 0.144522411707067 0.210195358116048 0 0 0 0 0 0 0 0 0 0 0 0 0 0.131194062008908 0 0 0.119543772189082
"3" 0 0.172818331287595 0 0.145494689908902 0 0.255776105876952 0.139818332194947 0.193918792701242 0 0 0 0.148916453814725 0 0 0 0 0 0 0 0 0
"4" 0.199943874171388 0.273829166640584 0.162031606300922 0 0.397108845087715 0 0.168719730772389 0 0 0 0.111287619082918 0 0 0 0 0 0.170977721422411 0 0 0 0
"5" 0 0 0 0.179460086936196 0 0 0.182246006188401 0 0 0 0 0 0 0.179191107910576 0 0 0 0 0 0 0
"6" 0 0 0.199295267933055 0 0 0 0.151168389544019 0 0.206755415716643 0 0.0886721661623708 0 0 0 0 0 0 0 0 0 0
"7" 0 0 0.169577081855637 0.133441395276819 0.276111630843668 0.27147151083267 0 0 0 0.17492000752028 0 0.163758708477695 0 0 0 0 0 0 0 0 0
"8" 0 0 0.220252396610985 0 0 0 0 0 0 0 0.0878368399886578 0 0 0 0 0 0.0714775802483986 0.185694856267031 0 0.792554665800634 0
"9" 0 0 0 0 0 0.33998552728725 0 0 0 0.0876838865018952 0 0 0.156711312341911 0 0 0 0 0 0 0 0.121218212525211
"10" 0 0 0 0 0 0 0.142328925643242 0 0.192813042297761 0 0 0 0.155375601752413 0 0 0.239827994699776 0.185705772700866 0 0.372811147750507 0 0.0854139242472382
"11" 0 0 0 0.168160377274797 0 0.251296246359818 0 0.259726395052964 0 0 0 0.124140049861276 0.201927143449697 0.126487822387695 0 0 0 0 0 0 0.146500215364506
"12" 0 0 0.214007014702326 0 0 0 0.155654663827944 0 0 0 0.106320047771802 0 0 0.113026461072313 0.244083697478273 0 0.180518648040915 0.245926171404352 0 0 0.117793970695771
"13" 0 0 0 0 0 0 0 0 0.241770936145457 0.142970645547569 0.116922146480877 0 0 0 0 0 0.109797154878471 0 0.409482042155822 0 0
"14" 0.189384999787935 0 0 0 0.461659471814408 0 0 0 0 0 0.155021669376875 0.126924327052006 0 0 0.244485352481828 0 0.140516817170743 0.159378370373178 0 0.350866915745112 0
"15" 0 0 0 0 0 0 0 0 0 0 0 0.154199646347931 0 0.153624222053415 0 0.417684731439726 0 0.195723215415567 0 0 0
"16" 0 0 0 0 0 0 0 0 0 0.144674079053292 0 0 0 0 0.248434840013827 0 0 0 0 0 0.111030803015592
"17" 0 0 0 0.174035341188491 0 0 0 0.222665625318035 0 0.113577030463469 0 0.155033494920783 0.15073921176719 0.115586474956037 0 0 0 0 0 0 0.135177827945694
"18" 0.165022562767543 0.215089857390331 0 0 0 0 0 0.186950699295187 0 0 0 0.0983938595896436 0 0.0884978010751168 0.236295571845737 0 0 0 0 0 0
"19" 0.222019708360447 0 0 0 0 0 0 0 0 0.120772246900089 0 0 0.20152317823353 0 0 0 0 0 0 0 0
"20" 0 0 0 0 0 0 0 0.252760469064565 0 0 0 0 0 0.148401519883387 0 0 0 0 0 0 0
"21" 0.266654418412426 0.22509717590804 0 0 0 0 0 0 0.231885882450758 0.0726027576975381 0.0781707260923365 0.164033983136159 0 0 0 0.392682761616157 0.156492300034189 0 0 0 0
