"V1" "V2" "V3" "V4" "V5" "V6" "V7" "V8" "V9" "V10" "V11" "V12" "V13" "V14" "V15" "V16" "V17" "V18" "V19" "V20" "V21" "V22" "V23" "V24" "V25" "V26" "V27" "V28" "V29" "V30" "V31" "V32" "V33" "V34" "V35" "V36" "V37" "V38" "V39" "V40" "V41" "V42"
"1" 0 0.165538132466903 0 0 0 0.40235576240727 0 0 0 0 0 0 0 0 0.298996169036513 0 0 0 0 0 0 0 0 0 0.154314611425533 0.246748403849308 0 0 0 0 0 0 0 0 0 0.129547814744672 0 0 0 0 0 0
"2" 0.161397162441689 0 0 0 0 0 0 0 0 0 0 0 0.08485902107912 0 0 0 0 0 0 0.157831595398185 0 0 0 0 0 0 0 0 0.228622971075994 0.17579901272967 0 0 0 0 0 0 0 0 0 0 0 0
"3" 0 0 0 0 0 0 0 0.126440171241398 0 0 0 0 0 0 0 0 0 0 0 0 0 0 0 0 0 0 0 0 0 0 0 0 0 0 0 0 0 0.0822131076419753 0 0 0 0.232970523610832
"4" 0 0 0 0 0 0 0 0 0 0 0 0.0956312407518062 0 0 0 0 0 0 0 0.159426459002349 0 0 0 0 0 0 0 0 0 0 0 0 0 0.114572479846732 0 0 0 0 0 0 0 0
"5" 0 0 0 0 0 0.359567256424772 0 0.0832972490744196 0 0 0.204757781943097 0 0 0 0 0 0 0 0 0.129847700891252 0 0.10497985719054 0.102384758725539 0.171775955883042 0 0 0 0 0 0 0 0 0 0 0 0 0 0 0 0.373061906235683 0 0
"6" 0.143855161136647 0 0 0 0.155208586846906 0 0 0 0 0.170101167518857 0 0 0 0 0 0 0 0 0 0 0 0 0 0 0 0 0 0 0 0 0 0 0 0 0 0 0 0 0 0 0 0
"7" 0 0 0 0 0 0 0 0.0856910880110617 0 0 0.148144898125487 0 0 0 0 0 0 0 0 0 0 0 0 0 0 0 0 0.182685651318712 0 0 0 0 0 0 0 0 0 0 0 0 0 0
"8" 0 0 0.39496651926828 0 0.141045552958805 0 0.437207502481191 0 0 0 0 0 0.113850457175918 0.292468964022322 0 0 0.110186611783149 0 0.290437350007681 0 0 0 0 0 0.17829792342997 0 0.289176464730544 0 0 0 0 0 0 0 0 0 0 0.103056538140943 0 0 0 0
"9" 0 0 0 0 0 0 0 0 0 0 0 0 0 0 0 0 0 0 0 0 0 0 0 0 0 0 0 0 0 0.362684502865097 0 0 0 0 0 0 0 0 0 0 0 0
"10" 0 0 0 0 0 0.310396563706475 0 0 0 0 0.135404439411077 0 0.124531230608648 0 0 0 0 0 0 0 0 0 0.143779397129793 0 0 0 0 0 0 0 0 0.170815916176011 0 0 0 0 0 0 0.170335144107813 0 0 0.19320187586702
"11" 0 0 0 0 0.141247739120293 0 0.376485494430874 0 0 0.120634376097751 0 0.149744109160569 0 0 0 0 0 0 0.402126358686948 0 0 0 0 0 0.168286765109573 0 0 0 0 0 0 0 0 0 0 0.112123585610864 0 0 0 0 0 0
"12" 0 0 0 0.427487864141185 0 0 0 0 0 0 0.152710603457217 0 0 0.289866014588554 0.36497683448515 0 0.169406552177954 0 0.200817343390506 0 0 0 0.133647140838418 0 0 0 0 0 0 0 0 0 0 0 0.267281325778018 0 0 0 0 0 0 0
"13" 0 0.191770138505381 0 0 0 0 0 0.0976621588049638 0 0.112621037122011 0 0 0 0 0 0 0 0 0 0 0 0 0 0 0.148502861591304 0 0 0.158368930966719 0 0 0 0.187249343542736 0 0.143511606992385 0 0 0 0.099463610449615 0 0 0 0
"14" 0 0 0 0 0 0 0 0.109457758887368 0 0 0 0.142409676542249 0 0 0 0 0 0 0 0 0 0.195998946184681 0 0 0 0 0 0.0507473505249451 0 0 0 0 0 0 0 0 0 0 0 0 0 0
"15" 0.128329069864158 0 0 0 0 0 0 0 0 0 0 0.118834948212373 0 0 0 0 0 0 0 0 0 0 0 0 0 0 0 0 0 0 0 0 0 0 0 0 0.309962178338457 0 0 0 0 0
"16" 0 0 0 0 0 0 0 0 0 0 0 0 0 0 0 0 0 0 0 0.173087290040376 0 0 0 0 0 0 0 0 0 0 0 0.154780729070176 0 0 0 0 0 0.102649337090957 0.17163080073962 0 0 0
"17" 0 0 0 0 0 0 0 0.119020215833302 0 0 0 0.186240825172364 0 0 0 0 0 0 0 0 0 0 0 0 0.154672652942694 0 0 0 0 0 0.496421099544548 0 0 0 0 0.118793555987466 0 0.116170862757471 0.239096402443653 0.340122672307985 0 0
"18" 0 0 0 0 0 0 0 0 0 0 0 0 0 0 0 0 0 0 0 0 0 0 0 0.136299246353432 0 0 0 0 0 0 0 0.166613247998723 0 0 0 0 0 0 0 0 0 0
"19" 0 0 0 0 0 0 0 0.0928158564904384 0 0 0.174426471720661 0.12124035085206 0 0 0 0 0 0 0 0 0 0 0 0 0 0 0 0 0.235881805456686 0 0 0 0 0 0 0 0 0 0 0 0 0
"20" 0 0.107210332812304 0 0.407207451116607 0.118786511385621 0 0 0 0 0 0 0 0 0 0 0.256255059789934 0 0 0 0 0 0 0 0 0 0.199808419292703 0 0 0 0 0 0 0 0.121340562285415 0 0 0 0 0 0 0 0
"21" 0 0 0 0 0 0 0 0 0 0 0 0 0 0 0 0 0 0 0 0 0 0.185316593902682 0 0 0 0 0 0 0 0 0 0 0 0 0 0 0 0 0.234294813705494 0 0 0
"22" 0 0 0 0 0.115309876178617 0 0 0 0 0 0 0 0 0.240665939935729 0 0 0 0 0 0 0.628318039126734 0 0 0 0.176718310166761 0.234036724077242 0 0 0 0 0 0.14058782750319 0 0 0 0 0 0 0 0 0 0
"23" 0 0 0 0 0.108262864984247 0 0 0 0 0.164249178817163 0 0.173938223472376 0 0 0 0 0 0 0 0 0 0 0 0 0 0 0 0.145832995587266 0 0 0 0 0 0 0 0.134718334116353 0.33791533581517 0 0 0 0 0
"24" 0 0 0 0 0.121744322239214 0 0 0 0 0 0 0 0 0 0 0 0 0.557641010571712 0 0 0 0 0 0 0 0 0 0 0.341154733899493 0.307900516697831 0 0 0 0 0 0.0916274172494617 0 0.103588899918244 0 0 0 0
"25" 0.132605190902612 0 0 0 0 0 0 0.135936647106703 0 0 0.112176743585385 0 0.115357929418769 0 0 0 0.123325947590611 0 0 0 0 0.121234275498193 0 0 0 0 0 0 0 0 0 0 0 0 0 0 0 0 0 0 0 0
"26" 0.180005207213119 0 0 0 0 0 0 0 0 0 0 0 0 0 0 0 0 0 0 0.13717270049434 0 0.13377723593332 0 0 0 0 0 0.133905629468861 0 0 0 0 0 0 0 0 0 0 0 0 0.294063920638722 0
"27" 0 0 0 0 0 0 0 0.125075244327274 0 0 0 0 0 0 0 0 0 0 0 0 0 0 0 0 0 0 0 0 0 0 0 0 0 0 0 0.145027794364811 0 0.115239854278162 0 0 0 0
"28" 0 0 0 0 0 0 0.409781940848672 0 0 0 0 0 0.116119506368181 0.271610429183051 0 0 0 0 0 0 0 0 0.213567693373286 0 0 0.169609384332368 0 0 0 0 0 0 0 0.117354350884291 0 0.0986149321259761 0 0 0 0 0 0
"29" 0 0.18428158312106 0 0 0 0 0 0 0 0 0 0 0 0 0 0 0 0 0.209698793929422 0 0 0 0 0.179543556335014 0 0 0 0 0 0 0 0 0.431991446705047 0 0 0 0 0 0 0 0 0
"30" 0 0.208530297492009 0 0 0 0 0 0 0.788126602357908 0 0 0 0 0 0 0 0 0 0 0 0 0 0 0.137222876466307 0 0 0 0 0 0 0 0 0 0 0 0 0 0 0 0 0 0
"31" 0 0 0 0 0 0 0 0 0 0 0 0 0 0 0 0 0.126422191187989 0 0 0 0 0 0 0 0 0 0 0 0 0 0 0 0 0 0.188327198889121 0 0 0 0 0 0 0
"32" 0 0 0 0 0 0 0 0 0 0.0907397225046738 0 0 0.163644966130435 0 0 0.252251906389813 0 0.514094031992037 0 0 0 0.213717108998941 0 0 0 0 0 0 0 0 0 0 0 0 0 0 0.349967745421561 0 0 0 0 0
"33" 0 0 0 0 0 0 0 0 0 0 0 0 0 0 0 0 0 0 0 0 0 0 0 0 0 0 0 0 0.282865987244167 0 0 0 0 0 0.253755351007913 0 0 0 0 0 0 0
"34" 0 0 0 0.368429913503908 0 0 0 0 0 0 0 0 0.123485508696197 0 0 0 0 0 0 0.206663931548801 0 0 0 0 0 0 0 0.16927887787639 0 0 0 0 0 0 0.245343738552453 0 0 0 0 0.339539931278227 0 0.193334289611233
"35" 0 0 0 0 0 0 0 0 0 0 0 0.125151200828464 0 0 0 0 0 0 0 0 0 0 0 0 0 0 0 0 0 0 0.324214752283042 0 0.492175971777257 0.155707824862616 0 0 0 0 0 0 0 0
"36" 0.149085009982059 0 0 0 0 0 0 0 0 0 0.150971791863477 0 0 0 0 0 0.113217328176491 0 0 0 0 0 0.171976005268825 0.172216519778302 0 0 0.353112172947281 0.127789628860671 0 0 0 0 0 0 0 0 0 0 0 0 0 0.22422250671288
"37" 0 0 0 0 0 0 0 0 0 0 0 0 0 0 0.27071577572936 0 0 0 0 0 0 0 0.145366925505893 0 0 0 0 0 0 0 0 0.243526045455104 0 0 0 0 0 0 0 0 0 0
"38" 0 0 0.296032910174621 0 0 0 0 0.104817089271699 0 0 0 0 0.0989830109282464 0 0 0.286310285937533 0.144205432287707 0 0 0 0 0 0 0.213331766761589 0 0 0.249434499813202 0 0 0 0 0 0 0 0 0 0 0 0.267805629962014 0 0.509770220984855 0
"39" 0 0 0 0 0 0 0 0 0 0.139112427117438 0 0 0 0 0 0.217705363442943 0.133274311346198 0 0 0 0.47132611438945 0 0 0 0 0 0 0 0 0 0 0 0 0 0 0 0 0.134783165872251 0 0 0 0
"40" 0 0 0 0 0.124772035545658 0 0 0 0 0 0 0 0 0 0 0 0.100902136513231 0 0 0 0 0 0 0 0 0 0 0 0 0 0 0 0 0.0853055778453418 0 0 0 0 0 0 0 0
"41" 0 0 0 0 0 0 0 0 0 0 0 0 0 0 0 0 0 0 0 0 0 0 0 0 0 0.210438037931129 0 0 0 0 0 0 0 0 0 0 0 0.113652325720366 0 0 0 0
"42" 0 0 0.364727069047541 0 0 0 0 0 0 0.110801365080511 0 0 0 0 0 0 0 0 0 0 0 0 0 0 0 0 0 0 0 0 0 0 0 0.183695064577222 0 0.131343586261929 0 0 0 0 0 0
