"V1" "V2" "V3" "V4" "V5" "V6" "V7" "V8" "V9" "V10" "V11" "V12" "V13" "V14" "V15" "V16" "V17" "V18" "V19" "V20" "V21" "V22" "V23" "V24" "V25" "V26" "V27" "V28" "V29" "V30" "V31" "V32" "V33" "V34" "V35" "V36" "V37" "V38" "V39" "V40" "V41" "V42" "V43" "V44" "V45" "V46" "V47" "V48" "V49" "V50" "V51" "V52" "V53" "V54" "V55" "V56" "V57" "V58" "V59" "V60" "V61" "V62" "V63" "V64" "V65" "V66" "V67" "V68" "V69" "V70" "V71" "V72" "V73" "V74" "V75" "V76" "V77" "V78" "V79" "V80" "V81" "V82" "V83" "V84"
"1" 0 0 0 0 0 0 0 0 0 0.256452277387659 0 0 0 0 0 0 0 0 0 0 0.459516705391165 0 0 0.329309611831017 0 0 0 0 0.300548485533624 0 0 0 0 0 0 0 0 0 0 0 0 0 0 0 0 0 0.126973528239249 0 0 0 0 0 0 0.109313606798861 0 0 0 0 0 0 0 0 0 0 0 0 0 0 0 0 0 0 0 0 0 0 0 0 0 0.105535879231871 0 0 0 0
"2" 0 0 0 0 0 0 0 0 0 0 0 0 0 0 0 0 0 0 0 0 0 0 0 0 0 0 0 0 0 0 0 0 0 0 0 0 0.352680652361049 0 0 0 0 0.0952803307091869 0 0 0 0 0 0 0 0 0 0 0 0 0.286125674523577 0 0 0 0 0 0 0 0 0 0 0 0 0 0 0 0 0 0 0 0 0 0 0 0 0 0 0 0 0
"3" 0 0 0 0 0 0 0 0 0 0 0 0 0 0 0 0 0 0 0 0 0.612957121584627 0 0 0 0 0.128395895107222 0 0 0 0 0 0 0 0.194551260877385 0 0 0 0 0 0.0926378854835752 0 0 0 0 0.325784805991864 0 0 0 0 0 0 0 0.354103147226834 0 0 0 0 0 0 0 0 0 0.164519739589065 0 0 0 0 0.15775401506865 0 0 0 0 0 0 0 0 0 0 0 0 0 0 0.266959816549146 0
"4" 0 0 0 0 0 0 0 0 0.174880817597 0 0 0 0 0 0 0 0 0 0 0.152683722366932 0 0 0 0 0 0 0 0 0 0 0 0 0 0 0 0 0 0 0 0 0 0.1134238110565 0 0 0 0 0 0.112358832287061 0 0 0 0 0 0 0 0 0 0 0 0 0 0 0 0 0 0 0 0 0 0 0 0 0 0 0 0 0.172692527948918 0 0 0 0 0 0 0
"5" 0 0 0 0 0 0 0 0 0 0 0.204834091935238 0 0 0 0 0 0 0 0 0 0 0 0.233302311217529 0 0 0 0 0 0.284858998916646 0 0 0 0 0 0 0 0 0 0 0 0 0 0 0 0 0 0 0 0 0.101628206272976 0 0 0 0 0 0 0 0 0 0 0 0 0 0 0 0 0 0 0 0 0 0 0 0 0 0 0 0 0 0 0 0 0 0
"6" 0 0 0 0 0 0 0 0 0 0 0 0 0 0 0 0 0 0 0 0 0 0 0 0 0 0.0488994856487461 0 0 0 0 0 0 0 0 0 0 0 0 0 0.190757491767035 0 0 0 0 0 0 0 0 0 0.0714470269880904 0 0 0 0 0 0 0 0 0 0 0 0 0 0.130172453285113 0 0 0 0 0.182251403959565 0 0.149382549717362 0 0 0 0 0 0 0 0 0 0 0 0 0
"7" 0 0 0 0 0 0 0 0 0 0.278282139920364 0 0.408153103055732 0 0 0 0 0 0 0 0 0 0 0 0 0 0 0 0 0 0 0 0 0 0.212791708687701 0 0 0 0 0 0 0 0 0 0.285964178016133 0 0 0 0 0 0.076608160423544 0 0 0 0 0 0 0 0 0 0 0 0 0 0 0 0 0 0 0 0 0 0 0 0 0 0 0 0 0 0 0 0 0 0
"8" 0 0 0 0 0 0 0 0 0 0 0 0 0 0 0 0 0.218554284770685 0 0 0 0 0 0 0 0 0.108870809417982 0 0 0 0 0 0 0 0 0 0 0 0 0 0 0 0 0 0 0.333960235921067 0 0 0 0 0 0 0 0 0 0 0 0 0 0 0 0 0 0 0 0 0 0 0 0 0 0 0 0 0.145374795119196 0 0.186586930641635 0 0 0 0 0 0 0 0
"9" 0 0 0 0.207837247166437 0 0 0 0 0 0 0 0 0 0 0 0 0 0 0.245569213408547 0 0 0 0 0 0 0 0 0 0 0 0 0 0 0 0 0 0 0 0 0 0.311877366194209 0 0.218739609630978 0 0 0.206248121303847 0 0.0908757681352936 0 0 0 0 0 0 0 0 0 0 0 0 0 0 0.146527219678402 0 0 0 0 0 0 0 0 0 0 0 0 0 0 0 0 0 0 0 0 0
"10" 0.126898497191478 0 0 0 0 0 0.213623919306203 0 0 0 0 0 0 0 0 0 0 0 0 0 0 0 0 0 0 0.144350661488498 0 0 0 0 0 0 0 0 0 0 0 0 0 0 0 0 0 0 0 0 0 0 0 0 0 0 0 0 0 0 0 0 0 0 0 0 0 0 0 0 0 0 0 0 0 0 0 0 0.139914556623699 0 0 0 0 0 0 0 0 0
"11" 0 0 0 0 0.336729268579594 0 0 0 0 0 0 0 0 0 0 0 0 0.172649624596167 0 0 0 0 0 0 0 0 0 0 0 0 0 0 0 0 0 0 0 0 0 0 0 0 0 0 0 0 0 0 0 0 0 0 0 0 0 0 0 0 0 0 0 0 0 0 0 0 0 0 0 0 0 0 0 0 0.139889601689412 0 0 0 0 0.130198525850889 0 0 0 0
"12" 0 0 0 0 0 0 0.197094536534493 0 0 0 0 0 0 0 0 0 0 0.154898991476232 0 0 0 0 0 0 0 0 0 0 0 0 0 0.106718488988212 0 0 0 0 0 0 0 0 0 0 0 0 0 0 0 0 0 0 0 0 0 0 0 0 0 0 0 0 0 0 0 0 0 0 0 0 0 0 0 0 0 0 0 0 0 0 0 0 0 0 0 0
"13" 0 0 0 0 0 0 0 0 0 0 0 0 0 0 0 0 0 0 0 0 0 0 0 0 0 0 0 0 0 0 0 0 0 0 0 0 0 0 0 0 0 0 0 0 0 0 0 0 0 0 0 0 0 0 0 0 0 0 0 0 0 0 0 0 0 0 0 0 0.180600448691225 0 0 0 0 0.146193471293048 0 0 0.128409424445427 0 0.262673328792867 0 0 0 0 0
"14" 0 0 0 0 0 0 0 0 0 0 0 0 0 0 0 0 0 0 0 0.186435328557649 0 0 0 0 0 0 0 0 0.164709853867268 0.628719919387889 0 0 0 0 0.402479366701273 0 0 0 0 0 0 0 0 0 0 0 0 0 0 0 0 0 0 0 0 0 0 0 0.0814008239111191 0 0 0 0 0 0 0 0 0 0 0 0 0 0 0 0 0 0 0 0 0 0 0 0 0
"15" 0 0 0 0 0 0 0 0 0 0 0 0 0 0 0 0 0 0 0 0 0 0.349762914678073 0 0 0 0 0 0.244260400677121 0 0 0 0 0 0 0 0 0 0 0 0 0 0.14709787388396 0 0 0 0 0 0 0 0 0 0 0 0 0 0 0.177689986728678 0 0 0 0 0 0 0 0 0 0 0 0 0 0 0 0 0 0 0 0 0 0 0 0 0 0 0
"16" 0 0 0 0 0 0 0 0 0 0 0 0 0 0 0 0 0 0 0 0 0 0 0 0 0.197205493416733 0 0 0 0 0 0 0 0 0 0 0.490227015005153 0 0 0 0 0 0 0 0 0 0 0 0 0 0 0 0 0.216764205201573 0 0 0 0 0 0 0 0 0 0 0 0 0 0 0 0 0 0 0 0 0 0 0 0 0 0 0.136401871464083 0 0 0 0
"17" 0 0 0 0 0 0 0 0.248309247649706 0 0 0 0 0 0 0 0 0 0 0 0 0 0 0 0.59294533181028 0 0 0 0 0 0 0 0 0 0 0 0 0 0 0 0 0 0 0 0 0 0 0 0.0940588401205588 0 0.0544625831599263 0 0 0 0 0 0 0 0 0 0 0 0 0 0 0 0 0 0 0 0 0 0 0 0 0 0 0 0 0 0 0 0 0 0
"18" 0 0 0 0 0 0 0 0 0 0 0.264285037122252 0.199841906439845 0 0 0 0 0 0 0 0 0 0 0 0 0 0 0 0 0 0 0 0 0 0 0 0 0 0.375171138336037 0 0 0 0 0 0 0 0 0 0 0 0 0 0 0 0 0 0 0 0 0 0 0 0 0 0 0 0 0 0 0 0 0 0 0 0.128723005323183 0 0 0 0.33985406367198 0 0 0 0 0 0
"19" 0 0 0 0 0 0 0 0 0.145530878257633 0 0 0 0 0 0 0 0 0 0 0 0 0 0 0 0 0 0 0 0 0 0 0 0 0 0 0 0 0 0 0 0 0 0 0 0 0 0.129673135942887 0 0 0 0 0 0 0 0 0 0 0 0 0 0 0 0 0.121073826748227 0.360696206965653 0 0 0 0 0 0 0 0 0 0 0 0 0 0 0 0 0 0.33752632753183 0
"20" 0 0 0 0.224545501160726 0 0 0 0 0 0 0 0 0 0.212404132693524 0 0 0 0 0 0 0 0 0 0 0 0 0 0.30975408429576 0 0 0 0 0 0.145973771253956 0 0 0 0 0 0 0 0 0 0 0 0 0 0 0 0 0 0 0 0 0 0 0 0 0 0.11253574062714 0 0 0 0 0 0 0 0 0.188645710219365 0 0 0 0 0 0 0 0 0 0 0 0 0 0 0
"21" 0.118856656603608 0 0.0859611239102334 0 0 0 0 0 0 0 0 0 0 0 0 0 0 0 0 0 0 0 0 0 0 0 0 0 0 0 0 0 0 0 0 0 0 0 0 0 0 0 0 0 0 0 0 0 0 0 0 0 0 0 0 0 0 0 0 0 0 0 0 0 0 0 0 0 0 0 0 0 0 0 0 0 0 0 0 0 0 0 0 0
"22" 0 0 0 0 0 0 0 0 0 0 0 0 0 0 0.243132031780417 0 0 0 0 0 0 0 0 0 0 0 0 0 0 0 0 0.174884146623299 0 0 0 0 0 0 0.261780488418481 0 0 0 0 0 0 0 0 0 0 0 0 0 0 0 0 0 0 0 0 0 0 0 0.156929119528426 0 0 0 0 0 0 0 0 0 0 0 0 0 0 0 0 0 0 0 0 0
"23" 0 0 0 0 0.19674142943816 0 0 0 0 0 0 0 0 0 0 0 0 0 0 0 0 0 0 0 0 0 0 0 0 0 0 0 0 0 0 0 0 0 0 0.113946365025217 0.295151387235643 0 0 0 0 0 0 0 0 0 0 0 0 0 0 0 0 0 0.118462394794234 0 0 0 0 0 0 0 0.137508639888284 0 0 0 0 0 0 0 0 0 0 0 0 0 0 0 0 0
"24" 0.129789351248101 0 0 0 0 0 0 0 0 0 0 0 0 0 0 0 0.276109298468557 0 0 0 0 0 0 0 0 0 0 0 0 0 0 0 0 0 0 0 0 0 0 0 0 0 0 0 0 0 0 0 0 0 0 0 0 0 0 0 0 0 0 0 0 0 0 0 0 0 0 0 0 0 0 0 0 0 0 0 0 0 0 0 0 0 0 0
"25" 0 0 0 0 0 0 0 0 0 0 0 0 0 0 0 0.256255395090768 0 0 0 0 0 0 0 0 0 0 0 0 0 0 0 0 0 0 0 0 0 0 0 0.101531959004464 0 0 0 0 0 0 0 0 0 0.128520824394316 0 0 0 0 0 0 0 0 0 0 0 0 0 0 0 0 0 0 0 0 0 0 0.182126815747862 0 0 0 0 0 0 0 0 0 0 0
"26" 0 0 0.116590575425547 0 0 0.120549368567601 0 0.23836864760381 0 0.309001927472792 0 0 0 0 0 0 0 0 0 0 0 0 0 0 0 0 0 0 0 0 0 0 0 0 0 0 0 0 0 0 0 0 0 0 0 0 0 0 0 0.102920694108898 0 0 0 0.183439912325573 0 0 0 0 0.165933509315285 0.12122553925352 0 0 0 0 0 0 0 0 0 0 0 0 0 0 0 0 0 0 0 0 0.168164207399667 0 0 0
"27" 0 0 0 0 0 0 0 0 0 0 0 0 0 0 0 0 0 0 0 0 0 0 0 0 0 0 0 0 0 0 0.258038142649605 0 0 0.114804018295557 0 0 0 0.407996349093365 0 0 0 0.102147186362338 0 0 0 0 0 0 0 0.0953199964015234 0 0 0 0 0 0 0 0 0 0 0 0 0 0 0 0 0 0 0.181186449940116 0 0 0 0 0 0 0 0 0 0 0 0 0 0 0
"28" 0 0 0 0 0 0 0 0 0 0 0 0 0 0 0.243421133010063 0 0 0 0 0.186114999339626 0 0 0 0 0 0 0 0 0 0 0 0 0 0.0927849139065194 0 0 0 0 0 0 0 0 0 0 0 0 0 0 0 0 0 0.344059287801415 0 0 0 0 0 0 0 0 0 0 0 0 0 0 0 0 0 0 0 0 0 0 0 0 0 0 0 0 0 0 0 0
"29" 0.114524791308827 0 0 0 0.270532555528176 0 0 0 0 0 0 0 0 0.225033228976304 0 0 0 0 0 0 0 0 0 0 0 0 0 0 0 0 0 0 0 0 0 0 0 0 0 0 0 0 0 0 0 0 0 0 0 0.0865336817890486 0 0 0 0 0 0 0 0 0 0 0 0 0 0 0 0 0 0 0 0 0 0 0 0 0 0 0 0 0 0 0 0 0 0
"30" 0 0 0 0 0 0 0 0 0 0 0 0 0 0.208423783210441 0 0 0 0 0 0 0 0 0 0 0 0 0 0 0 0 0 0 0 0 0 0 0 0 0 0 0 0 0 0 0 0 0 0 0 0 0.169669366394832 0 0 0 0 0 0 0 0 0 0 0 0 0 0 0 0 0 0 0 0 0 0 0 0 0 0 0 0 0 0 0 0 0
"31" 0 0 0 0 0 0 0 0 0 0 0 0 0 0 0 0 0 0 0 0 0 0 0 0 0 0 0.218902228804825 0 0 0 0 0 0 0 0 0 0 0 0 0 0 0 0 0 0 0 0 0 0 0 0 0 0 0 0 0 0 0 0 0 0 0 0 0 0 0 0 0 0 0 0.148310061416419 0 0 0 0 0.243345693922423 0 0 0 0 0 0 0 0
"32" 0 0 0 0 0 0 0 0 0 0 0 0.234115486263157 0 0 0 0 0 0 0 0 0 0.249170823505729 0 0 0 0 0 0 0 0 0 0 0 0 0 0 0.255321097118393 0 0 0 0 0 0 0 0 0 0 0 0 0 0 0 0 0 0 0 0 0 0 0 0 0 0 0 0 0 0 0.234615368161566 0 0 0.132499051582647 0 0 0 0 0 0.176808288958461 0 0.261326142064085 0 0 0 0 0
"33" 0 0 0 0 0 0 0 0 0 0 0 0 0 0 0 0 0 0 0 0 0 0 0 0 0 0 0 0 0 0 0 0 0 0 0 0 0 0 0 0 0 0 0 0 0 0 0 0 0 0 0 0 0 0 0 0 0 0 0 0 0 0 0 0 0 0 0 0 0.185568378099972 0 0 0 0 0 0 0 0 0 0 0.121457497206388 0 0 0 0
"34" 0 0 0.10831672346108 0 0 0 0.220223014117171 0 0 0 0 0 0 0 0 0 0 0 0 0.167942262769772 0 0 0 0 0 0 0.173528586396413 0.280561504193911 0 0 0 0 0 0 0 0 0 0 0 0 0 0 0 0 0 0 0 0 0 0 0 0 0 0 0 0 0 0 0 0 0.534952160490268 0 0 0 0 0 0 0 0 0 0 0 0 0 0.152067638382648 0 0 0 0 0 0 0 0 0
"35" 0 0 0 0 0 0 0 0 0 0 0 0 0 0.210538512093177 0 0 0 0 0 0 0 0 0 0 0 0 0 0 0 0 0 0 0 0 0 0 0 0 0 0 0 0 0 0 0 0 0 0 0 0 0 0 0 0 0 0.212922718612816 0 0 0 0 0 0 0 0 0 0 0.224811539574792 0 0 0 0 0 0 0 0 0 0 0 0 0 0 0 0 0
"36" 0 0 0 0 0 0 0 0 0 0 0 0 0 0 0 0.270698712993154 0 0 0 0 0 0 0 0 0 0 0 0 0 0 0 0 0 0 0 0 0 0 0 0 0 0 0 0 0 0 0 0 0 0 0 0 0 0 0 0 0 0 0 0 0 0 0 0 0 0 0 0 0 0.200041180668192 0 0 0 0 0 0 0 0 0 0 0 0 0 0
"37" 0 0.312531262316948 0 0 0 0 0 0 0 0 0 0 0 0 0 0 0 0 0 0 0 0 0 0 0 0 0 0 0 0 0 0.173020389315324 0 0 0 0 0 0 0 0 0 0 0 0 0 0 0 0 0 0 0 0 0 0 0 0 0.171837397799452 0 0 0 0 0 0 0 0 0 0 0 0 0 0 0 0 0 0 0 0 0 0 0 0 0 0 0
"38" 0 0 0 0 0 0 0 0 0 0 0 0 0 0 0 0 0 0.280902414652787 0 0 0 0 0 0 0 0 0.153645635776358 0 0 0 0 0 0 0 0 0 0 0 0 0 0 0 0 0 0 0 0 0 0 0 0 0 0 0.162123002401116 0 0 0 0 0 0 0 0 0 0 0 0 0 0 0 0 0 0 0 0 0 0 0 0 0 0 0 0 0 0
"39" 0 0 0 0 0 0 0 0 0 0 0 0 0 0 0 0 0 0 0 0 0 0.29940800610069 0 0 0 0 0 0 0 0 0 0 0 0 0 0 0 0 0 0 0 0 0 0 0 0 0 0 0.448033745130783 0 0 0 0 0 0 0 0 0 0.10395361158903 0 0 0 0.164349626051375 0 0 0 0 0 0 0.259357004661488 0 0 0 0 0 0 0 0 0 0 0 0 0 0
"40" 0 0 0.170099376323055 0 0 0.205333191233822 0 0 0 0 0 0 0 0 0 0 0 0 0 0 0 0 0.170800864130303 0 0.229440853401563 0 0 0 0 0 0 0 0 0 0 0 0 0 0 0 0 0 0 0 0 0 0 0 0 0 0 0 0 0 0 0 0 0 0.081012170406457 0 0 0 0 0.199306217789016 0 0 0 0 0 0 0 0 0 0 0 0 0 0 0 0 0 0 0 0
"41" 0 0 0 0 0 0 0 0 0.179104405464183 0 0 0 0 0 0 0 0 0 0 0 0 0 0.196229084246597 0 0 0 0 0 0 0 0 0 0 0 0 0 0 0 0 0 0 0 0 0 0 0 0 0 0 0 0 0 0 0.207636243130467 0 0 0 0 0 0 0 0 0 0 0 0 0 0 0 0 0 0 0 0 0 0 0 0 0 0 0 0 0 0
"42" 0 0.264676789582381 0 0.245790870847196 0 0 0 0 0 0 0 0 0 0 0.239760087867968 0 0 0 0 0 0 0 0 0 0 0 0.172118833397655 0 0 0 0 0 0 0 0 0 0 0 0 0 0 0 0 0 0 0 0.103176660455302 0 0 0 0 0 0 0.167524535287701 0 0 0 0 0.12808099115525 0.133415384649804 0 0 0 0 0 0 0 0 0 0 0 0 0 0.132525645514486 0 0 0 0 0 0 0 0 0 0
"43" 0 0 0 0 0 0 0 0 0.170763966501291 0 0 0 0 0 0 0 0 0 0 0 0 0 0 0 0 0 0 0 0 0 0 0 0 0 0 0 0 0 0 0 0 0 0 0 0 0 0 0 0 0.106444708578254 0 0.304169388378621 0 0 0 0 0 0 0 0.0923012336619874 0 0 0 0 0 0 0 0 0 0 0 0 0 0.114861679670594 0 0 0 0 0 0 0 0 0 0
"44" 0 0 0 0 0 0 0.168518282318191 0 0 0 0 0 0 0 0 0 0 0 0 0 0 0 0 0 0 0 0 0 0 0 0 0 0 0 0 0 0 0 0 0 0 0 0 0 0 0 0 0 0 0 0 0 0 0 0 0 0.212546401570404 0 0 0 0 0.221206516422028 0 0 0 0 0 0 0 0 0.130725526082026 0 0 0 0 0 0 0 0 0 0 0 0 0
"45" 0 0 0.106903306832947 0 0 0 0 0.230472551300599 0 0 0 0 0 0 0 0 0 0 0 0 0 0 0 0 0 0 0 0 0 0 0 0 0 0 0 0 0 0 0 0 0 0 0 0 0 0 0 0.10316830027274 0 0 0 0 0 0 0 0 0 0 0 0 0 0 0 0 0 0 0 0 0 0 0 0 0 0 0 0 0 0 0 0 0 0 0 0
"46" 0 0 0 0 0 0 0 0 0.147033596318441 0 0 0 0 0 0 0 0 0 0 0 0 0 0 0 0 0 0 0 0 0 0 0 0 0 0 0 0 0 0 0 0 0 0 0 0 0 0 0 0 0 0 0 0 0 0 0 0 0 0 0.130538175072259 0 0 0 0 0 0 0 0 0 0 0 0 0 0 0 0 0 0.32823055710495 0 0 0 0 0 0
"47" 0.176019109601509 0 0 0 0 0 0 0 0 0 0 0 0 0 0 0 0 0 0.202309263868314 0 0 0 0 0 0 0 0 0 0 0 0 0 0 0 0 0 0 0 0 0 0 0.0489569107849555 0 0 0 0 0 0 0 0 0 0 0 0 0 0 0 0 0 0 0.60724518912965 0 0.130765826286464 0 0 0 0 0 0.196320389933287 0 0 0 0 0 0 0 0 0 0 0 0 0 0 0.364487009567055
"48" 0 0 0 0.202466782768539 0 0 0 0 0.145375953289234 0 0 0 0 0 0 0 0.242343791595088 0 0 0 0 0 0 0 0 0 0 0 0 0 0 0 0 0 0 0 0 0 0 0 0 0 0 0 0.226859757606746 0 0 0 0 0 0 0 0 0 0 0 0 0 0 0.143019506124831 0 0 0 0.100283004311901 0 0 0.153954457977598 0 0 0.184297217567245 0 0 0 0.113667891007653 0 0 0 0 0 0 0 0.245395635142351 0 0
"49" 0 0 0 0 0 0 0 0 0 0 0 0 0 0 0 0 0 0 0 0 0 0 0 0 0 0 0 0 0 0 0 0 0 0 0 0 0 0 0.212693717142892 0 0 0 0 0 0 0 0 0 0 0 0 0 0 0 0 0 0 0 0 0 0 0 0 0 0 0 0 0 0 0 0 0 0 0 0 0 0.143914394381982 0 0 0 0 0 0 0
"50" 0 0 0 0 0.306740496039509 0.18144257899917 0.23182040652489 0 0 0 0 0 0 0 0 0 0.19199219454701 0 0 0 0 0 0 0 0.248111514597631 0.103320456059387 0.18631292608139 0 0.190591868696422 0 0 0 0 0 0 0 0 0 0 0 0 0 0.247265933044593 0 0 0 0 0 0 0 0 0 0 0 0 0 0 0 0 0 0 0 0.219665599407379 0 0 0 0 0 0 0 0 0 0 0 0 0 0 0 0 0 0 0 0 0
"51" 0 0 0 0 0 0 0 0 0 0 0 0 0 0 0 0 0 0 0 0 0 0 0 0 0 0 0 0 0 0.467065938748781 0 0 0 0 0 0 0 0 0 0 0 0 0 0 0 0 0 0 0 0 0 0 0 0 0 0 0 0 0.110441512526553 0 0 0 0 0.15837160662829 0 0 0 0 0 0 0 0 0 0 0 0 0 0 0 0.133935943180387 0 0.26301356538605 0 0
"52" 0 0 0 0 0 0 0 0 0 0 0 0 0 0 0 0 0 0 0 0 0 0 0 0 0 0 0 0.222456969837055 0 0 0 0 0 0 0 0 0 0 0 0 0 0 0.236013985424983 0 0 0 0 0 0 0 0 0 0 0 0 0 0 0 0 0.156064472234155 0 0 0 0 0 0 0 0 0 0 0 0 0 0 0 0 0 0 0 0 0 0 0 0
"53" 0 0 0.12285905108187 0 0 0 0 0 0 0 0 0 0 0 0 0.256386835340826 0 0 0 0 0 0 0 0 0 0 0 0 0 0 0 0 0 0 0 0 0 0 0 0 0 0 0 0 0 0 0 0 0 0 0 0 0 0 0 0 0 0 0 0 0 0 0 0 0 0.331613933412731 0 0 0 0 0 0 0 0 0 0 0 0 0 0 0 0 0 0
"54" 0.124923971577466 0 0 0 0 0 0 0 0 0 0 0 0 0 0 0 0 0 0 0 0 0 0 0 0 0.122898520360534 0 0 0 0 0 0 0 0 0 0 0 0.413157287321054 0 0 0.375189902451537 0.074734411826389 0 0 0 0 0 0 0 0 0 0 0 0 0 0 0 0 0 0 0 0 0 0 0 0 0 0 0 0 0 0 0 0 0 0 0 0 0 0 0.199441566470165 0 0 0
"55" 0 0.342547428619465 0 0 0 0 0 0 0 0 0 0 0 0 0 0 0 0 0 0 0 0 0 0 0 0 0 0 0 0 0 0 0 0 0 0 0 0 0 0 0 0 0 0 0 0 0 0 0 0 0 0 0 0 0 0.139255646427031 0 0 0 0 0 0 0 0 0 0 0 0 0 0 0 0 0 0 0 0 0.16985644371079 0 0 0 0.171466154170802 0 0 0
"56" 0 0 0 0 0 0 0 0 0 0 0 0 0 0 0 0 0 0 0 0 0 0 0 0 0 0 0 0 0 0 0 0 0 0 0.232219555987739 0 0 0 0 0 0 0 0 0 0 0 0 0 0 0 0 0 0 0 0.329506500474201 0 0 0 0 0 0 0 0 0 0.288042605371225 0 0 0.202067667528021 0 0 0.113513224347233 0 0 0 0 0.18441372738209 0 0 0 0 0 0 0 0
"57" 0 0 0 0 0 0 0 0 0 0 0 0 0 0 0.167651467055457 0 0 0 0 0 0 0 0 0 0 0 0 0 0 0 0 0 0 0 0 0 0.412857772465619 0 0 0 0 0 0 0.248555267220681 0 0 0 0 0 0 0 0 0 0 0 0 0 0 0 0 0 0 0 0 0 0 0 0 0 0 0 0 0 0.0974111954123607 0 0 0 0 0 0 0 0 0 0
"58" 0 0 0 0 0 0 0 0 0 0 0 0 0 0 0 0 0 0 0 0 0 0 0 0 0 0 0 0 0 0 0 0 0 0 0 0 0 0 0 0 0 0 0 0 0 0 0 0 0 0 0 0 0 0 0 0 0 0 0 0 0 0 0 0 0 0 0 0 0 0 0 0 0 0 0 0 0 0 0 0 0 0.208728158519018 0 0
"59" 0 0 0 0 0 0 0 0 0 0 0 0 0 0.114827859243229 0 0 0 0 0 0 0 0 0.197158667095574 0 0 0.15810725547369 0 0 0 0 0 0 0 0 0 0 0 0 0.194172131176247 0.14652732649357 0 0.082983484767577 0 0 0 0 0 0 0 0 0.228914405227519 0 0 0 0 0 0 0 0 0 0 0 0 0 0 0 0 0 0 0 0 0.497283598508407 0 0 0.147281933693347 0 0 0 0 0 0 0 0 0
"60" 0 0 0 0 0 0 0 0 0 0 0 0 0 0 0 0 0 0 0 0.195175676326874 0 0 0 0 0 0.101183397189121 0 0 0 0 0 0 0 0 0 0 0 0 0 0 0 0.0906715623018026 0.177864478761402 0 0 0.19804007349616 0 0.0505188916945528 0 0 0 0.330334081893112 0 0 0 0 0 0 0 0 0 0 0 0.105316811496066 0 0 0 0 0 0 0 0 0 0 0 0 0 0 0 0 0 0 0 0
"61" 0 0 0 0 0 0 0 0 0 0 0 0 0 0 0 0 0 0 0 0 0 0 0 0 0 0 0 0 0 0 0 0 0 0.141647793499275 0 0 0 0 0 0 0 0 0 0 0 0 0.0651301152691933 0 0 0 0 0 0 0 0 0 0 0 0 0 0 0 0 0 0 0 0 0 0 0 0 0 0 0 0 0 0 0 0 0 0 0 0 0
"62" 0 0 0 0 0 0 0 0 0 0 0 0 0 0 0 0 0 0 0 0 0 0 0 0 0 0 0 0 0 0 0 0 0 0 0 0 0 0 0 0 0 0 0 0.288757436072774 0 0 0 0 0 0 0 0 0 0 0 0 0 0 0 0 0 0 0 0 0 0 0 0 0 0 0.140472121041806 0 0 0 0 0.242629424793311 0 0 0 0 0 0 0 0
"63" 0 0 0.0854652211818036 0 0 0 0 0 0.0998745288684442 0 0 0 0 0 0 0 0 0 0 0 0 0.331612318944029 0 0 0 0 0 0 0 0 0 0 0 0 0 0 0 0 0.212509620866395 0 0 0 0 0 0 0 0.135202849725051 0 0 0.10607718390415 0 0 0 0 0 0 0 0 0 0 0 0 0 0 0 0 0 0 0 0 0 0 0 0 0 0 0 0 0 0 0 0 0 0
"64" 0 0 0 0 0 0.107734517298719 0 0 0 0 0 0 0 0 0 0 0 0 0.167957189429328 0 0 0 0 0 0 0 0 0 0 0 0 0 0 0 0 0 0 0 0 0.129009213964474 0 0 0 0 0 0 0 0.105008420649583 0 0 0.211903946645058 0 0 0 0 0 0 0 0 0.103838765230898 0 0 0 0 0 0 0 0 0 0 0 0 0 0 0.189044680550072 0 0 0 0 0.155324113350633 0 0 0 0
"65" 0 0 0 0 0 0 0 0 0 0 0 0 0 0 0 0 0 0 0.149111738402732 0 0 0 0 0 0 0 0 0 0 0 0 0 0 0 0 0 0 0 0 0 0 0 0 0 0 0 0 0 0 0 0 0 0 0 0 0.145473467595922 0 0 0 0 0 0 0 0 0 0 0 0 0 0.245848171874314 0 0 0 0 0 0 0 0 0 0 0 0 0 0
"66" 0 0 0 0 0 0 0 0 0 0 0 0 0 0 0 0 0 0 0 0 0 0 0 0 0 0 0 0 0 0 0 0 0 0 0 0 0 0 0 0 0 0 0 0 0 0 0 0 0 0 0 0 0.376895151690788 0 0 0 0 0 0 0 0 0 0 0 0 0 0.194821953407783 0 0 0 0 0 0 0 0 0 0 0 0 0.120933104851891 0 0 0 0
"67" 0 0 0 0 0 0 0 0 0 0 0 0 0 0 0 0 0 0 0 0 0 0 0.231627596841848 0 0 0 0 0 0 0 0 0 0 0 0.373522080247526 0 0 0 0 0 0 0 0 0 0 0 0 0.118449524772482 0 0 0 0 0 0 0 0 0 0 0 0 0 0 0 0 0 0.314623459669447 0 0 0 0 0 0 0 0 0 0 0.161119479551377 0 0 0 0 0 0 0
"68" 0 0 0.111360659169202 0 0 0 0 0 0 0 0 0 0 0 0 0 0 0 0 0 0 0 0 0 0 0 0 0 0 0 0 0.107165685651559 0 0 0 0 0 0 0 0 0 0 0 0 0 0 0 0 0 0 0 0 0 0 0 0.18324481034198 0 0 0 0 0 0 0 0 0 0 0 0 0 0 0 0 0 0 0 0.208789133000518 0 0 0 0 0.139751632856707 0 0 0
"69" 0 0 0 0 0 0.105024897509664 0 0 0 0 0 0 0.183992211864344 0 0 0 0 0 0 0.194649898010175 0 0 0 0 0 0 0.159184253561309 0 0 0 0 0 0.540968526915143 0 0 0 0 0 0 0 0 0 0 0 0 0 0.145532917486758 0 0 0 0 0 0 0 0 0 0 0 0 0 0 0 0 0 0 0 0 0 0 0 0 0 0 0 0 0 0 0 0 0 0 0 0 0
"70" 0 0 0 0 0 0 0 0 0 0 0 0 0 0 0 0 0 0 0 0 0 0 0 0 0 0 0 0 0 0 0 0 0 0 0 0.374985960897239 0 0 0.148574603219206 0 0 0 0 0 0 0 0 0.102377102784626 0 0 0 0 0 0 0 0 0 0 0 0 0 0 0 0 0.358819629439987 0 0 0 0 0 0 0 0 0 0 0 0 0 0 0 0 0 0 0
"71" 0 0 0 0 0 0.191621592035194 0 0 0 0 0 0 0 0 0 0 0 0 0 0 0 0 0 0 0 0 0 0 0 0 0.328960543112052 0.154232453108415 0 0 0 0 0 0 0 0 0 0 0 0.250496588986459 0 0 0 0 0 0 0 0 0 0 0 0.174466337510103 0 0 0 0 0 0.33076050001826 0 0 0 0 0 0 0 0 0 0 0 0 0 0 0 0.338045359364307 0 0 0.145165233547169 0 0 0
"72" 0 0 0 0 0 0 0 0 0 0 0 0 0 0 0 0 0 0 0 0 0 0 0 0 0 0 0 0 0 0 0 0 0 0 0 0 0 0 0 0 0 0 0 0 0 0 0 0 0 0 0 0 0 0 0 0 0 0 0.0907995364483568 0 0 0 0 0 0 0 0 0 0 0 0 0 0 0 0 0 0 0 0 0 0.0948140517249571 0 0 0
"73" 0 0 0 0 0 0 0 0 0 0 0 0 0 0 0 0 0 0 0 0 0 0 0 0 0.20727528964028 0 0 0 0 0 0 0 0 0 0 0 0 0 0 0 0 0 0 0 0 0 0 0 0 0 0 0 0 0 0 0 0 0 0 0 0 0 0 0 0 0 0 0 0 0 0 0 0 0 0 0 0 0 0.261171165058281 0 0 0 0 0
"74" 0 0 0 0 0 0 0 0.178561625552625 0 0 0 0 0.260574440829231 0 0 0 0 0.238600204121043 0 0 0 0 0 0 0 0 0 0 0 0 0 0 0 0 0 0 0 0 0 0 0 0.119105406294875 0.239933721536469 0 0 0 0 0.129708345448224 0 0 0 0 0 0 0 0 0.266269761239674 0 0 0 0 0 0 0 0 0 0 0 0 0 0 0 0 0 0.1674955871444 0 0 0 0 0 0 0 0 0
"75" 0 0 0 0 0 0 0 0 0 0.301476334469268 0.259157668663814 0 0 0 0 0 0 0 0 0 0 0 0 0 0 0 0 0 0 0 0 0 0 0.130339788981539 0 0 0 0 0 0 0 0 0 0 0 0 0 0 0 0 0 0 0 0 0 0 0 0 0.0890969476477338 0 0 0 0 0.105509341470774 0 0 0 0 0 0 0 0 0 0.113424226204765 0 0 0 0 0 0 0 0 0 0
"76" 0 0 0 0 0 0 0 0.237391880093424 0 0 0 0 0 0 0 0 0 0 0 0 0 0 0 0 0 0 0 0 0 0 0.377670563023373 0 0 0 0 0 0 0 0 0 0 0 0 0 0 0 0 0 0 0 0 0 0 0 0 0.12282182539715 0 0 0 0 0 0.166019460964984 0 0 0 0 0 0.238470772278858 0 0 0 0 0 0 0 0 0 0 0 0 0 0 0 0
"77" 0 0 0 0.244872344874221 0 0 0 0 0 0 0 0 0.290881777175682 0 0 0 0 0 0 0 0 0 0 0 0 0 0 0 0 0 0 0.10993827490247 0 0 0 0 0 0 0 0 0 0 0 0 0 0 0 0 0.667903636441048 0 0 0 0 0 0.180018869002799 0 0 0 0 0 0 0 0 0 0 0 0.18035392703362 0 0 0 0 0 0 0 0 0 0 0 0 0 0 0 0 0
"78" 0 0 0 0 0 0 0 0 0 0 0 0 0 0 0 0 0 0.206618510486272 0 0 0 0 0 0 0 0 0 0 0 0 0 0 0 0 0 0 0 0 0 0 0 0 0 0 0 0.326177100659573 0 0 0 0 0 0 0 0 0 0 0 0 0 0 0 0 0 0 0 0 0 0 0 0 0.0920900015252304 0 0 0 0 0 0 0 0 0 0 0 0 0
"79" 0 0 0 0 0 0 0 0 0 0 0 0 0.261351366723611 0 0 0 0 0 0 0 0 0 0 0 0 0 0 0 0 0 0 0.112647374428274 0 0 0 0 0 0 0 0 0 0 0 0 0 0 0 0 0 0 0 0 0 0 0 0 0 0 0 0 0 0 0 0 0 0 0 0 0 0 0 0 0.438564383090906 0 0 0 0 0 0 0 0 0 0 0.539508482594009
"80" 0.117817200543954 0 0 0 0 0 0 0 0 0 0.269082782326401 0 0 0 0 0.354455531009126 0 0 0 0 0 0 0 0 0 0 0 0 0 0 0 0 0.375643762188833 0 0 0 0 0 0 0 0 0 0 0 0 0 0 0 0 0 0.277179447031364 0 0 0 0 0 0 0 0 0 0 0 0 0.120268753714723 0 0.303758039709936 0 0 0 0 0 0 0 0 0 0 0 0 0 0 0 0.251350665782775 0 0
"81" 0 0 0 0 0 0 0 0 0 0 0 0 0 0 0 0 0 0 0 0 0 0 0 0 0 0.13845755604396 0 0 0 0 0 0 0 0 0 0 0 0 0 0 0 0 0 0 0 0 0 0 0 0 0 0 0 0.205197215584942 0.168976897615884 0 0 0 0 0 0 0 0 0 0 0 0 0.198072711524681 0 0 0.127190693086224 0.765313567005204 0 0 0 0 0 0 0 0 0 0 0.308530146076198 0
"82" 0 0 0 0 0 0 0 0 0 0 0 0 0 0 0 0 0 0 0 0 0 0 0 0 0 0 0 0 0 0 0 0 0 0 0 0 0 0 0 0 0 0 0 0 0 0 0 0.101637319819307 0 0 0.154861623604064 0 0 0 0 0 0 0.926430361452759 0 0 0 0 0 0 0 0 0 0 0 0 0 0 0 0 0 0 0 0 0 0.148364300302914 0 0 0 0
"83" 0 0 0.119602843920456 0 0 0 0 0 0 0 0 0 0 0 0 0 0 0 0.193367340993166 0 0 0 0 0 0 0 0 0 0 0 0 0 0 0 0 0 0 0 0 0 0 0 0 0 0 0 0 0 0 0 0 0 0 0 0 0 0 0 0 0 0 0 0 0 0 0 0 0 0 0 0 0 0 0 0 0 0 0 0 0 0.212928072635084 0 0 0
"84" 0 0 0 0 0 0 0 0 0 0 0 0 0 0 0 0 0 0 0 0 0 0 0 0 0 0 0 0 0 0 0 0 0 0 0 0 0 0 0 0 0 0 0 0 0 0 0.168256243881644 0 0 0 0 0 0 0 0 0 0 0 0 0 0 0 0 0 0 0 0 0 0 0 0 0 0 0 0 0 0 0 0.215973658028289 0 0 0 0 0
