"V1" "V2" "V3" "V4" "V5" "V6" "V7" "V8" "V9" "V10" "V11" "V12" "V13" "V14" "V15" "V16" "V17" "V18" "V19" "V20" "V21"
"1" 0 0 0 0.0843318982738419 0 0 0.15521284855811 0 0.0579152088736502 0 0.110513291733517 0 0 0 0.0989539226137764 0.138232740403713 0.139773674077606 0 0.0552815035585309 0 0
"2" 0 0 0.0909803790169986 0 0.157743174660891 0.0688310952301183 0 0.0967944309995733 0.0688903395280348 0 0 0.0865312918471451 0 0.0718213976710504 0 0 0 0.0983418965861636 0.0520388552721502 0.0875236061155837 0.120398720140043
"3" 0 0.0750679262105586 0 0.0907802612485455 0.10459180236245 0.0631161618947121 0 0.091308294172712 0.063276149177862 0 0 0.0807520998267044 0 0.0923048725468706 0 0.123904306436376 0 0.131782414957558 0.0660886107739388 0.073474999403196 0
"4" 0.125590582409893 0 0.0967455940133965 0 0 0.0850548096337724 0.126335025695239 0 0.0596934836355257 0 0.141809534226149 0.0888380884625164 0 0.0782385468256403 0.119642501854021 0.124592527004231 0.167502177426639 0 0.0590258724724761 0.091165054968384 0
"5" 0 0.0524414087297719 0.0493046474765018 0 0 0 0 0.113522629292003 0.0670172842193149 0 0 0.0941554747299571 0 0.0570482282312206 0 0 0 0.181908215349663 0.0556262074114168 0 0
"6" 0 0.102542438581414 0.0549520333123776 0.119602344233724 0 0 0.0986453158812159 0.073810777822447 0.0712097845452848 0 0 0.0782983332113733 0 0.0812646431500506 0.0920640897513326 0 0.0925024404552401 0 0.063474534944151 0.111474655819952 0.132609444515796
"7" 0.0984543730421382 0 0 0.0711794434670706 0 0.0923941643211475 0 0 0 0.28830854455398 0.126451909293184 0 0.263132118464037 0 0.106144954329729 0.126285707605992 0.123836216065915 0 0.0599660272264792 0 0
"8" 0 0.0731063937531487 0.0841698761154445 0 0.133969743777366 0.0719220693771921 0 0 0.0402319479468495 0 0 0.0946013680239842 0 0.0872680503889062 0 0 0 0.125428812898259 0.0412223021408738 0.0787689235151505 0.159881489041842
"9" 0.192538167876131 0.0958355572858982 0.0940929569163106 0.0570710752641306 0.0963158143507724 0.0735869266977313 0 0.0814174662484957 0 0 0.134318205394302 0.0829180669649162 0 0.0959722789532958 0 0.119910347743156 0 0.155560919649539 0.0688537996265525 0.0672643698773625 0.113131537058532
"10" 0 0 0 0 0 0 0.114648144215841 0 0 0 0 0 0.205249745274368 0 0.107635134530638 0 0.0861115469857114 0 0 0 0
"11" 0.149878730303136 0 0 0.0723438131813728 0 0 0.0947698078757667 0 0.0382537762254037 0 0 0 0 0 0.0949910543227886 0.134620464739774 0.0878924070727754 0 0.0408253135659187 0 0
"12" 0 0.0884641043726201 0.0893853123217932 0.104348056751496 0.0861235624331642 0.0613690156526483 0 0.13555446488773 0.0760494492571556 0 0 0 0 0.0907266330312746 0 0 0 0.159518267707421 0.0519922231735735 0.119177080739392 0.138960975251209
"13" 0 0 0 0 0 0 0.0837473662865335 0 0 0.330339465934718 0 0 0 0 0.0804619739568081 0 0.0875958417867266 0 0 0 0
"14" 0 0.0699579798415533 0.125401754433719 0.0824787663622374 0.132990365981865 0.0873976625434311 0 0.0762563269158264 0.0511988422414383 0 0 0.0903070578245277 0 0 0 0 0 0.13026776921573 0.0771236903841226 0.0975074654765992 0.107979199189562
"15" 0.14292259493932 0 0 0.0723734372562666 0 0.0689374064714283 0.122795946357627 0 0 0.26168889142866 0.110546608832993 0 0.284286101745558 0 0 0.160066994928429 0.120453459824179 0 0.0688174184004534 0 0
"16" 0.182057107094111 0 0.0859284029125082 0.0591847065556635 0 0 0.132633923885491 0 0.0596899423890143 0 0.134584069482185 0 0 0 0.065736936961295 0 0 0 0.0760829963415587 0 0
"17" 0.113151861093668 0 0 0.0769025102407423 0 0.0754516016104558 0.0643370192724767 0 0 0.192002740253768 0.111690772344995 0 0.198595685510535 0 0.102162708046241 0 0 0 0.05183850699717 0 0
"18" 0 0.0801215214405686 0.0798174120828502 0 0.137033379230016 0 0 0.085625027926843 0.0765243568716946 0 0 0.0947287787377301 0 0.0794831808256079 0 0 0 0 0 0 0
"19" 0.145810523543831 0.0800994535553342 0.0884712197868068 0.0815782529851245 0.0682115922522123 0.0953235934069966 0.127159351789636 0.0923722574869762 0.0667409543211652 0 0.100326080082895 0.115131825714288 0 0.0832222183906604 0.0787101870461182 0.112910557370315 0.112310097114353 0 0 0.0751804892234149 0.125622017202493
"20" 0 0.0673822476830572 0.0768907223460205 0.0817728785612004 0 0.0628857022073705 0 0.0750716899741079 0.0616605876222809 0 0 0.0911928612720792 0 0.0725321757537308 0 0 0 0 0.0487419855288895 0 0.0869339029898404
"21" 0 0.102248917799313 0 0 0 0.0703753567689359 0 0.118005455573306 0.0603638384269609 0 0 0.0930767545826831 0 0.0555024799994854 0 0 0 0 0.0360131114902697 0.101787914119559 0
