"V1" "V2" "V3" "V4" "V5" "V6" "V7" "V8" "V9" "V10" "V11" "V12" "V13" "V14" "V15" "V16" "V17" "V18" "V19" "V20" "V21" "V22" "V23" "V24" "V25" "V26" "V27" "V28" "V29" "V30" "V31" "V32" "V33" "V34" "V35" "V36" "V37" "V38" "V39" "V40" "V41" "V42" "V43" "V44" "V45" "V46" "V47" "V48" "V49" "V50" "V51" "V52" "V53" "V54" "V55" "V56" "V57" "V58" "V59" "V60" "V61" "V62" "V63" "V64" "V65" "V66" "V67" "V68" "V69" "V70" "V71" "V72" "V73" "V74" "V75" "V76" "V77" "V78" "V79" "V80" "V81" "V82" "V83" "V84"
"1" 0 0 0 0 0 0 0 0.17068181929722 0.598859905305014 0 0 0 0.232659098450042 0 0 0 0 0 0 0 0 0 0 0 0 0.158443262656502 0 0 0 0 0 0 0 0 0 0 0 0 0.10969173166604 0 0 0 0.178016085174925 0 0 0 0 0 0 0 0 0 0 0 0 0 0 0.160531560124349 0 0.217980270197209 0 0.286950065732651 0.172359786164634 0 0 0 0 0 0 0 0 0 0 0 0 0 0 0 0 0.18248743125031 0.214833100825405 0 0 0
"2" 0 0 0 0 0 0 0 0 0 0 0.127362379266708 0 0 0 0 0 0 0 0 0 0 0 0 0 0 0 0 0 0 0 0 0.146987630744581 0 0 0 0 0 0 0 0 0 0 0 0 0 0 0 0 0 0 0 0 0 0 0 0 0.238360615302498 0 0 0 0 0 0 0 0 0 0 0 0 0 0 0 0 0 0 0 0 0 0 0 0 0 0 0
"3" 0 0 0 0 0 0 0 0 0 0 0 0 0.181513481592061 0 0 0 0 0 0 0 0 0 0 0 0 0 0 0 0 0 0 0 0 0 0 0 0 0 0 0 0 0 0 0 0 0 0 0 0 0 0 0 0 0 0 0 0 0 0 0 0 0 0 0 0 0 0 0 0 0 0 0 0 0 0 0 0 0 0 0 0 0 0.206920751861613 0
"4" 0 0 0 0 0 0 0 0 0 0 0 0 0 0 0 0 0 0 0 0 0 0 0 0 0 0 0 0 0 0 0 0 0.199344695091208 0 0 0 0 0 0 0 0 0 0 0 0 0 0 0 0 0 0 0 0 0 0 0.148204710480615 0 0 0 0 0.301361656662879 0 0 0 0 0 0 0 0 0 0 0 0 0 0 0 0 0.270276359005292 0 0 0 0 0 0
"5" 0 0 0 0 0 0 0 0 0 0 0 0 0 0 0 0 0 0 0 0 0 0 0 0 0 0 0 0 0 0 0 0 0.145913571011619 0 0 0 0 0 0 0 0 0 0 0.184895738364818 0.166976936434002 0 0 0.323431796945772 0 0 0 0 0 0 0 0.186168013479592 0 0 0 0 0 0 0 0 0 0 0 0.219637166441491 0 0 0 0 0 0 0 0 0 0 0 0 0 0 0 0
"6" 0 0 0 0 0 0 0 0 0 0 0 0 0 0 0 0 0 0 0 0 0 0 0 0 0 0 0 0.147057472023828 0 0 0 0 0 0 0 0 0 0 0 0 0 0 0 0.188956152976571 0 0 0 0 0 0 0.380872113128738 0 0 0 0 0 0 0 0 0 0.291590431436217 0 0 0 0 0 0 0 0 0 0 0 0 0 0 0 0 0 0 0.19078853627038 0 0 0 0
"7" 0 0 0 0 0 0 0 0.27263716562628 0 0 0.12427769307732 0 0 0 0 0 0 0 0 0 0.113765816014468 0 0 0 0 0 0 0.21765952430568 0 0 0.196107715098827 0 0 0 0 0 0 0 0 0 0.273327334934293 0 0 0 0 0 0 0 0 0 0 0 0 0 0 0 0 0 0 0 0 0 0 0.106163543919899 0 0.13972465618107 0 0 0 0 0 0 0 0 0 0 0 0 0.137365835479948 0 0 0 0 0
"8" 0.0883202852033317 0 0 0 0 0 0.153071815612299 0 0 0 0 0 0 0 0 0 0 0 0 0 0 0.101384437312954 0 0 0 0 0 0 0 0 0 0 0.185247949163751 0 0 0 0 0 0 0 0 0 0 0 0 0 0 0 0 0 0 0 0 0 0 0 0 0 0 0 0 0 0 0 0 0 0 0 0 0 0 0 0 0 0 0 0 0 0 0 0 0 0 0
"9" 0.0920182042600125 0 0 0 0 0 0 0 0 0 0 0 0 0 0 0 0 0 0 0 0 0 0 0 0 0 0 0 0 0 0 0 0 0 0 0 0 0 0 0 0 0 0 0 0 0 0 0 0 0 0 0 0 0 0 0 0 0 0 0 0 0 0 0 0 0 0 0 0 0 0 0.13855404823901 0 0 0 0 0 0 0 0 0 0 0 0
"10" 0 0 0 0 0 0 0 0 0 0 0 0 0 0 0.136740553405782 0 0 0 0 0 0 0 0 0 0.175844537831909 0 0 0 0 0 0 0 0 0 0.200113339876264 0 0 0 0.055252194004004 0 0 0 0 0.19014765114906 0 0 0 0 0 0 0 0 0 0 0 0 0 0 0 0 0 0 0 0 0 0 0 0 0 0 0 0 0.122864818167882 0 0 0 0 0 0 0 0 0 0 0
"11" 0 0.256050030372349 0 0 0 0 0.0762578197019269 0 0 0 0 0 0 0 0 0 0 0 0 0 0 0 0.242923896511853 0 0 0 0 0 0 0 0 0 0 0 0 0 0 0 0 0 0 0 0.148124988797525 0 0 0 0 0 0 0 0 0 0.0830133228304463 0.194101423905624 0 0 0 0 0 0 0 0 0 0 0 0 0 0.241032684007256 0 0 0 0.0909038004785796 0 0 0 0 0 0 0 0 0 0 0 0
"12" 0 0 0 0 0 0 0 0 0 0 0 0 0 0 0 0 0 0 0 0 0 0 0 0 0 0.109364607830965 0 0 0 0 0 0.132117326474752 0 0 0 0 0 0 0 0.16225451559078 0 0 0 0 0 0 0 0 0.17980714092532 0 0 0 0 0 0 0 0 0 0 0 0 0 0 0 0 0 0 0 0 0 0 0 0 0 0.0883921893476072 0 0 0 0 0 0 0 0 0
"13" 0.0527396798483592 0 0.581664827710534 0 0 0 0 0 0 0 0 0 0 0 0 0 0 0 0 0 0 0 0.294471163257606 0 0 0 0 0.184229841279567 0 0 0 0 0 0 0 0 0 0 0 0.198730083495182 0 0 0.126288805757917 0 0 0 0 0 0 0 0 0 0 0 0 0 0 0 0 0 0 0 0 0 0 0 0 0 0 0 0 0 0 0 0 0 0 0 0 0 0 0 0 0
"14" 0 0 0 0 0 0 0 0 0 0 0 0 0 0 0 0 0 0 0.117733845445173 0 0 0 0 0 0 0 0 0 0 0 0 0 0 0 0 0 0 0 0 0 0.251574483242708 0 0 0 0 0 0 0 0 0 0 0 0 0.186146705299706 0 0 0 0 0 0 0 0 0 0.10541866203762 0 0 0 0 0 0 0 0 0.106001275593631 0 0.10593111348538 0 0 0 0 0 0.181664662587981 0 0 0
"15" 0 0 0 0 0 0 0 0 0 0.166820044897298 0 0 0 0 0 0 0 0 0 0 0 0 0 0 0 0 0 0 0 0 0 0 0 0 0 0.184235822440521 0.130905496551823 0 0 0 0.270583059591975 0 0 0 0 0 0 0 0 0 0 0 0 0 0 0 0 0 0 0 0 0 0.133750328095899 0 0 0 0 0 0 0 0 0 0.0765299651060228 0 0 0 0 0 0 0 0 0 0 0
"16" 0 0 0 0 0 0 0 0 0 0 0 0 0 0 0 0 0 0 0 0 0 0 0 0 0 0 0 0 0 0.15114419479897 0 0 0 0 0 0 0.128344833921792 0 0 0 0 0.155154500685008 0 0 0.0820721477737851 0 0 0 0 0.630169890600445 0 0 0.0936841775283685 0 0 0 0 0 0 0 0 0 0 0 0 0 0 0 0 0 0 0 0 0 0 0 0 0 0 0 0 0 0 0
"17" 0 0 0 0 0 0 0 0 0 0 0 0 0 0 0 0 0 0 0 0 0 0 0 0 0 0 0 0.1694574484279 0 0 0 0 0 0 0.192922342944189 0 0 0 0 0 0 0.0456572192797633 0 0 0 0.270191296175888 0 0 0 0 0 0 0.119995175240834 0 0 0 0 0 0 0 0 0 0 0 0 0 0 0 0 0 0 0 0 0 0 0 0 0 0 0 0 0 0 0.14470718086318
"18" 0 0 0 0 0 0 0 0 0 0 0 0 0 0 0 0 0 0 0 0 0 0 0 0 0 0 0 0 0 0 0 0.161704394705415 0 0.195571755466962 0 0 0 0.10140061992149 0 0 0 0 0 0 0 0 0 0 0 0 0 0 0 0 0 0 0 0 0 0 0 0 0 0 0 0 0.133474903954089 0 0.145086957237224 0 0 0.148832571337853 0 0 0.137324862513615 0 0 0 0 0 0 0 0 0
"19" 0 0 0 0 0 0 0 0 0 0 0 0 0 0.128025950707947 0 0 0 0 0 0.0681843214389762 0 0.153053554248087 0 0 0 0 0 0 0 0.0850453962550664 0 0 0 0 0 0 0 0 0.0896585500904808 0 0 0 0 0 0 0 0 0 0 0 0 0 0 0 0 0 0 0 0 0 0 0 0 0 0 0 0 0 0 0 0 0 0 0 0 0 0 0 0 0 0 0.177305758523108 0 0.181375019766435
"20" 0 0 0 0 0 0 0 0 0 0 0 0 0 0 0 0 0 0 0.137772821096042 0 0 0 0 0 0 0 0.119978516254529 0 0 0 0.206855440822635 0.15997727260188 0 0.18500531945452 0 0 0.105766404962915 0 0.107794502633516 0 0 0 0 0 0 0 0.205026663940102 0 0 0 0 0 0 0 0 0 0.326259772663774 0 0 0 0 0 0 0 0 0 0 0 0 0 0 0 0 0 0 0 0 0 0 0.222831468587649 0 0 0 0
"21" 0 0 0 0 0 0 0.0940476066447047 0 0 0 0 0 0 0 0 0 0 0 0 0 0 0 0 0 0 0 0.0925427225871608 0 0 0 0 0 0 0 0 0 0 0 0 0 0 0 0 0 0 0 0.216131803606803 0 0 0 0 0 0 0 0 0 0 0 0 0 0 0 0 0.118819215835059 0 0 0 0 0.18319410890356 0 0 0 0 0.143857803160327 0 0 0 0 0 0 0 0 0 0
"22" 0 0 0 0 0 0 0 0.269189156379289 0 0 0 0 0 0 0 0 0 0 0.118454073029013 0 0 0 0 0 0 0 0 0 0 0 0.195640939229296 0 0 0 0 0 0 0 0 0 0 0 0 0 0.108613589865435 0 0 0 0 0 0 0 0.145748709670042 0 0 0 0 0 0 0 0 0 0 0.180488419601983 0 0 0 0 0 0 0 0 0 0 0 0 0.377977850102835 0 0 0 0 0 0 0
"23" 0 0 0 0 0 0 0 0 0 0 0.137881528878939 0 0.174859173272127 0 0 0 0 0 0 0 0 0 0 0 0 0 0 0 0 0 0 0 0 0 0 0 0 0 0 0 0 0 0.143388457793179 0 0 0 0 0 0 0 0 0 0 0 0 0 0 0 0 0 0 0 0 0 0 0 0 0 0 0 0 0 0 0 0 0 0 0.246197849810114 0 0 0 0 0 0
"24" 0 0 0 0 0 0 0 0 0 0 0 0 0 0 0 0 0 0 0 0 0 0 0 0 0 0 0 0 0 0 0 0 0 0 0 0 0 0 0.0772904443957405 0 0 0 0 0 0 0 0 0 0 0 0 0 0 0.213280571967078 0 0 0 0 0 0 0 0 0 0.125866779235118 0 0 0 0 0 0 0 0.0968255009029464 0 0 0 0 0 0 0 0 0 0 0 0
"25" 0 0 0 0 0 0 0 0 0 0.200157174520481 0 0 0 0 0 0 0 0 0 0 0 0 0 0 0 0 0 0 0 0 0 0 0 0 0 0 0 0 0 0 0 0 0 0 0 0 0 0 0 0 0 0.295809038859498 0 0 0 0 0.18111586677845 0 0 0.130681990233506 0 0 0 0 0 0 0 0.280727063217621 0 0 0 0.112381290722135 0 0 0 0 0 0 0 0 0 0 0 0
"26" 0.101346959486146 0 0 0 0 0 0 0 0 0 0 0.181877343850594 0 0 0 0 0 0 0 0 0 0 0 0 0 0 0 0 0 0 0 0 0 0 0 0 0 0 0.0655940274615144 0 0 0 0 0.220411109568482 0 0 0 0 0 0 0 0 0 0.147811219703664 0 0 0 0 0 0 0 0 0 0 0 0 0.132452805289754 0 0 0.391767861490646 0 0 0 0 0 0 0 0 0 0 0 0 0 0
"27" 0 0 0 0 0 0 0 0 0 0 0 0 0 0 0 0 0 0 0 0.0888571913839262 0.18280541888547 0 0 0 0 0 0 0 0 0 0 0.164478718688513 0 0 0 0 0 0 0 0 0 0 0 0 0 0 0 0 0 0 0 0 0.101352689263635 0 0 0 0 0.170009992338565 0 0 0 0 0 0 0 0 0 0 0 0 0 0 0 0 0 0.319273277639922 0 0 0 0 0 0 0.267615087149013 0
"28" 0 0 0 0 0 0.211158783225959 0.116822367088413 0 0 0 0 0 0.151424934351962 0 0 0 0.217726319726013 0 0 0 0 0 0 0 0 0 0 0 0 0 0 0 0 0 0 0 0.130090176827081 0 0 0 0 0 0 0 0 0 0 0 0 0 0 0 0 0 0 0 0 0 0 0 0 0 0 0 0 0 0 0 0 0 0 0 0 0 0 0 0 0 0 0 0 0 0 0
"29" 0 0 0 0 0 0 0 0 0 0 0 0 0 0 0 0 0 0 0 0 0 0 0 0 0 0 0 0 0 0 0 0.179219335436773 0 0 0 0 0 0.149655155857697 0 0 0 0 0 0 0 0.230674286361148 0 0 0 0 0 0 0 0 0 0 0 0 0.158796158197962 0 0 0 0 0 0.217023433961123 0 0 0 0 0 0 0 0 0 0 0 0 0 0 0 0 0 0 0
"30" 0 0 0 0 0 0 0 0 0 0 0 0 0 0 0 0.21772478949659 0 0 0.143637996614481 0 0 0 0 0 0 0 0 0 0 0 0 0 0 0 0 0.215378609023045 0.135387618863951 0 0 0 0 0 0.10080514771237 0 0 0 0 0 0 0 0 0 0.120883829397822 0 0 0 0 0 0 0 0 0 0.164502469656647 0 0 0 0.154990237391019 0 0 0 0 0 0 0 0 0 0 0 0 0 0 0 0 0
"31" 0 0 0 0 0 0 0.120041196935107 0 0 0 0 0 0 0 0 0 0 0 0 0.112070527493128 0 0.119767486930019 0 0 0 0 0 0 0 0 0 0 0 0 0 0 0.114744857962792 0 0 0 0 0 0 0 0 0 0.27778559317444 0 0 0 0 0 0 0 0 0 0 0 0 0 0 0 0 0 0 0 0 0 0 0 0 0 0 0 0 0 0 0 0 0 0 0 0 0
"32" 0 0.272527039252178 0 0 0 0 0 0 0 0 0 0.121100769336822 0 0 0 0 0 0.152150418298688 0 0.0701550597020572 0 0 0 0 0 0 0.153625032032852 0 0.183403961410996 0 0 0 0 0 0 0.179103246890895 0 0 0 0 0 0 0 0 0 0 0 0 0 0 0 0 0 0 0 0 0 0 0 0 0 0 0 0 0 0 0 0 0 0 0 0 0 0 0 0 0 0 0 0 0 0 0 0
"33" 0 0 0 0.206299697072823 0.15144328487517 0 0 0.306766333630574 0 0 0 0 0 0 0 0 0 0 0 0 0 0 0 0 0 0 0 0 0 0 0 0 0 0 0 0 0 0 0 0 0 0 0 0 0.114424878615209 0 0 0 0 0 0 0 0 0 0 0 0 0 0 0 0 0 0 0 0 0 0 0 0 0 0 0 0.110794890828097 0 0 0.384691947229597 0 0 0 0 0 0 0 0
"34" 0 0 0 0 0 0 0 0 0 0 0 0 0 0 0 0 0 0.111442376429609 0 0.106162267613445 0 0 0 0 0 0 0 0 0 0 0 0 0 0 0 0 0 0 0 0 0 0.0990578427990873 0 0 0 0 0 0 0 0 0 0 0 0 0 0 0 0 0 0 0 0 0 0 0 0 0 0 0 0 0 0 0 0 0 0.343103983745989 0 0 0.157481450973242 0 0 0 0 0
"35" 0 0 0 0 0 0 0 0 0 0.14589168341312 0 0 0 0 0 0 0.134839440376759 0 0 0 0 0 0 0 0 0 0 0 0 0 0 0 0 0 0 0 0 0 0 0 0 0 0 0 0.107603138959566 0 0 0 0 0 0 0.216137946299799 0 0 0 0 0 0 0 0 0 0 0 0 0 0 0 0 0 0 0.308800498671092 0 0 0 0 0 0 0 0 0 0 0 0 0
"36" 0 0 0 0 0 0 0 0 0 0 0 0 0 0 0.136211529156243 0 0 0 0 0 0 0 0 0 0 0 0 0 0 0.131184075598188 0 0.134061235241398 0 0 0 0 0 0 0 0 0 0 0 0 0 0 0 0 0 0 0 0 0 0 0 0 0 0 0 0 0 0 0 0 0 0 0 0 0 0 0 0 0 0 0 0 0 0 0 0 0 0.130510450004735 0 0.16899060947047
"37" 0 0 0 0 0 0 0 0 0 0 0 0 0 0 0.210269243143776 0.147563701230441 0 0 0 0.134821220233571 0 0 0 0 0 0 0 0.253642445521182 0 0.139951770169036 0.190328079294007 0 0 0 0 0 0 0 0 0 0 0 0 0 0 0 0 0 0 0 0 0 0.188024217565375 0 0 0 0 0 0 0 0 0 0 0 0 0 0 0 0 0 0 0 0 0 0 0 0 0 0 0.153959644120547 0 0 0 0
"38" 0 0 0 0 0 0 0 0 0 0 0 0 0 0 0 0 0 0.136385696748397 0 0 0 0 0 0 0 0 0 0 0.171780841795516 0 0 0 0 0 0 0 0 0 0 0 0 0 0 0 0 0 0 0 0 0 0 0 0 0 0.251563237687587 0.253770210270723 0 0 0.224478413686529 0 0 0 0 0 0 0 0 0 0 0 0 0 0 0.187758194563538 0 0 0 0 0 0 0.127447986756365 0.142959974924956 0 0
"39" 0.0793166156648004 0 0 0 0 0 0 0 0 0.173355604351163 0 0 0 0 0 0 0 0 0.127549002852347 0.104963218931651 0 0 0 0.306668228466491 0 0.150622568898887 0 0 0 0 0 0 0 0 0 0 0 0 0 0 0 0 0.159500485954376 0 0 0 0 0.343908633351408 0 0 0 0.358155796571573 0.149080775811788 0.101767722993709 0 0 0 0 0 0 0 0 0 0 0 0 0.153093050173467 0 0.149917424072168 0 0 0 0 0 0 0 0 0 0 0 0 0 0 0
"40" 0 0 0 0 0 0 0 0 0 0 0 0.206516768807531 0.213509197408493 0 0 0 0 0 0 0 0 0 0 0 0 0 0 0 0 0 0 0 0 0 0 0 0 0 0 0 0 0 0 0 0 0 0 0 0 0 0 0 0 0 0.206842520858619 0 0 0 0 0 0.277106391204363 0 0.096704630106371 0 0 0 0.152465287173105 0 0 0 0 0 0 0 0 0 0 0 0 0 0 0 0 0
"41" 0 0 0 0 0 0 0.129507626556849 0 0 0 0 0 0 0.13915035859377 0.180338776552615 0 0 0 0 0 0 0 0 0 0 0 0 0 0 0 0 0 0 0 0 0 0 0 0 0 0 0.0907863587037819 0 0 0 0 0 0 0 0 0 0 0 0 0 0 0 0 0 0 0 0 0 0 0 0 0 0 0 0 0 0 0 0 0 0 0 0 0 0 0 0 0 0
"42" 0 0 0 0 0 0 0 0 0 0 0 0 0 0 0 0.216972970701578 0.107974552264825 0 0 0 0 0 0 0 0 0 0 0 0 0 0 0 0 0.160730361954904 0 0 0 0 0 0 0.279878606942439 0 0 0 0 0 0 0 0 0 0 0 0 0 0 0 0 0.151428479693462 0 0 0 0 0 0 0 0 0 0 0 0 0 0.0869025283270779 0 0.188554143471554 0 0 0 0 0.129633622060052 0 0.119081098093018 0 0 0
"43" 0.0812570756844717 0 0 0 0 0 0 0 0 0 0.177276093065707 0 0.163850416647574 0 0 0 0 0 0 0 0 0 0.212550207790662 0 0 0 0 0 0 0.160614877469519 0 0 0 0 0 0 0 0 0.0877657983907687 0 0 0 0 0 0 0 0 0 0 0 0 0 0 0.139934563514899 0 0 0 0 0 0 0 0 0 0 0 0 0 0 0 0 0 0 0 0 0 0 0 0 0 0 0 0 0 0
"44" 0 0 0 0 0.166092170631106 0.221766889317031 0 0 0 0.198060290534026 0 0 0 0 0 0 0 0 0 0 0 0 0 0 0 0.15358703844745 0 0 0 0 0 0 0 0 0 0 0 0 0 0 0 0 0 0 0 0 0 0 0 0 0 0 0 0 0 0 0 0 0 0 0 0 0 0 0 0 0 0 0 0 0 0 0 0 0 0 0 0.265127806632635 0 0 0 0 0 0
"45" 0 0 0 0 0.164937633884874 0 0 0 0 0 0 0 0 0 0 0.104868778717852 0 0 0 0 0 0.171180241740824 0 0 0 0 0 0 0 0 0 0 0.198215572249029 0 0.216646302699129 0 0 0 0 0 0 0 0 0 0 0 0 0 0 0 0 0 0 0 0 0.262829267443166 0 0 0 0 0 0 0 0 0 0.156406926145267 0 0 0 0 0 0 0 0 0 0 0 0 0 0 0 0 0 0.194653798421387
"46" 0 0 0 0 0 0 0 0 0 0 0 0 0 0 0 0 0.185593001048166 0 0 0 0 0 0 0 0 0 0 0 0.222517530951953 0 0 0 0 0 0 0 0 0 0 0 0 0 0 0 0 0 0 0 0 0 0 0 0 0 0 0 0 0 0 0 0 0 0 0 0 0.176722122019873 0 0 0 0 0 0 0 0 0 0 0 0 0 0 0 0 0.285097911545934 0
"47" 0 0 0 0 0 0 0 0 0 0 0 0 0 0 0 0 0 0 0 0.123969474469518 0.13170401429342 0 0 0 0 0 0 0 0 0 0.173579802201311 0 0 0 0 0 0 0 0 0 0 0 0 0 0 0 0 0 0 0 0 0 0 0 0 0 0 0 0.178480959515967 0 0 0 0 0 0 0 0 0 0 0 0 0 0 0 0 0 0 0 0 0 0 0 0 0
"48" 0 0 0 0 0.108754084375791 0 0 0 0 0 0 0 0 0 0 0 0 0 0 0 0 0 0 0 0 0 0 0 0 0 0 0 0 0 0 0 0 0 0.0957320410207984 0 0 0 0 0 0 0 0 0 0 0 0 0 0 0 0 0 0 0 0 0 0 0 0 0 0 0 0 0 0 0 0 0 0 0 0 0 0 0.327934195818309 0 0 0 0 0 0
"49" 0 0 0 0 0 0 0 0 0 0 0 0.161130897494374 0 0 0 0 0 0 0 0 0 0 0 0 0 0 0 0 0 0 0 0 0 0 0 0 0 0 0 0 0 0 0 0 0 0 0 0 0 0 0.373008352141907 0 0 0 0 0 0 0 0 0 0 0.296706225475833 0 0 0 0 0 0 0 0 0 0 0 0 0 0 0 0 0 0 0 0 0.280328036085707 0
"50" 0 0 0 0 0 0 0 0 0 0 0 0 0 0 0 0.18956046037127 0 0 0 0 0 0 0 0 0 0 0 0 0 0 0 0 0 0 0 0 0 0 0 0 0 0 0 0 0 0 0 0 0 0 0 0 0 0 0 0 0 0 0 0 0 0 0 0 0 0 0 0 0 0 0 0 0 0 0 0 0 0 0 0.146785689102202 0 0 0 0
"51" 0 0 0 0 0 0.268897850599127 0 0 0 0 0 0 0 0 0 0 0 0 0 0 0 0 0 0 0 0 0 0 0 0 0 0 0 0 0 0 0 0 0 0 0 0 0 0 0 0 0 0 0.184485106293661 0 0 0 0 0 0 0 0 0 0 0 0 0 0 0 0 0 0 0 0.168717639549679 0 0 0 0 0 0 0 0 0 0 0 0 0 0 0
"52" 0 0 0 0 0 0 0 0 0 0 0 0 0 0 0 0 0 0 0 0 0 0 0 0 0.244165162927847 0 0 0 0 0 0 0 0 0 0.218045434877044 0 0 0 0.0866416151251589 0 0 0 0 0 0 0 0 0 0 0 0 0 0 0 0 0 0 0 0 0.086894837569516 0 0 0 0 0 0 0 0 0 0 0 0 0 0 0 0 0 0 0 0 0 0 0 0
"53" 0 0 0 0 0 0 0 0 0 0 0.151821295898138 0 0 0 0 0.139520118276767 0.124854622195587 0 0 0 0 0.173578441020719 0 0 0 0 0.152785677108231 0 0 0.139602557569649 0 0 0 0 0 0 0.104591681906175 0 0.0669736180793167 0 0 0 0 0 0 0 0 0 0 0 0 0 0 0 0 0 0 0 0 0 0 0 0 0 0 0 0 0 0.11859743194403 0 0 0 0 0 0 0 0 0 0 0 0 0 0 0
"54" 0 0 0 0 0 0 0 0 0 0 0.129373326705359 0 0 0.143689907374342 0 0 0 0 0 0 0 0 0 0.224693913897896 0 0.110585192940614 0 0 0 0 0 0 0 0 0 0 0 0 0.046979383359692 0 0 0 0.160337235260003 0 0 0 0 0 0 0 0 0 0 0 0 0 0 0 0 0 0 0 0 0 0 0 0 0 0 0 0 0 0 0 0 0 0 0 0.182264865246282 0 0 0 0 0
"55" 0 0 0 0 0 0 0 0 0 0 0 0 0 0 0 0 0 0 0 0 0 0 0 0 0 0 0 0 0 0 0 0 0 0 0 0 0 0.151314325186037 0 0.17004929231369 0 0 0 0 0 0 0 0 0 0 0 0 0 0 0 0 0 0.185896565961399 0 0 0 0 0.124000528833389 0 0 0 0 0 0 0 0 0 0 0 0 0 0 0 0 0 0 0 0 0.165080126967971
"56" 0 0 0 0.227614901301876 0.171728887749755 0 0 0 0 0 0 0 0 0 0 0 0 0 0 0 0 0 0 0 0 0 0 0 0 0 0 0 0 0 0 0 0 0.132420025702719 0 0 0 0 0 0 0.111335870125255 0 0 0 0 0 0 0 0 0 0 0 0 0 0 0 0 0 0 0 0 0 0 0 0 0 0 0 0 0 0 0 0.32294385108324 0 0 0 0 0 0 0
"57" 0 0.377249162460942 0 0 0 0 0 0 0 0 0 0 0 0 0 0 0 0 0 0.147309902058315 0 0 0 0 0.110530146011187 0 0 0 0 0 0 0 0 0 0 0 0 0 0 0 0 0 0 0 0 0 0 0 0 0 0 0 0 0 0 0 0 0 0 0 0 0 0 0 0 0 0 0 0 0 0 0 0 0 0 0 0 0 0 0 0 0 0 0
"58" 0.102175960385731 0 0 0 0 0 0 0 0 0 0 0 0 0 0 0 0 0 0 0 0 0 0 0 0 0 0.127938180982866 0 0 0 0 0 0 0 0 0 0 0 0 0 0 0.105821572216595 0 0 0 0 0 0 0 0 0 0 0 0 0.207320770583423 0 0 0 0 0.204226576969317 0 0 0 0 0 0 0 0 0 0 0 0 0 0 0 0 0 0 0 0 0 0.12135281049165 0 0
"59" 0 0 0 0 0 0 0 0 0 0 0 0 0 0 0 0 0 0 0 0 0 0 0 0 0 0 0 0 0.211181168590119 0 0 0 0 0 0 0 0 0.130966615045678 0 0 0 0 0 0 0 0 0.257249533406688 0 0 0 0 0 0 0 0 0 0 0 0 0 0 0 0 0 0.222847381206297 0 0 0 0 0 0 0 0 0 0 0 0 0 0 0 0.228842983539494 0 0 0
"60" 0.105617991357965 0 0 0 0 0 0 0 0 0 0 0 0 0 0 0 0 0 0 0 0 0 0 0 0.124730798808435 0 0 0 0 0 0 0 0 0 0 0 0 0 0 0 0 0 0 0 0 0 0 0 0 0 0 0.228069864357131 0 0 0 0 0 0.0994126310666634 0 0 0 0 0 0.109132678801843 0 0 0 0 0.157013832406262 0 0 0 0 0 0 0 0 0 0 0 0 0 0 0
"61" 0 0 0 0.22999352124016 0 0.20212079180566 0 0 0 0 0 0 0 0 0 0 0 0 0 0 0 0 0 0 0 0 0 0 0 0 0 0 0 0 0 0 0 0 0 0.181427752953313 0 0 0 0 0 0 0 0 0 0 0 0 0 0 0 0 0 0 0 0 0 0 0 0 0 0.17011878971045 0 0 0 0 0 0 0 0 0 0 0 0 0 0 0 0 0 0
"62" 0.0466266044602832 0 0 0 0 0 0 0 0 0 0 0 0 0 0 0 0 0 0 0 0 0 0 0 0 0 0 0 0 0 0 0 0 0 0 0 0 0 0 0 0 0 0 0 0 0 0 0 0.21029252202378 0 0 0 0 0 0 0 0 0 0 0 0 0 0 0.120436958188027 0 0 0 0 0 0 0 0 0 0 0.128260841967513 0 0 0 0 0 0 0 0 0
"63" 0.0823886111871948 0 0 0 0 0 0 0 0 0 0 0 0 0 0.158382882867627 0 0 0 0 0 0 0 0 0 0 0 0 0 0 0.144182140634084 0 0 0 0 0 0 0 0 0 0.17646756825912 0 0 0 0 0 0 0 0 0 0 0 0 0 0 0.224361699344681 0 0 0 0 0 0 0 0 0 0 0 0 0 0 0 0 0 0.102323246606241 0 0 0 0 0 0 0 0 0.150078531818674 0 0
"64" 0 0 0 0 0 0 0.0841461136850427 0 0 0 0 0 0 0.127617770662167 0 0 0 0 0 0 0.210922749306973 0.120747342527891 0 0.241920197884302 0 0 0 0 0 0 0 0 0 0 0 0 0 0 0 0 0 0 0 0 0 0 0 0 0 0 0 0 0 0 0 0 0 0 0 0.123035968331395 0 0.276017951158746 0 0 0 0 0 0 0 0 0.105189945334375 0 0 0 0 0 0 0 0.139819576167389 0 0 0 0 0
"65" 0 0 0 0 0 0 0 0 0 0 0 0 0 0 0 0 0 0 0 0 0 0 0 0 0 0 0 0 0.278994524490082 0 0 0 0 0 0 0 0 0 0 0 0 0 0 0 0 0 0 0 0 0 0 0 0 0 0 0 0 0 0.242831754256971 0 0 0 0 0 0 0.179394144183696 0 0 0 0 0 0 0 0 0 0 0 0 0 0.177794245330169 0 0 0 0
"66" 0 0 0 0 0 0 0.0986524762573584 0 0 0 0 0 0 0 0 0 0 0 0 0 0 0 0 0 0 0 0 0 0 0 0 0 0 0 0 0 0 0 0 0 0 0 0 0 0.138642243704666 0.225037709379608 0 0 0 0 0 0 0 0 0 0 0 0 0 0 0.148651463532559 0 0 0 0.223998188481883 0 0 0 0 0 0 0 0.0916808960762913 0 0 0 0 0 0 0 0 0 0 0
"67" 0 0 0 0 0 0 0 0 0 0 0 0 0 0 0 0 0 0.150927050963272 0 0 0 0 0 0 0 0.150587133542962 0 0 0 0.140878855869395 0 0 0 0 0 0 0 0 0.0733664790365847 0.136165003801508 0 0 0 0 0 0 0 0 0 0 0 0 0 0 0 0 0 0 0 0 0 0 0 0 0 0 0 0 0 0 0 0 0 0.108759114748882 0.13236248392263 0 0 0 0 0 0 0 0 0
"68" 0 0 0 0 0.163926550973169 0 0 0 0 0 0.108597665264454 0 0 0 0 0 0 0 0 0 0 0 0 0 0.159313073059183 0 0 0 0 0 0 0 0 0 0 0 0 0 0 0 0 0 0 0 0 0 0 0 0 0 0 0 0 0 0 0 0 0 0 0 0 0 0 0 0 0 0 0 0 0 0 0 0 0 0 0 0 0 0 0 0 0 0 0
"69" 0 0 0 0 0 0 0 0 0 0 0 0 0 0 0 0 0 0.116721522602618 0 0 0.127027118696557 0 0 0 0 0 0 0 0 0 0 0 0 0 0 0 0 0 0.0949311361936275 0 0 0 0 0 0 0 0 0 0 0 0.320970757708297 0 0.11679840302847 0 0 0 0 0 0 0.139045800199047 0 0 0 0 0 0 0 0 0 0 0 0 0 0 0 0 0 0 0 0 0 0 0 0
"70" 0 0 0 0 0 0 0 0 0 0 0 0 0 0 0 0 0 0 0 0 0 0 0 0 0 0.151299564313743 0 0 0 0 0 0 0 0 0 0 0 0 0 0 0 0 0 0 0 0 0 0 0 0 0 0 0 0 0 0 0 0 0 0 0 0 0 0 0 0 0 0 0 0 0 0 0.0811638927793542 0 0 0 0 0 0 0 0 0 0 0
"71" 0 0 0 0 0 0 0 0 0 0 0 0 0 0 0 0 0 0 0 0 0 0 0 0 0 0 0 0 0 0 0 0 0 0 0.182500561891784 0 0 0 0 0 0 0 0 0 0 0 0 0 0 0 0 0 0 0 0 0 0 0 0 0 0 0 0 0.102239614356113 0 0 0 0 0 0 0 0.136329474139732 0 0 0 0 0 0 0 0 0 0 0 0
"72" 0 0 0 0 0 0 0 0 0.421316883513283 0 0.105731025163935 0 0 0 0 0 0 0.0949197704742137 0 0 0 0 0 0.172168159718022 0.163411627516351 0 0 0 0 0 0 0 0 0 0 0 0 0 0 0 0 0.0808924404813845 0 0 0 0 0 0 0 0 0 0 0 0 0 0 0 0 0 0 0 0 0 0 0 0 0 0 0 0 0.274859886953798 0 0 0 0 0 0 0 0.148307494532244 0 0 0.103920511216748 0 0
"73" 0 0 0 0 0 0 0 0 0 0.179002103147264 0 0 0 0.136840874297593 0.156628766411122 0 0 0 0 0 0 0 0 0 0 0 0 0 0 0 0 0 0.151944168393916 0 0 0 0 0 0 0 0 0 0 0 0 0 0 0 0 0 0 0 0 0 0 0 0 0 0 0 0 0 0.180000054408263 0 0 0.156481148919331 0 0 0 0.432400896489541 0 0 0 0.203907025310884 0.0978352297054584 0 0 0 0.14047102308803 0 0 0 0 0
"74" 0 0 0 0 0 0 0 0 0 0 0 0 0 0 0 0 0 0 0 0 0.169738366300502 0 0 0 0 0 0 0 0 0 0 0 0 0 0 0 0 0.139268619109923 0 0 0 0.107881612736067 0 0 0 0 0 0 0 0 0 0 0 0 0 0 0 0 0 0 0 0 0 0 0 0 0.129632185855226 0 0 0 0 0 0.0855257255330999 0 0 0 0 0 0 0 0 0 0 0.131369726166603
"75" 0 0 0 0 0 0 0 0 0 0 0 0.186940573650251 0 0.122489279556498 0 0 0 0.0960730772523292 0 0 0 0 0 0 0 0 0 0 0 0 0 0 0 0 0 0 0 0 0 0 0 0 0 0 0 0 0 0 0 0 0 0 0 0 0 0 0 0 0 0 0 0.174518159896812 0 0 0 0 0.182541025748528 0 0 0 0 0 0.120030781665045 0 0 0 0.364517628603273 0 0 0 0 0.13501912315613 0 0
"76" 0 0 0 0 0 0 0 0 0 0 0 0 0 0 0 0 0 0 0 0 0 0 0 0 0 0 0.178817398750502 0 0 0 0 0 0.175433270583129 0.230904661058923 0 0 0 0 0 0 0 0 0 0 0 0 0 0 0 0 0 0 0 0 0 0 0 0 0 0 0 0 0 0 0 0 0 0 0 0 0 0 0 0 0 0 0 0 0 0 0 0 0 0
"77" 0 0 0 0 0 0 0 0 0 0 0 0 0 0 0 0 0 0 0 0 0 0.149689112613566 0 0 0 0 0 0 0 0 0 0 0 0 0 0 0 0 0 0 0 0 0 0 0 0 0 0 0 0 0 0 0 0 0 0.126889132989594 0 0 0 0 0 0 0 0 0 0 0 0 0 0 0 0 0 0 0.145401190825882 0 0 0 0 0 0 0 0 0
"78" 0 0 0 0.280878705957633 0 0 0 0 0 0 0 0 0 0 0 0 0 0 0 0 0 0 0.266911346517473 0 0 0 0 0 0 0 0 0 0 0 0 0 0 0 0 0 0 0 0 0.306920128047473 0 0 0 0.248624964228287 0 0 0 0 0 0 0 0 0 0 0 0 0 0 0 0 0 0 0 0 0 0 0 0 0 0 0 0 0 0 0 0 0 0 0 0
"79" 0 0 0 0 0 0 0.113746886264291 0 0 0 0 0 0 0 0 0 0 0 0 0 0 0 0 0 0 0 0 0 0 0 0 0 0 0.165532844898197 0 0 0 0 0 0 0 0.108802498955777 0 0 0 0 0 0 0 0 0 0 0 0.162003002076216 0 0 0 0 0 0 0 0 0 0.139142357293756 0 0 0 0 0 0 0 0.0958143674222213 0.0808947526006818 0 0 0 0 0 0 0 0 0 0 0
"80" 0.0804389291920821 0 0 0 0 0.217832382083937 0 0 0 0 0 0 0 0 0 0 0 0 0 0.0916723377656321 0 0 0 0 0 0 0 0 0 0 0 0 0 0 0 0 0.164439597534077 0 0 0 0 0 0 0 0 0 0 0 0 0.58987971836023 0 0 0 0 0 0 0 0 0 0 0 0 0 0 0.280226591876357 0 0 0 0 0 0 0 0 0 0 0 0 0 0 0 0 0 0 0
"81" 0.086600009939159 0 0 0 0 0 0 0 0 0 0 0 0 0.163348984081686 0 0 0 0 0 0 0 0 0 0 0 0 0 0 0 0 0 0 0 0 0 0 0 0.119217979640341 0 0 0 0.157067620895651 0 0 0 0 0 0 0 0 0 0 0 0 0 0 0 0 0.194723884913842 0 0 0 0 0 0 0 0 0 0 0 0 0 0 0 0 0 0 0 0 0 0 0 0 0
"82" 0 0 0 0 0 0 0 0 0 0 0 0 0 0 0 0 0 0 0.0810280188054772 0 0 0 0 0 0 0 0 0 0 0 0 0 0 0 0 0.224958720492036 0 0.121264970321429 0 0 0 0 0 0 0 0 0 0 0 0 0 0 0 0 0 0 0 0.112690577400694 0 0 0 0 0.177441973181857 0 0 0 0 0 0 0 0 0.0921257814178012 0 0 0.151342011677059 0 0 0 0 0 0 0 0 0
"83" 0 0 0.667899686126482 0 0 0 0 0 0 0 0 0 0 0 0 0 0 0 0 0 0 0 0 0 0 0 0.168231152172244 0 0 0 0 0 0 0 0 0 0 0 0 0 0 0 0 0 0 0.363870939354522 0 0 0.259152748514381 0 0 0 0 0 0 0 0 0 0 0 0 0 0 0 0 0 0 0 0 0 0 0 0 0 0 0 0 0 0 0 0 0 0 0
"84" 0 0 0 0 0 0 0 0 0 0 0 0 0 0 0 0 0.180604423967049 0 0.209446013028213 0 0 0 0 0 0 0 0 0 0 0 0 0 0 0 0 0.188525619691325 0 0 0 0 0 0 0 0 0.0862139080946622 0 0 0 0 0 0 0 0 0 0.200470717817986 0 0 0 0 0 0 0 0 0 0 0 0 0 0 0 0 0 0 0.142037409761642 0 0 0 0 0 0 0 0 0 0
