"V1" "V2" "V3" "V4" "V5" "V6" "V7" "V8" "V9" "V10" "V11" "V12" "V13" "V14" "V15" "V16" "V17" "V18" "V19" "V20" "V21"
"1" 0 0.281588125721703 0 0 0 0.412459901659664 0 0 0 0 0 0 0 0 0 0 0 0 0 0 0
"2" 0.461459902769476 0 0 0.359261895792088 0 0 0 0 1.2583974224328 0 0 0 0 0 0 0 0 0 0 0 0
"3" 0 0 0 0.372131683747361 0 0 0 0 0 0 0 0 0 0 0 0 0 0 0 0 0
"4" 0 0.362255698058555 1.16905513865075 0 0 0 0 0.337920224514511 0 0 0 0 0 0 0 0 0 0 0 0 0
"5" 0 0 0 0 0 0 0 0.301186638906509 0 0 0 0 0 0 0 0 0 0 0 0 0
"6" 0.422191154873913 0 0 0 0 0 1.35369314421288 0 0 0 0 0 0.374647738335301 0 0 0 0 0 0 0 0
"7" 0 0 0 0 0 0.340958779410469 0 0 0 0 0 0 0 0 0 0 0 0 0 0 0
"8" 0 0 0 0.356709684168715 0.831293547710611 0 0 0 0 0.362633599227188 0 0 0 0 0 0 0 0 0 0 0
"9" 0 0.322251976874164 0 0 0 0 0 0 0 0 0 0 0 0 0 0 0 0 0 0 0
"10" 0 0 0 0 0 0 0 0.28612055894611 0 0 0 0.759688404482241 0 0 0 0 0 0.85071288451177 0 0 0
"11" 0 0 0 0 0 0 0 0 0 0 0 0 0 0 0 0.387864667460016 0 0 0 0 0
"12" 0 0 0 0 0 0 0 0 0 0.506673226301337 0 0 0 0 0 0 0 0 0 0 0
"13" 0 0 0 0 0 0.358947524797995 0 0 0 0 0 0 0 0 0.210092881958396 0 0 0 1.07372540557338 0 0
"14" 0 0 0 0 0 0 0 0 0 0 0 0 0 0 0.363140198069239 0 0 0 0 0 0
"15" 0 0 0 0 0 0 0 0 0 0 0 0 0.29202068815018 1.2907876945811 0 0.408459482048411 0 0 0 0 0
"16" 0 0 0 0 0 0 0 0 0 0 1.02641847799739 0 0 0 0.281610667805518 0 0.351164793039393 0 0 0 0
"17" 0 0 0 0 0 0 0 0 0 0 0 0 0 0 0 0.416189161061483 0 0 0 1.02818536117181 0.669746617410941
"18" 0 0 0 0 0 0 0 0 0 0.171031515943028 0 0 0 0 0 0 0 0 0 0 0
"19" 0 0 0 0 0 0 0 0 0 0 0 0 0.401777071603873 0 0 0 0 0 0 0 0
"20" 0 0 0 0 0 0 0 0 0 0 0 0 0 0 0 0 0.336424566233368 0 0 0 0
"21" 0 0 0 0 0 0 0 0 0 0 0 0 0 0 0 0 0.275390236559425 0 0 0 0
