"V1" "V2" "V3" "V4" "V5" "V6" "V7" "V8" "V9" "V10" "V11" "V12" "V13" "V14" "V15" "V16" "V17" "V18" "V19" "V20" "V21"
"1" 0 0 0 0.316786986127227 0 0 0 0 0 0 0 0 0 0 0 0 0 0 0 0 0
"2" 0 0 0 0 0 0 0.284191597178968 0 0 0 0 0 0 0 0 0 0 0 0 0 0
"3" 0 0 0 0.281897556191956 1.1327888001125 0.333449778916609 0 0 0 0 0 0 0 0 0 0 0 0 0 0 0
"4" 0.833716861131401 0 0.385687901180257 0 0 0 0 0.303820539906016 0 0 0 0 0 0 0 0 0 0 0 0 0
"5" 0 0 0.405475822983038 0 0 0 0 0 0 0 0 0 0 0 0 0 0 0 0 0 0
"6" 0 0 0.438567655393758 0 0 0 0.334046968675508 0 0.988276784583136 0 0 0 0 0 0 0 0 0 0 0 0
"7" 0 1.02017877821026 0 0 0 0.252308048747406 0 0 0 0 0 0 0 0 0 0 0 0 0.590061948518588 0 0
"8" 0 0 0 0.284340929438821 0 0 0 0 0 0.710131297229634 0.323340961828544 0 0 0 0 0 0 0 0 0 0
"9" 0 0 0 0 0 0.240795086411306 0 0 0 0 0 0 0 0 0 0 0 0 0 0 0
"10" 0 0 0 0 0 0 0 0.32447931213099 0 0 0 0 0 0 0 0 0 0 0 0 0
"11" 0 0 0 0 0 0 0 0.223475059610043 0 0 0 0 0.321205610434528 0 0.756717224506079 0 0 0 0 0 0
"12" 0 0 0 0 0 0 0 0 0 0 0 0 0.206565507684978 0 0 0 0 0 0 0 0
"13" 0 0 0 0 0 0 0 0 0 0 0.338144927961731 0.796883068054007 0 0.197195959499696 0 1.29584691839455 0 0 0 0 0
"14" 0 0 0 0 0 0 0 0 0 0 0 0 0.222213111263732 0 0 0 0.36700011902723 0 0 1.39761491443508 0
"15" 0 0 0 0 0 0 0 0 0 0 0.280157111907771 0 0 0 0 0 0 0 0 0 0
"16" 0 0 0 0 0 0 0 0 0 0 0 0 0.268910214182838 0 0 0 0 0 0 0 0
"17" 0 0 0 0 0 0 0 0 0 0 0 0 0 0.401811886508174 0 0 0 1.0682134812672 0 0 0.847181756967408
"18" 0 0 0 0 0 0 0 0 0 0 0 0 0 0 0 0 0.340733933442571 0 0 0 0
"19" 0 0 0 0 0 0 0.27004833289462 0 0 0 0 0 0 0 0 0 0 0 0 0 0
"20" 0 0 0 0 0 0 0 0 0 0 0 0 0 0.370522116048264 0 0 0 0 0 0 0
"21" 0 0 0 0 0 0 0 0 0 0 0 0 0 0 0 0 0.355927277897952 0 0 0 0
