"V1" "V2" "V3" "V4" "V5" "V6" "V7" "V8" "V9" "V10" "V11" "V12" "V13" "V14" "V15" "V16" "V17" "V18" "V19" "V20" "V21"
"1" 0 0 0 0.245293901383147 0 0 0 0 0 0 0 0.147427264578981 0.061681690257054 0 0 0 0 0 0 0.104953026293974 0
"2" 0 0 0.13819504625831 0 0 0 0 0.209421054737793 0.252335688677276 0 0.108731445801283 0.100670874198025 0 0 0 0.242318777188045 0 0.235396041641121 0 0 0
"3" 0 0.183839416727481 0 0 0 0.238156419680967 0 0 0.197512031174442 0 0 0.101987684033147 0 0 0 0 0.20814533881733 0 0 0 0.159873503473179
"4" 0.260376889797091 0 0 0 0 0 0 0 0 0 0.139950926306541 0 0 0 0 0 0 0.16433353478652 0 0.108807049655936 0
"5" 0 0 0 0 0 0 0 0 0 0 0.108573641722122 0.114030122062608 0.0997271369015052 0 0 0 0 0 0 0 0.115358888808004
"6" 0 0 0.17818653202016 0 0 0 0.27426307302033 0.34700147501429 0 0 0 0 0 0 0 0 0 0 0 0.161095090402242 0
"7" 0 0 0 0 0 0.304018218395215 0 0 0 0 0 0 0.151526718236232 0 0 0 0 0.152956505468653 0 0 0
"8" 0 0.115916126956999 0 0 0 0.221799393853881 0 0 0 0 0 0 0 0 0 0 0 0 0 0.169238577172338 0
"9" 0 0.132417704605001 0.17433471092949 0 0 0 0 0 0 0.242551605834319 0 0 0.10781958677236 0 0.323855549742336 0 0 0 0 0 0
"10" 0 0 0 0 0 0 0 0 0.175866647892015 0 0.0938773383445949 0 0 0.223676898341133 0 0.270016349441122 0 0 0 0 0
"11" 0 0.136868775730671 0 0.256003520510873 0.223605422125997 0 0 0 0 0.252729278926718 0 0 0.105945671331056 0.211255712550253 0 0 0 0.216578894257116 0 0.110798882367699 0
"12" 0.268404587147025 0.103105808301559 0.218135274468036 0 0.275615804610885 0 0 0 0 0 0 0 0 0.240310243776887 0 0 0.25206372951183 0 0 0.17740707886853 0.133356695569549
"13" 0.254395205898374 0 0 0 0.293887266572771 0 0.308338600931292 0 0.299753152958338 0 0.0919419633822603 0 0 0.227690541390115 0.291744301153995 0 0.205334248147025 0 0 0 0.128831558014457
"14" 0 0 0 0 0 0 0 0 0 0.266178071827484 0.0956026401277702 0.110102029435682 0.0944610318111831 0 0 0.288899297257628 0 0 0 0 0
"15" 0 0 0 0 0 0 0 0 0.201687072091074 0 0 0 0.113195508371887 0 0 0 0 0 0 0 0.186110581217342
"16" 0 0.153210463612582 0 0 0 0 0 0 0 0.262474862210878 0 0 0 0.194824786895596 0 0 0 0 0 0 0.16102312765345
"17" 0 0 0.126211169315294 0 0 0 0 0 0 0 0 0.0839451770069515 0.108316619464554 0 0 0 0 0.216186310048454 0 0 0
"18" 0 0.196554518064438 0 0.149419127319234 0 0 0.354960383878803 0 0 0 0.110404698370253 0 0 0 0 0 0.203494104903897 0 0 0 0
"19" 0 0 0 0 0 0 0 0 0 0 0 0 0 0 0 0 0 0 0 0.162106260618852 0
"20" 0.353075613896092 0 0 0.181198275861205 0 0.174812914182286 0 0.221000942768161 0 0 0.109170078651322 0.0861771062215255 0 0 0 0 0 0 1.4392163057524 0 0.116330118139778
"21" 0 0 0.0999175162586029 0 0.358416281597082 0 0 0 0 0 0 0.137113619140606 0.0704959611717767 0 0.312172008571378 0.282150549546095 0 0 0 0.137948273804187 0
