"V1" "V2" "V3" "V4" "V5" "V6" "V7" "V8" "V9" "V10" "V11" "V12" "V13" "V14" "V15" "V16" "V17" "V18" "V19" "V20" "V21"
"1" 0 0 0.164568608703779 0 0 0 0.103012734940224 0 0.110248173463802 0.0932536100553552 0.124051993299917 0.0695813969680448 0.0745395886336568 0 0 0 0.134744908170466 0.0666741076800153 0.0423329679689187 0 0.0718979160161554
"2" 0 0 0 0 0.165135729038235 0 0 0.142549816574868 0 0 0 0 0 0 0.103196637435605 0 0 0 0.073119052380766 0.11411291027816 0.0898920961400477
"3" 0.103903174995269 0 0 0.0835431241557221 0 0 0.0927673969923137 0 0.0878111659789242 0.113983458244773 0.102514774602278 0.0738316126984594 0 0 0 0 0.12028945279505 0 0 0 0
"4" 0 0 0.0545466617702735 0 0 0.0843932382070102 0.0702459838932727 0 0.107853096256204 0.0451186176341279 0 0.0764654577971176 0.071903456622658 0 0 0 0.138310904501514 0.0807634249784308 0 0 0
"5" 0 0.151657229704063 0 0 0 0 0 0.133661343646538 0 0 0 0 0 0 0.0730697978068052 0 0 0 0.0714108643578113 0.0922939706162426 0.0882042736551209
"6" 0 0 0 0.113251654549884 0 0 0.0812322172979288 0 0 0 0 0.07869130184883 0.0558772151134221 0.113080475017162 0.0878671835423369 0.287502603906446 0 0.0709156372953918 0.0634753439063844 0 0
"7" 0.0847888581166888 0 0.136867600077761 0.141788109410745 0 0.136937585903987 0 0 0.12606306858089 0.0750626091626345 0.0683993110606647 0.0813370755278405 0.0703320408153107 0 0 0 0.138961287695351 0.0791219686753596 0.0693598718252439 0 0
"8" 0 0.188801195019346 0 0 0.2218103605338 0 0 0 0 0 0 0 0.0671499931642043 0.0944408684511481 0.0951507649128911 0 0 0 0.067713200394305 0.151537587130744 0.063718531541435
"9" 0.0819019177631969 0 0.112729241920289 0.124168637476574 0 0 0.0847895699897334 0 0 0.0626281130020215 0.0819329599401027 0.0953852144702053 0 0 0 0 0.131662993347853 0.0733258292955579 0 0 0
"10" 0.0770167038354877 0 0.145645486625657 0.0952606041186687 0 0 0.0871618253270615 0 0.106579875694879 0 0.0776297983810499 0.099095821246304 0.0526406284060241 0 0 0 0.137500384696192 0.072232508831417 0.0873655575784905 0 0.0522492411582299
"11" 0.0960931647086504 0 0.123587279267878 0 0 0 0.0997425478234668 0 0.115879309602964 0.0657131943109886 0 0.0815404003908491 0.0746541543218245 0 0 0 0.153025685931377 0.0534618787813236 0.0563035420194007 0.101770153245869 0.0738641186830825
"12" 0.0993834305729608 0 0.173305871060176 0.114928902428611 0 0.113362598104752 0.0878025932246214 0 0.124925703422038 0.0890560297641893 0.087826451941468 0 0.0980026643321547 0 0 0 0.145452965563595 0.0806738545316024 0.0862416464730381 0 0.0655887530171492
"13" 0.124808156805302 0 0 0.0850132114872954 0 0.0937063012208678 0.0890321801581881 0.0915492184609389 0 0.0814614432528666 0.102968450562665 0.0863991642804625 0 0.135221447209048 0.0863527962580853 0.25165402946723 0 0.0707380655237203 0.0622317703642561 0.0837876113474054 0.0972122800718846
"14" 0 0 0 0 0 0.144986582789334 0 0.144750744780979 0 0 0 0 0.051248180372837 0 0.104335619595333 0.232923812245514 0 0.0783125780751554 0.0513878140538874 0.10934318703925 0
"15" 0 0.204239021107444 0 0 0.194985605891505 0.0761315622041646 0 0.108377467071776 0 0 0 0 0.0868283938882895 0.100621404026898 0 0 0 0.0937853774602963 0.0568346949250166 0.0817256630878443 0.0720292413809778
"16" 0 0 0 0 0 0.0848714397094426 0 0 0 0 0 0 0.0682537407351288 0.182040330560536 0 0 0 0.0737452600790788 0 0 0
"17" 0.104891211813927 0 0.140153265779951 0.0987368201556135 0 0 0.0594623616874236 0 0.108531437385643 0.0669844597167709 0.0842555928236557 0.0365280373067611 0 0 0 0 0 0 0 0 0
"18" 0.0949049349220059 0 0 0.0714466826308284 0 0.0985449023320046 0.0797358177301242 0 0.105920314279803 0.0935033963711301 0.0691752095671921 0.0677961922363576 0.0479557619439026 0.141594164944295 0.0796841407799422 0.151685129106613 0 0 0.0606980027195178 0 0.0920414019986918
"19" 0.109911161160128 0.15777531706318 0 0 0.124038738361339 0.092812594849736 0.0993682382595908 0.134313253573981 0 0.0697773739274625 0.0825029789631689 0.0873691873978231 0.0700112641997501 0.0912645033634857 0.114974902592892 0 0 0.0440258581108366 0 0.10182154676908 0.100626976795965
"20" 0 0.146294889692659 0 0 0.172383002759088 0 0 0.119811818283316 0 0 0.0932439039923161 0 0.0612576392499949 0.172782179973945 0.10828611795015 0 0 0 0.0465799286068737 0 0.0802613161961795
"21" 0.0938184778169676 0.17906515805728 0 0 0.212797835528559 0 0 0.116805645865018 0 0.0908584417643365 0.0945127447659877 0.0898629350261294 0.0786319169704548 0 0.108494966428232 0 0 0.0583337705584743 0.073592938340936 0.105894066077908 0
