"V1" "V2" "V3" "V4" "V5" "V6" "V7" "V8" "V9" "V10" "V11" "V12" "V13" "V14" "V15" "V16" "V17" "V18" "V19" "V20" "V21" "V22" "V23" "V24" "V25" "V26" "V27" "V28" "V29" "V30" "V31" "V32" "V33" "V34" "V35" "V36" "V37" "V38" "V39" "V40" "V41" "V42"
"1" 0 0 0 0 0 0.217321239881837 0 0 0 0 0 0 0 0 0 0 0 0 0.22626736608672 0 0 0 0 0 0 0 0 0 0 0 0 0 0 0 0 0 0 0 0 0 0 0
"2" 0 0 0 0 0.218522993947476 0 0 0 0 0 0 0 0 0 0 0.188428737446821 0 0 0 0 0 0.292911693465427 0 0.392188985172225 0 0 0 0 0 0 0 0 0 0 0 0 0 0 0 0 0 0.142603028874164
"3" 0 0 0 0 0 0 0 0 0 0.195816050015535 0 0 0.136696837014438 0 0 0.193314831923929 0.191273780415356 0 0 0 0 0 0 0 0 0 0 0 0 0 0 0 0 0 0 0 0 0 0 0 0 0
"4" 0 0 0 0 0 0 0 0 0 0 0 0 0.0834593282808506 0.182429416301992 0.113434897660404 0 0 0 0 0 0 0 0 0.439154449134986 0 0 0 0 0.431631154218728 0 0 0 0 0 0 0 0 0 0 0 0 0
"5" 0 0.242070263572632 0 0 0 0 0 0 0 0 0 0 0 0 0 0 0.120850389753696 0 0 0 0 0 0 0 0 0.153569055342782 0 0 0 0 0.165067356557035 0 0 0 0 0 0 0 0 0 0 0.0919260428562049
"6" 0.606957226109627 0 0 0 0 0 0 0 0 0 0 0 0 0.152076066450446 0.163581703637609 0 0 0 0 0 0 0 0 0 0 0 0 0.462672193776196 0 0 0 0 0 0 0 0 0 0 0 0 0 0.151913570604808
"7" 0 0 0 0 0 0 0 0.22838193706162 0 0 0 0 0 0.192433748304153 0 0 0 0 0.292579547778653 0 0 0 0.314933852562182 0 0 0 0 0 0 0 0 0 0 0 0.295892523369883 0 0 0 0 0 0 0
"8" 0 0 0 0 0 0 0.137666550796893 0 0 0 0 0 0.141574014720103 0 0 0 0 0 0 0 0.285510813416265 0.368353338174162 0 0 0 0.177094606315546 0 0 0 0 0 0 0 0 0 0 0 0 0 0 0 0
"9" 0 0 0 0 0 0 0 0 0 0 0 0.217341434273084 0.117891993115842 0 0 0 0 0.245486662090578 0 0 0.170185968683971 0 0 0 0 0 0 0 0 0.14867155462745 0 0 0 0 0.36334566433672 0 0 0 0 0 0 0
"10" 0 0 0.280657510548645 0 0 0 0 0 0 0 0 0 0 0 0 0 0 0 0.210972298811923 0 0 0 0 0 0 0 0.193277511930038 0 0 0 0 0 0 0 0 0 0 0 0 0 0 0
"11" 0 0 0 0 0 0 0 0 0 0 0 0 0.147665724399496 0 0 0 0 0.301929692898902 0 0 0 0 0 0 0 0 0 0 0 0 0 0 0 0 0 0 0 0 0.228931400255909 0 0 0
"12" 0 0 0 0 0 0 0 0 0.147824933787449 0 0 0 0 0 0.16339898668375 0 0.182487595212185 0 0 0 0 0 0 0 0.134250842236071 0 0 0 0 0 0 0 0 0 0 0 0 0.340298645345296 0 0 0 0
"13" 0 0 0.282888181949138 0.216572285798957 0 0 0 0.170630948395152 0.137501603874118 0 0.281677275829833 0 0 0 0 0 0 0 0 0 0 0 0 0 0 0 0 0 0 0 0 0 0 0 0 0 0 0.29963101297145 0 0.484009273376728 0.357382003135815 0
"14" 0 0 0 0.104410754920888 0 0.225680742445945 0.176177219323491 0 0 0 0 0 0 0 0 0 0 0 0 0 0 0 0 0 0.147711742020721 0 0 0 0 0 0.148635100367876 0 0 0 0 0.171196551799062 0 0 0 0 0 0
"15" 0 0 0 0.202453142014555 0 0.211567894805186 0 0 0 0 0 0.227863640889395 0 0 0 0.259056664939146 0 0 0.186908698517896 0 0 0 0 0 0 0 0 0 0 0 0 0 0 0 0 0.224999524458018 0 0 0 0 0 0
"16" 0 0.19047672947314 0.220496898244525 0 0 0 0 0 0 0 0 0 0 0 0.136990491787332 0 0 0 0 0 0 0 0 0 0 0 0 0 0 0 0 0 0 0 0 0 0 0 0 0 0 0.115397323953122
"17" 0 0 0.192101713438593 0 0.195660872503372 0 0 0 0 0 0 0.181548666301353 0 0 0 0 0 0 0 0 0.274184050928209 0 0 0 0.174441629986578 0 0 0 0 0 0 0 0 0 0 0 0.131279906617758 0 0 0 0 0
"18" 0 0 0 0 0 0 0 0 0.175062079520504 0 0.274778923322195 0 0 0 0 0 0 0 0 0 0 0 0 0 0 0 0 0 0 0 0 0.134332229319961 0 0 0 0 0.133005141790758 0 0 0 0 0
"19" 0.625505631642491 0 0 0 0 0 0.249857266042482 0 0 0.303088631752736 0 0 0 0 0.148828524373682 0 0 0 0 0 0 0 0 0 0 0 0 0 0 0 0 0 0 0 0 0 0 0.269225384032575 0 0 0 0
"20" 0 0 0 0 0 0 0 0 0 0 0 0 0 0 0 0 0 0 0 0 0 0 0 0 0 0 0 0 0 0.193145143987036 0 0 0 0 0 0 0 0 0 0 0 0
"21" 0 0 0 0 0 0 0 0.193834657599126 0.203051863342605 0 0 0 0 0 0 0 0.179815178590305 0 0 0 0 0 0 0 0 0 0 0 0 0 0 0 0 0 0 0.17734531960639 0 0 0 0 0 0
"22" 0 0.185682186839082 0 0 0 0 0 0.142352808437783 0 0 0 0 0 0 0 0 0 0 0 0 0 0 0 0 0 0 0 0 0 0 0 0 0 0 0.333549221471174 0 0 0 0 0 0 0
"23" 0 0 0 0 0 0 0.249162870213742 0 0 0 0 0 0 0 0 0 0 0 0 0 0 0 0 0 0 0 0.173391803743841 0 0 0 0 0 0.240000223122826 0 0 0 0.201122636563639 0 0 0 0 0
"24" 0 0.218570299490822 0 0.237102300530379 0 0 0 0 0 0 0 0 0 0 0 0 0 0 0 0 0 0 0 0 0.0771760881527655 0 0 0 0 0 0 0 0 0 0 0 0 0 0 0 0 0
"25" 0 0 0 0 0 0 0 0 0 0 0 0.192026821561601 0 0.120082272681549 0 0 0.194439920093216 0 0 0 0 0 0 0.392009061522367 0 0 0 0 0 0 0.176269892932712 0 0 0 0 0.198475418732138 0 0 0 0 0.312460128738938 0.147322353135578
"26" 0 0 0 0 0.259937298383097 0 0 0.134303704685678 0 0 0 0 0 0 0 0 0 0 0 0 0 0 0 0 0 0 0 0 0 0 0.182470331407518 0 0 0.321373657828078 0 0 0 0 0.278906159912444 0.45893530418252 0 0
"27" 0 0 0 0 0 0 0 0 0 0.320941859872918 0 0 0 0 0 0 0 0 0 0 0 0 0.367955706868125 0 0 0 0 0 0 0.192199893139847 0 0.148348012822723 0 0 0 0 0 0 0.259485101470802 0 0.269381090095262 0
"28" 0 0 0 0 0 0.256074048313501 0 0 0 0 0 0 0 0 0 0 0 0 0 0 0 0 0 0 0 0 0 0 0 0.153799441830452 0 0 0 0 0 0 0 0 0 0 0 0
"29" 0 0 0 0.187503494566176 0 0 0 0 0 0 0 0 0 0 0 0 0 0 0 0 0 0 0 0 0 0 0 0 0 0 0 0.13979339918217 0.368165695143559 0 0 0 0 0 0 0 0 0
"30" 0 0 0 0 0 0 0 0 0.1343279018601 0 0 0 0 0 0 0 0 0 0 1.2427122164837 0 0 0 0 0 0 0.15834573820769 0.725016834802117 0 0 0 0.159734404201171 0 0.281759931404135 0 0 0 0 0 0 0 0
"31" 0 0 0 0 0.0998930540688643 0 0 0 0 0 0 0 0 0.172987547222053 0 0 0 0 0 0 0 0 0 0 0.115181845312441 0.125909029224254 0 0 0 0 0 0 0 0.227268606847827 0 0 0 0 0 0 0 0
"32" 0 0 0 0 0 0 0 0 0 0 0 0 0 0 0 0 0 0.262237492666549 0 0 0 0 0 0 0 0 0.182330018721015 0 0.348369865406315 0.209316286079586 0 0 0.404583832020121 0 0 0 0.144911951240201 0 0 0 0 0.139097425191887
"33" 0 0 0 0 0 0 0 0 0 0 0 0 0 0 0 0 0 0 0 0 0 0 0.274687498548396 0 0 0 0 0 0.373186977281492 0 0 0.123226426274276 0 0 0 0 0 0 0 0 0 0
"34" 0 0 0 0 0 0 0 0 0 0 0 0 0 0 0 0 0 0 0 0 0 0 0 0 0 0.2061592196455 0 0 0 0.167389116532909 0.139943796341554 0 0 0 0 0 0 0 0 0 0 0
"35" 0 0 0 0 0 0 0.166984031318305 0 0.166166577856201 0 0 0 0 0 0 0 0 0 0 0 0 0.338134516453996 0 0 0 0 0 0 0 0 0 0 0 0 0 0 0 0 0 0 0 0
"36" 0 0 0 0 0 0 0 0 0 0 0 0 0 0.122221864942461 0.177164166963061 0 0 0 0 0 0.181382439145745 0 0 0 0.152572466853248 0 0 0 0 0 0 0 0 0 0 0 0 0 0.254222495558215 0 0 0
"37" 0 0 0 0 0 0 0 0 0 0 0 0 0 0 0 0 0.17913422182316 0.316388311823065 0 0 0 0 0.255824071631813 0 0 0 0 0 0 0 0 0.0925661027088198 0 0 0 0 0 0.256014606989075 0 0 0 0.177217703222711
"38" 0 0 0 0 0 0 0 0 0 0 0 0.240061969799424 0.103624209378144 0 0 0 0 0 0.144685736479351 0 0 0 0 0 0 0 0 0 0 0 0 0 0 0 0 0 0.156504902221686 0 0 0 0 0
"39" 0 0 0 0 0 0 0 0 0 0 0.288522098878263 0 0 0 0 0 0 0 0 0 0 0 0 0 0 0.150558788307398 0.138536561062078 0 0 0 0 0 0 0 0 0.189437451402603 0 0 0 0 0 0
"40" 0 0 0 0 0 0 0 0 0 0 0 0 0.102499449222767 0 0 0 0 0 0 0 0 0 0 0 0 0.159241529831349 0 0 0 0 0 0 0 0 0 0 0 0 0 0 0 0
"41" 0 0 0 0 0 0 0 0 0 0 0 0 0.106493374642537 0 0 0 0 0 0 0 0 0 0 0 0.0704847902585692 0 0.120486651193692 0 0 0 0 0 0 0 0 0 0 0 0 0 0 0
"42" 0 0.220713637407681 0 0 0.257661052373172 0.161370302221294 0 0 0 0 0 0 0 0 0 0.251796020945585 0 0 0 0 0 0 0 0 0.151452795018795 0 0 0 0 0 0 0.176896577842464 0 0 0 0 0.187019402064748 0 0 0 0 0
