"V1" "V2" "V3" "V4" "V5" "V6" "V7" "V8" "V9" "V10" "V11" "V12" "V13" "V14" "V15" "V16" "V17" "V18" "V19" "V20" "V21"
"1" 0 0 0.196069451160713 0 0.346536202475907 0 0 0 0 0 0 0.183107593353232 0 0 0 0 0 0.139291144730924 0.179950358586577 0.138720493963689 0
"2" 0 0 0.148505686665096 0.70233948951227 0.173137828052015 0 0 0 0 0.211799962289199 0.135148084188544 0.133224705023295 0 0 0 0 0 0.0943737931892437 0.145996353361892 0.139302903040114 0
"3" 0.098941670303314 0.0742032878274147 0 0 0 0 0 0 0 0.220964912784429 0.152058989177721 0.12894468018826 0 0.345731757552523 0 0 0 0 0 0 0
"4" 0 0.125407546034184 0 0 0 0 0 0 0 0 0 0 0.155420718545358 0 0 0 0 0 0 0 0
"5" 0.153744924726588 0.116261265508665 0 0 0 0 0.141912375592067 0 0 0 0 0 0 0 0 0 0 0 0.135756738751652 0 0
"6" 0 0 0 0 0 0 0 0 0 0 0 0.124480866178785 0.169167490765027 0 0 0 0 0 0 0 0.160273699566316
"7" 0 0 0 0 0.276441268144496 0 0 0.430702419384228 0.17693321796379 0 0 0 0 0 0 0 0 0.0990566799688332 0.137024047016593 0.190171788106784 0
"8" 0 0 0 0 0 0 0.154874735230507 0 0 0 0 0.0950475393647454 0 0 0 0 0.551912720293431 0 0 0 0
"9" 0 0 0 0 0 0 0.118801373349025 0 0 0 0.169525234616957 0.231858037494851 0 0 0 0 0 0.125803396919002 0 0 0.191876044033616
"10" 0 0.116371504156471 0.1526172837177 0 0 0 0 0 0 0 0 0 0 0 0 0 0 0.110631993441747 0 0 0.128513917969012
"11" 0 0.117984212325581 0.157844400227435 0 0 0 0 0 0.225662578756843 0 0 0 0.145149208278233 0 0.32248384235302 0 0 0 0.183579200769544 0.153366579545966 0
"12" 0.171103213893363 0.120293940177558 0.210437252781824 0 0 0.377067589246355 0 0.31902017284078 0.248869800206919 0 0 0 0.144924543345095 0.264263524899066 0 0 0 0 0 0 0
"13" 0 0 0 0.446608534156578 0 0.268762361485547 0 0 0 0 0.157914415126944 0.114924285149649 0 0 0 0 0 0 0 0.199983441329232 0.247128087036078
"14" 0 0 0.197171898873608 0 0 0 0 0 0 0 0 0.102196088728419 0 0 0 0.334232650655282 0 0 0 0 0
"15" 0 0 0 0 0 0 0 0 0 0 0.158330903925646 0 0 0 0 0.33332228076425 0 0.1095515700104 0 0 0
"16" 0 0 0 0 0 0 0 0 0 0 0 0 0 0.421793309086188 0.265984772067558 0 0 0 0 0.153542296747027 0
"17" 0 0 0 0 0 0 0 0.284457650117025 0 0 0 0 0 0 0 0 0 0.162950014500528 0 0 0
"18" 0.180855396169011 0.122631987177683 0 0 0 0 0.227415639298297 0 0.208191810602543 0.292320384644345 0 0 0 0 0.334448970272226 0 0.309832061142584 0 0.180182347925302 0 0.217282966202014
"19" 0.181026772576178 0.131945879890731 0 0 0.200839519567668 0 0.136869153438291 0 0 0 0.134899817855742 0 0 0 0 0 0 0.0983334424589051 0 0 0
"20" 0.128401583118606 0.0991160030506884 0 0 0 0 0.154506110711983 0 0 0 0.148666360488912 0 0.176792757807874 0 0 0.356136568272648 0 0 0 0 0
"21" 0 0 0 0 0 0.202121417191855 0 0 0.226382702069186 0.202080030897033 0 0 0.124668720629254 0 0 0 0 0.127676282678219 0 0 0
