"V1" "V2" "V3" "V4" "V5" "V6" "V7" "V8" "V9" "V10" "V11" "V12" "V13" "V14" "V15" "V16" "V17" "V18" "V19" "V20" "V21"
"1" 0 0.0516296523923763 0.061986905709618 0.151443688431359 0.0549344831153503 0.187243326087619 0.125402365429117 0.171837036097375 0.152221463293143 0.110515246531361 0.0862817324071914 0.0796887810417981 0.137805141430357 0.0596866959888586 0.140061003426518 0.104783894233224 0.220153379496967 0.115845483568691 0.0769599335686671 0.0508054631390354 0.185219740675259
"2" 0.0516296523923763 0 0.0454300631406515 0.105203247922539 0.101613733599855 0.137356490908964 0.134035995411848 0.171233278446178 0.128278927037048 0.0591804693830123 0.0671539696625486 0.0386345970136441 0.0909151421537525 0.104878819136682 0.167096825786994 0.154328765806283 0.207444843163104 0.104543280169933 0.104871876636606 0.0627717134078238 0.145770924315344
"3" 0.061986905709618 0.0454300631406515 0 0.0983570501115687 0.116390440407665 0.163904981403769 0.174343550426144 0.21472019626234 0.173465572317856 0.0856846424171658 0.11227355867149 0.0824700042121203 0.125820316233046 0.0895077176535057 0.199166439234694 0.162750747915668 0.252806377143297 0.149299377912477 0.13534042920894 0.0986130054373609 0.185610801310282
"4" 0.151443688431359 0.105203247922539 0.0983570501115687 0 0.205275176582556 0.105839084730574 0.226972307365754 0.252180067023556 0.184906892059395 0.0714123612755022 0.15038855571708 0.111295246297742 0.103138638634386 0.187829505615755 0.268973525404967 0.256199036628861 0.268935483069542 0.184358496773268 0.20887307006131 0.165702332341262 0.16178433913008
"5" 0.0549344831153503 0.101613733599855 0.116390440407665 0.205275176582556 0 0.227797154709772 0.105828071743521 0.156009757789888 0.163233235775897 0.156820338783105 0.105362517740282 0.117814480481693 0.175278442279461 0.0693649048819455 0.0978805263934454 0.0537156528727728 0.213419572495361 0.119695042490981 0.0470261027634988 0.060244548150652 0.210605099805699
"6" 0.187243326087619 0.137356490908964 0.163904981403769 0.105839084730574 0.227797154709772 0 0.197311927467144 0.201061886719247 0.122316595102637 0.0794764416804043 0.130969701195306 0.110146287994741 0.0532288509186697 0.242116374834768 0.25293245020467 0.281201324495261 0.194658348700244 0.147001195269968 0.208451627031428 0.170167816989332 0.0710016236042883
"7" 0.125402365429117 0.134035995411848 0.174343550426144 0.226972307365754 0.105828071743521 0.197311927467144 0 0.0501832546728902 0.0867900271498853 0.157697769866678 0.0768266227022317 0.115688188092353 0.148183482178105 0.170702741340443 0.0588423987468143 0.136255372382677 0.10946498037699 0.0503171544963326 0.0588028458246457 0.0766062850075934 0.149469778306913
"8" 0.171837036097375 0.171233278446178 0.21472019626234 0.252180067023556 0.156009757789888 0.201061886719247 0.0501832546728902 0 0.0788876465389963 0.180791798006546 0.105817031744533 0.14448871626231 0.159653245794623 0.220168342718557 0.0918804804108066 0.184057409431864 0.0621944430230032 0.0686978612543339 0.108985619654658 0.121317220750688 0.139988031601443
"9" 0.152221463293143 0.128278927037048 0.173465572317856 0.184906892059395 0.163233235775897 0.122316595102637 0.0867900271498853 0.0788876465389963 0 0.11514204407283 0.0661003481866016 0.0916395409135669 0.0849022221505598 0.210615012106676 0.145621401729957 0.208152460635963 0.0844868138702542 0.0445433536847927 0.124179734715582 0.106930926645561 0.0636352389257505
"10" 0.110515246531361 0.0591804693830123 0.0856846424171658 0.0714123612755022 0.156820338783105 0.0794764416804043 0.157697769866678 0.180791798006546 0.11514204407283 0 0.0809256899078349 0.0441844658779344 0.0427129422145655 0.163126317920004 0.204055097252676 0.210438738328733 0.199617935654245 0.113253833926385 0.148369371366413 0.105630441225047 0.105583988192537
"11" 0.0862817324071914 0.0671539696625486 0.11227355867149 0.15038855571708 0.105362517740282 0.130969701195306 0.0768266227022317 0.105817031744533 0.0661003481866016 0.0809256899078349 0 0.0394895527221016 0.078168413632288 0.145223023099896 0.125201485543856 0.15593939991277 0.140699055461091 0.0376724555936478 0.0778232923633301 0.0452727599845305 0.105264739168747
"12" 0.0796887810417981 0.0386345970136441 0.0824700042121203 0.111295246297742 0.117814480481693 0.110146287994741 0.115688188092353 0.14448871626231 0.0916395409135669 0.0441844658779344 0.0394895527221016 0 0.0586022203926281 0.138148992702928 0.159993002317628 0.171402708013198 0.173515045802332 0.0757984844231283 0.10458967959547 0.0625390974595178 0.107984772114366
"13" 0.137805141430357 0.0909151421537525 0.125820316233046 0.103138638634386 0.175278442279461 0.0532288509186697 0.148183482178105 0.159653245794623 0.0849022221505598 0.0427129422145655 0.078168413632288 0.0586022203926281 0 0.195090398053324 0.201845567521337 0.228447605588164 0.167123651042687 0.0985436492272901 0.155325991735206 0.117052056798804 0.0630179762763737
"14" 0.0596866959888586 0.104878819136682 0.0895077176535057 0.187829505615755 0.0693649048819455 0.242116374834768 0.170702741340443 0.220168342718557 0.210615012106676 0.163126317920004 0.145223023099896 0.138148992702928 0.195090398053324 0 0.166968330601832 0.0902032871819131 0.273536329528055 0.171743623941093 0.113445739589359 0.105028033513541 0.244763348829165
"15" 0.140061003426518 0.167096825786994 0.199166439234694 0.268973525404967 0.0978805263934454 0.25293245020467 0.0588423987468143 0.0918804804108066 0.145621401729957 0.204055097252676 0.125201485543856 0.159993002317628 0.201845567521337 0.166968330601832 0 0.103081307293153 0.153586397896034 0.107364585516791 0.0638260168537129 0.104343425264836 0.208204519194538
"16" 0.104783894233224 0.154328765806283 0.162750747915668 0.256199036628861 0.0537156528727728 0.281201324495261 0.136255372382677 0.184057409431864 0.208152460635963 0.210438738328733 0.15593939991277 0.171402708013198 0.228447605588164 0.0902032871819131 0.103081307293153 0 0.245375032263063 0.163622592100748 0.0840634975773876 0.111978686699173 0.2602936840386
"17" 0.220153379496967 0.207444843163104 0.252806377143297 0.268935483069542 0.213419572495361 0.194658348700244 0.10946498037699 0.0621944430230032 0.0844868138702542 0.199617935654245 0.140699055461091 0.173515045802332 0.167123651042687 0.273536329528055 0.153586397896034 0.245375032263063 0 0.105113780272314 0.166972830681171 0.169765748490408 0.124495953738716
"18" 0.115845483568691 0.104543280169933 0.149299377912477 0.184358496773268 0.119695042490981 0.147001195269968 0.0503171544963326 0.0686978612543339 0.0445433536847927 0.113253833926385 0.0376724555936478 0.0757984844231283 0.0985436492272901 0.171743623941093 0.107364585516791 0.163622592100748 0.105113780272314 0 0.079636593955706 0.0667156642935848 0.1023321557911
"19" 0.0769599335686671 0.104871876636606 0.13534042920894 0.20887307006131 0.0470261027634988 0.208451627031428 0.0588028458246457 0.108985619654658 0.124179734715582 0.148369371366413 0.0778232923633301 0.10458967959547 0.155325991735206 0.113445739589359 0.0638260168537129 0.0840634975773876 0.166972830681171 0.079636593955706 0 0.0433307181635892 0.178515190108046
"20" 0.0508054631390354 0.0627717134078238 0.0986130054373609 0.165702332341262 0.060244548150652 0.170167816989332 0.0766062850075934 0.121317220750688 0.106930926645561 0.105630441225047 0.0452727599845305 0.0625390974595178 0.117052056798804 0.105028033513541 0.104343425264836 0.111978686699173 0.169765748490408 0.0667156642935848 0.0433307181635892 0 0.150519747269515
"21" 0.185219740675259 0.145770924315344 0.185610801310282 0.16178433913008 0.210605099805699 0.0710016236042883 0.149469778306913 0.139988031601443 0.0636352389257505 0.105583988192537 0.105264739168747 0.107984772114366 0.0630179762763737 0.244763348829165 0.208204519194538 0.2602936840386 0.124495953738716 0.1023321557911 0.178515190108046 0.150519747269515 0
