"V1" "V2" "V3" "V4" "V5" "V6" "V7" "V8" "V9" "V10" "V11" "V12" "V13" "V14" "V15" "V16" "V17" "V18" "V19" "V20" "V21" "V22" "V23" "V24" "V25" "V26" "V27" "V28" "V29" "V30" "V31" "V32" "V33" "V34" "V35" "V36" "V37" "V38" "V39" "V40" "V41" "V42" "V43" "V44" "V45" "V46" "V47" "V48" "V49" "V50" "V51" "V52" "V53" "V54" "V55" "V56" "V57" "V58" "V59" "V60" "V61" "V62" "V63" "V64" "V65" "V66" "V67" "V68" "V69" "V70" "V71" "V72" "V73" "V74" "V75" "V76" "V77" "V78" "V79" "V80" "V81" "V82" "V83" "V84"
"1" 0 0 0 0.073519159640129 0 0 0 0 0 0 0 0 0 0 0 0 0 0 0 0 0 0 0 0 0 0 0 0 0.091477068816444 0 0 0 0 0 0 0 0 0 0 0 0 0 0 0 0.101112222410201 0 0 0 0 0 0 0 0 0.076122892369131 0 0 0 0 0.0627842711951092 0.0973080715802445 0.0606139629124147 0 0 0.0788014824001504 0 0 0 0 0 0.0836988596832587 0 0 0.131166788315345 0 0.042932730589907 0 0 0 0.067068510633757 0.0747310912387787 0 0 0 0
"2" 0 0 0.0552828927530918 0.0957027110057536 0 0 0 0 0 0 0 0 0 0 0 0 0 0 0.048756773355846 0 0.0522227702798302 0 0 0 0 0.0805716743938277 0 0 0 0 0 0 0.0940233799896689 0 0 0 0 0 0 0 0 0 0 0.0624760889866729 0 0 0 0 0 0 0 0 0 0 0.0754941012728298 0.0773908656223335 0 0 0 0.104761237938113 0 0 0 0 0.0890741165659445 0 0 0.0510445317202951 0 0 0 0.0570931807509414 0 0 0 0 0 0 0 0 0 0 0.0805364367134892 0
"3" 0 0.077665707956989 0 0 0 0 0 0 0 0 0 0 0.107390460140402 0 0 0 0 0 0.0543206229380025 0 0.0758103422626706 0 0 0 0 0.0675282385996365 0 0 0 0 0 0 0.0809097756965145 0 0 0 0 0 0 0.118963400202411 0 0 0 0.0900852964356493 0 0 0 0 0 0 0 0 0 0 0 0.0934692859591297 0 0 0 0.0884384896897204 0 0 0 0 0.0641177587013772 0.127209481556645 0 0.0687675250569855 0 0 0 0 0 0 0 0 0 0 0 0 0 0 0.0444814510100756 0
"4" 0.0725191625381584 0.0647478208756363 0 0 0 0 0 0 0 0 0 0 0 0 0 0.160485836424135 0 0 0 0 0.0949372819144386 0 0 0 0 0 0 0 0 0 0 0 0.080708174514465 0 0 0 0 0 0 0 0 0 0 0 0 0 0 0 0 0 0 0 0 0.068926769820461 0 0 0 0 0 0.0984118029368138 0.0582197378867043 0 0 0 0 0 0 0 0.0785268792914554 0 0 0 0.107604162082291 0 0 0 0 0 0.100232283293146 0.109378573921882 0 0 0 0
"5" 0 0 0 0 0 0 0 0 0 0 0 0 0 0 0 0 0 0 0 0 0 0 0 0 0 0 0 0 0 0 0 0 0 0 0 0 0 0.212885829878153 0 0 0 0 0 0 0 0 0 0.122192632874519 0 0 0 0 0 0 0 0 0 0 0 0 0 0 0 0 0 0 0 0 0 0 0 0 0 0 0 0.264608820752772 0 0 0 0 0 0 0 0
"6" 0 0 0 0 0 0 0 0.163683184183836 0.0960958835420861 0 0 0 0 0 0 0 0 0 0 0 0 0 0 0 0 0 0 0 0 0.0572553350463392 0 0 0 0 0 0 0 0 0.0820317068854984 0 0 0 0 0 0 0 0 0 0 0 0 0.0471649575666364 0 0 0 0 0 0 0 0 0 0 0 0 0 0 0 0 0 0 0 0 0 0 0 0 0.0416580678544431 0 0 0 0 0 0 0
"7" 0 0 0 0 0 0 0 0.0993633579607828 0.0886326415966188 0 0 0 0 0 0 0 0 0 0 0 0 0.0860345612670285 0 0 0 0 0 0 0 0 0 0 0 0 0 0 0 0 0 0 0 0 0 0 0 0 0 0 0 0 0 0.0557875508114277 0 0 0 0 0 0 0 0 0 0 0.120218377489137 0 0 0 0 0 0 0 0 0 0 0 0 0 0 0 0 0 0.0918042181199756 0 0 0
"8" 0 0 0 0 0 0.192980143381064 0.140102867044964 0 0.0805955384250007 0 0 0 0 0 0 0 0 0 0 0 0 0.058904474394123 0 0 0 0 0 0 0 0.101379387807683 0 0 0 0 0 0 0 0 0 0 0 0 0 0 0 0 0 0 0 0 0 0.0642538649708521 0 0 0 0 0 0 0 0 0 0 0.168887727791769 0 0 0 0 0 0 0 0 0 0 0.0804995672273911 0 0 0 0 0 0 0.0795930848329107 0 0 0
"9" 0 0 0 0 0 0.175184267368466 0.186479125123857 0.103248153603962 0 0 0 0 0 0 0 0 0 0 0 0 0 0.0971472844666777 0 0 0 0 0 0 0 0.0598444169320305 0 0 0 0 0 0 0 0 0 0 0 0 0 0 0 0 0 0 0 0 0 0.0863109619388593 0 0 0 0 0 0 0 0 0 0 0.23251169120886 0 0 0 0 0 0 0 0 0 0 0.0796014566746501 0 0 0.124250591829879 0 0 0 0.0956556640327775 0 0 0
"10" 0 0 0 0 0 0 0 0 0 0 0 0 0 0 0 0 0 0 0 0 0 0 0 0 0 0 0 0 0 0 0 0 0 0.0764224956703687 0 0.0943765081156443 0 0 0 0 0 0 0 0 0 0 0 0 0 0 0.0978469616409415 0 0 0 0 0 0 0 0 0 0 0 0 0 0 0 0 0 0 0 0 0 0 0 0 0 0 0.186409262642355 0 0 0 0 0 0.185568761794269
"11" 0 0 0 0 0 0 0 0 0 0 0 0 0 0 0 0 0 0 0 0 0 0 0 0 0 0 0 0 0 0 0 0 0 0 0.228140301440605 0 0 0 0 0 0 0 0 0 0 0.191970053937844 0 0 0 0 0 0 0 0 0 0 0 0 0 0 0 0 0 0 0 0 0 0 0 0 0 0 0 0 0 0 0 0 0 0 0 0 0 0
"12" 0 0 0 0 0 0 0 0 0 0 0 0 0 0 0 0.111444702645265 0.115450732702848 0.0746366332351373 0 0.111182060199154 0 0.0694897686439085 0 0 0 0 0.0676973076997572 0 0 0.0666428114781447 0 0 0 0 0 0 0.101364199783527 0 0.0694928918216504 0 0 0 0 0 0 0 0 0 0 0.130608698644982 0 0.0546183046343353 0 0 0 0 0.0538721580786245 0.123549001699944 0 0 0 0 0 0 0 0 0 0 0.0871475835332997 0 0 0 0.125368096256142 0.0747294841736483 0 0 0 0 0 0 0.0704528489298254 0 0 0
"13" 0 0 0.0874019066162089 0 0 0 0 0 0 0 0 0 0 0 0 0 0 0 0.059243582642176 0 0 0 0.259404954867897 0 0 0.0771594921724797 0 0 0 0 0.176492860520826 0 0 0 0 0 0 0 0 0.124917900768278 0 0.110977378092947 0 0 0 0 0 0 0 0 0 0 0 0 0 0.0916196196873677 0 0 0 0 0 0 0 0 0 0.178081670824501 0 0.0533641044825127 0 0 0 0 0 0 0 0 0 0 0 0 0 0 0.048259536032139 0
"14" 0 0 0 0 0 0 0 0 0 0 0 0 0 0 0 0 0 0 0.0462574587670672 0 0 0 0 0 0 0.0663506527174935 0 0 0 0 0 0 0 0 0 0 0 0 0.0682822466810909 0 0 0 0 0 0 0 0.272331961875085 0 0 0 0 0 0 0 0.0680233870242072 0.0915257315833477 0 0 0 0 0 0 0 0 0.0613623478408938 0 0 0.0642967285367221 0.0709512612597284 0 0 0.0791660238599172 0 0 0 0 0.114889292779881 0 0 0 0 0 0.0689223933387556 0
"15" 0 0 0 0 0 0 0 0 0 0 0 0 0 0 0 0 0.128257914215495 0.092054842284199 0 0.104666192382141 0 0.101666743381558 0 0 0 0 0 0 0 0 0 0 0 0 0 0 0 0 0 0 0 0 0 0 0 0 0 0 0 0.093220078909231 0 0 0 0 0 0 0 0.0813826897259542 0 0 0 0 0 0 0 0 0 0 0 0 0 0 0 0.0828208422111294 0 0 0 0 0 0 0.049547958341574 0 0 0
"16" 0 0 0 0.121145475132935 0 0 0 0 0 0 0 0.057087653291299 0 0 0 0 0 0 0 0 0 0 0 0 0 0 0.045534524612807 0 0 0.0778494217115423 0 0 0 0 0 0 0 0 0.0913991068946779 0 0 0 0 0 0 0 0 0 0 0 0 0 0 0 0 0 0 0.0766968010012156 0 0 0 0 0 0 0 0 0 0 0.0597706160441488 0 0 0 0.0956874303956957 0 0 0 0 0 0 0.0949235741734267 0 0 0 0
"17" 0 0 0 0 0 0 0 0 0 0 0 0.0783118045079024 0 0 0.1654366509757 0 0 0.0842012734655464 0 0.102905994657194 0 0 0 0 0 0 0.0561920687269361 0 0 0 0 0 0 0 0 0 0.0635617595470995 0 0 0 0 0 0 0 0 0 0 0 0 0.086024535578407 0 0 0 0 0 0 0.069495337575706 0.0989512582485001 0 0 0 0 0 0 0 0 0 0 0 0 0 0 0 0.0899069758226668 0 0 0 0 0 0 0 0 0 0
"18" 0 0 0 0 0 0 0 0 0 0 0 0.0583209087312152 0 0 0.19224505652956 0 0.0998099217630951 0 0 0.061909978694742 0 0.0928388259871448 0 0 0 0 0.0641398154497039 0 0 0 0 0 0 0 0 0 0 0 0 0 0 0 0 0 0 0 0 0 0 0.106507401178777 0 0 0 0 0 0 0.0598281035650921 0.0861513712439195 0 0 0 0 0 0 0 0 0 0 0 0 0 0 0 0.0705748120360602 0 0 0 0 0 0 0.0794449522323765 0 0 0
"19" 0 0.0650808322451671 0.0699408302041209 0 0 0 0 0 0 0 0 0 0.0901028146229294 0.0723195475828959 0 0 0 0 0 0 0.0560176115601816 0 0 0 0 0.051766751856245 0 0 0 0 0 0 0.0722241970972085 0 0 0 0 0 0 0.118224108694466 0 0.105722904548652 0 0.0832439094992522 0 0 0 0 0 0 0 0 0 0 0.085715114748907 0.0768545916343174 0 0 0 0 0 0 0 0 0.0704273511239813 0 0 0.0686814872993719 0 0 0 0.0842025408692815 0 0 0 0 0 0 0 0 0 0 0.077874057349374 0
"20" 0 0 0 0 0 0 0 0 0 0 0 0.0670651021535147 0 0 0.121483980479421 0 0.102203710867363 0.105150367349757 0 0 0 0.0793594921728721 0 0 0 0 0.0444804981962228 0 0 0 0 0 0 0 0 0 0 0 0 0 0 0 0 0 0 0 0 0 0 0.0849627278847543 0 0.0562258425237827 0 0 0 0 0 0.0805835360286676 0 0 0 0 0 0 0 0 0 0 0 0 0 0 0 0.0893160952150882 0 0 0 0 0 0 0.0741686220412947 0 0 0
"21" 0 0.0664668492740605 0.0335981721951964 0.0800618406556905 0 0 0 0 0 0 0 0 0 0 0 0 0 0 0.0801762688792394 0 0 0 0 0 0 0.0636507328059855 0 0 0 0 0 0 0.0741108950093334 0 0 0 0 0 0 0 0 0 0 0.0669823517699842 0 0 0 0 0 0 0 0 0 0 0 0 0 0 0 0.0636033615283095 0.0722358960555641 0 0 0 0.0477620440189256 0 0 0.0622653076540775 0 0 0 0 0 0 0 0 0 0 0 0 0 0 0.0705236257585229 0
"22" 0 0 0 0 0 0 0.185298288939534 0.107968307874522 0.0851930166040626 0 0 0.0735472828521333 0 0 0.155092882743033 0 0 0.120424698771918 0 0.100391617517742 0 0 0 0 0 0 0 0 0 0.0878765621277605 0 0 0 0 0 0 0 0 0 0 0 0 0 0 0 0 0 0 0 0 0 0.0699645501388687 0 0 0 0 0 0 0 0 0 0 0.181406775757645 0 0 0 0 0 0 0 0 0 0 0.079032779771018 0 0 0 0 0 0 0.109642951878117 0 0 0
"23" 0 0 0 0 0 0 0 0 0 0 0 0 0.095157044927552 0 0 0 0 0 0 0 0 0 0 0 0 0 0 0 0 0 0.231968219433881 0 0 0 0 0 0 0 0 0 0 0.114053655608129 0 0 0 0 0 0 0 0 0 0 0 0 0 0 0 0 0 0 0 0 0 0 0 0.175932363900152 0 0 0 0 0 0 0 0 0 0 0 0 0 0 0 0 0 0
"24" 0 0 0 0 0 0 0 0 0 0 0 0 0 0 0 0 0 0 0 0 0 0 0 0 0 0 0 0 0 0 0 0 0 0.141505707749304 0 0 0 0 0 0 0 0 0 0 0.0725270400677492 0 0 0.113785409256687 0 0 0 0 0.12633554487062 0.0713069104527589 0 0 0 0 0.0624034964736144 0 0.0711985514538124 0 0 0.0714665255880636 0 0 0 0 0 0 0 0 0 0 0.0827813506970707 0 0 0 0 0 0 0.105701855689402 0 0
"25" 0 0 0 0 0 0 0 0 0 0 0 0 0 0 0 0 0 0 0 0 0 0 0 0 0 0 0 0.11283423174047 0 0 0 0.372963869145254 0 0 0 0 0 0 0 0 0.0989679853633321 0 0.169582768868572 0 0 0.12753390692601 0 0 0.134870683011753 0 0 0 0 0 0 0 0 0 0 0 0 0.276227986606485 0 0 0 0 0 0 0 0 0.23314111380356 0 0 0 0 0 0 0 0 0 0 0 0 0
"26" 0 0.0790330982498391 0.0618123834795231 0 0 0 0 0 0 0 0 0 0.110996007321428 0.0477158157867881 0 0 0 0 0.0657808696664196 0 0.098273250603163 0 0 0 0 0 0 0 0 0 0 0 0.0731187981615718 0 0 0 0 0 0 0 0 0 0 0.0854455016849065 0 0 0 0 0 0 0 0 0 0 0.0985563118936503 0.0911345003415203 0 0 0 0.107079131264681 0 0 0 0 0.0526167890708988 0 0 0.0662194363079352 0 0 0 0.064151653316037 0 0 0 0 0 0 0 0 0 0 0.0840637007745203 0
"27" 0 0 0 0 0 0 0 0 0 0 0 0.061740426482883 0 0 0 0.110299754753834 0.114893891294706 0.0958647729996239 0 0.050938710671513 0 0 0 0 0 0 0 0 0 0.112022018326474 0 0 0 0 0 0 0.0778388940449366 0 0.0748242069281637 0 0 0 0 0 0 0 0 0 0 0.128734764447012 0 0.0875806978087715 0 0 0 0 0.0816955640171865 0.0658262831797663 0 0 0 0 0 0 0 0 0 0 0.110776211613397 0 0 0 0.118269525963793 0.0747770280058078 0 0 0 0 0 0.0628550619265155 0.0817182739962519 0 0 0
"28" 0 0 0 0 0 0 0 0 0 0 0 0 0 0 0 0 0 0 0 0 0 0 0 0 0.164723412012748 0 0 0 0.0662185716070951 0 0 0 0 0 0 0.0763663014480066 0 0 0 0 0.102716170860979 0 0 0 0 0 0 0 0.108126710450828 0 0.11203654301003 0 0 0 0 0 0 0 0.0672075314934567 0 0 0.17551770877208 0 0 0 0 0 0 0 0.0643190056782882 0 0 0 0 0.0636184085102554 0 0 0 0 0 0 0 0 0
"29" 0.0568676639205392 0 0 0 0 0 0 0 0 0 0 0 0 0 0 0 0 0 0 0 0 0 0 0 0 0 0 0.101539204305023 0 0 0 0 0 0 0 0 0.0751469801433628 0 0 0 0.0928514761788469 0 0.157843933077335 0 0 0 0 0 0.0910856151139769 0 0 0 0 0.0560551990475115 0 0 0.0875116896229208 0 0.0633715611604314 0 0 0 0 0 0 0 0 0 0 0.089833962135428 0 0 0 0 0.0694237117524792 0 0 0 0.0879960001063202 0.0674220431930488 0 0 0 0
"30" 0 0 0 0 0 0.198281945591632 0 0.0891134735209921 0.131839601077583 0 0 0.071866169895643 0 0 0 0.100288893861872 0 0 0 0 0 0.0867088822043238 0 0 0 0 0.0525816159052457 0 0 0 0 0 0 0 0 0 0 0 0.060333071835662 0 0 0 0 0 0 0 0 0 0 0 0 0.0857213298683576 0 0 0 0 0 0 0 0 0 0 0 0 0 0 0 0 0.0912893360427378 0 0 0 0 0.0725264596814097 0 0 0.105369958163392 0 0 0 0.0820356426608697 0 0 0
"31" 0 0 0 0 0 0 0 0 0 0 0 0 0.111724228846674 0 0 0 0 0 0 0 0 0 0.204044058928914 0 0 0 0 0 0 0 0 0 0 0 0 0 0 0 0 0.0868441513043984 0 0.0964726492497285 0 0 0 0 0 0 0 0 0 0 0 0 0 0 0 0 0 0 0 0 0 0 0 0.0987486525597861 0 0 0 0 0 0 0 0 0 0 0 0 0 0 0 0 0 0
"32" 0 0 0 0 0 0 0 0 0 0 0 0 0 0 0 0 0 0 0 0 0 0 0 0 0.0967225558173191 0 0 0 0 0 0 0 0 0 0.25959413596639 0 0 0 0 0 0 0 0 0 0 0 0 0 0 0 0 0 0 0 0 0 0 0 0 0 0 0 0 0 0 0 0 0 0 0 0.242709097699374 0 0 0 0 0 0 0 0 0 0 0 0 0
"33" 0 0.0686582554307693 0.0839074575316024 0.0555951773554245 0 0 0 0 0 0 0 0 0 0 0 0 0 0 0.0704579478616167 0 0.0739928010977041 0 0 0 0 0.0426770308528744 0 0 0 0 0 0 0 0 0 0 0 0 0 0 0 0 0 0.0729479225201242 0 0 0 0 0 0 0 0 0 0 0 0 0 0 0 0.082554156624798 0.0783188798105951 0 0 0 0.084841016538693 0 0 0.063190335158456 0 0 0 0 0 0 0 0 0 0 0 0 0 0 0.0778448861042211 0
"34" 0 0 0 0 0 0 0 0 0 0.26192044273507 0 0 0 0 0 0 0 0 0 0 0 0 0 0.0528431004684117 0 0 0 0 0 0 0 0 0 0 0 0.0444474347196512 0 0 0 0 0 0 0 0 0.0724481415630572 0 0 0 0 0 0.121589983560193 0 0 0 0 0 0 0 0.0491938620768929 0 0 0 0 0.0747217360428191 0 0 0 0 0 0.0922120639259668 0 0 0 0 0.0977469286030497 0 0 0 0 0 0 0 0 0.121018221648624
"35" 0 0 0 0 0 0 0 0 0 0 0.517316974758532 0 0 0 0 0 0 0 0 0 0 0 0 0 0 0 0 0 0 0 0 0.265099826603213 0 0 0 0 0 0 0 0 0 0 0 0 0 0.118767430921013 0 0 0 0 0 0 0 0 0 0 0 0 0 0 0 0 0 0 0 0 0 0 0 0 0.195354007748861 0 0 0 0 0 0 0 0 0 0 0 0 0
"36" 0 0 0 0 0 0 0 0 0 0.236404435960457 0 0 0 0 0 0 0 0 0 0 0 0 0 0 0 0 0 0.121253358198998 0 0 0 0 0 0.090124107680121 0 0 0 0 0 0 0 0 0 0 0.0871229340222228 0 0 0 0 0 0.15018111633975 0 0 0.0651938113471258 0 0 0 0 0.0763213698731178 0 0.046130835119084 0 0 0.0770158907302318 0 0 0 0 0 0.0368763844831163 0 0 0 0 0.0734533519967439 0 0 0 0 0 0 0 0 0.17479844394626
"37" 0 0 0 0 0 0 0 0 0 0 0 0.0667642816750827 0 0 0 0 0.0975919601196539 0 0 0 0 0 0 0 0 0 0.0808364978753755 0 0.0533510577970262 0 0 0 0 0 0 0 0 0 0 0 0.142898202822537 0 0.0969695955029674 0 0 0 0 0 0.0645792203153047 0.121769988564413 0 0 0 0 0 0 0.0673272100246489 0.0778185808827074 0 0 0 0 0 0 0 0 0 0 0 0 0 0 0 0 0 0 0 0 0.0693027540116277 0.0585011582405286 0 0 0 0
"38" 0 0 0 0 0.375415460095636 0 0 0 0 0 0 0 0 0 0 0 0 0 0 0 0 0 0 0 0 0 0 0 0 0 0 0 0 0 0 0 0 0 0 0 0 0 0 0 0 0 0 0.178030616711089 0 0 0 0 0.199632006261126 0 0 0 0 0 0 0 0 0 0 0 0 0 0 0 0 0 0 0 0 0 0 0.21809154835015 0 0 0 0 0 0.146913754733751 0 0
"39" 0 0 0 0 0 0.157680587672652 0 0 0 0 0 0.0370642430840503 0 0.0712701648637686 0 0.0830669553297974 0 0 0 0 0 0 0 0 0 0 0.0526679751699688 0 0 0.0645102956461531 0 0 0 0 0 0 0 0 0 0 0 0 0 0 0 0 0 0 0 0 0 0.0708679214681925 0 0 0.0487241502026857 0 0 0 0 0 0 0 0 0 0 0 0 0 0.098766314644662 0 0 0.0968491451888756 0.062283789249862 0 0 0 0.0704086542141128 0 0 0 0 0 0 0
"40" 0 0 0.0648658180913014 0 0 0 0 0 0 0 0 0 0.0717999428470348 0 0 0 0 0 0.0747743987738418 0 0 0 0 0 0 0 0 0 0 0 0.242958132450647 0 0 0 0 0 0 0 0 0 0 0.11705082539588 0 0.0895082801160574 0 0 0 0 0 0 0 0 0 0 0 0 0 0 0 0 0 0 0 0 0 0.159166118600062 0 0.0738805234031123 0 0 0 0 0 0 0 0 0 0 0 0 0 0 0 0
"41" 0 0 0 0 0 0 0 0 0 0 0 0 0 0 0 0 0 0 0 0 0 0 0 0 0.112019338027077 0 0 0.08669646726812 0.0774050841669116 0 0 0 0 0 0 0 0.0930507290694469 0 0 0 0 0 0.0938232665816115 0 0 0.13032091235975 0 0 0.0888940368600292 0 0 0 0 0 0 0 0.0783818270096305 0 0 0 0 0 0 0 0 0 0 0 0 0 0 0 0 0 0 0 0 0 0.0717585034969502 0 0 0 0 0
"42" 0 0 0 0 0 0 0 0 0 0 0 0 0.103568952024307 0 0 0 0 0 0.0598092546946399 0 0 0 0.242187926891438 0 0 0 0 0 0 0 0.208770254912037 0 0 0 0 0 0 0 0 0.116111606793038 0 0 0 0 0 0 0 0 0 0 0 0 0 0 0 0.0634425428425328 0 0 0 0 0 0 0 0 0 0.190510337773068 0 0.0728727893448476 0 0 0 0 0 0 0 0 0 0 0 0 0 0 0 0
"43" 0 0 0 0 0 0 0 0 0 0 0 0 0 0 0 0 0 0 0 0 0 0 0 0 0.141958374452521 0 0 0 0.0763914947100496 0 0 0 0 0 0 0 0.0704650528715321 0 0 0 0.142648654948229 0 0 0 0 0.168588466646163 0 0 0.142255394861014 0 0 0 0 0 0 0 0.0716733261354051 0 0 0 0 0 0 0 0 0 0 0 0 0 0 0 0 0 0 0 0 0 0.0769185179255183 0 0 0 0 0
"44" 0 0.08994166965701 0.058755560558579 0 0 0 0 0 0 0 0 0 0 0 0 0 0 0 0.0524089364835816 0 0.0819023257362791 0 0 0 0 0.0882709855773247 0 0 0 0 0 0 0.0974764081133003 0 0 0 0 0 0 0.105245573647125 0 0 0 0 0 0 0 0 0 0 0 0 0 0 0 0.0728713652534505 0 0 0 0.0975681669527102 0 0 0 0 0.0732409181828077 0 0 0.072063773899891 0 0 0 0 0 0 0 0 0 0 0 0 0 0 0.0719723193212391 0
"45" 0.0854326242524878 0 0 0 0 0 0 0 0 0 0 0 0 0 0 0 0 0 0 0 0 0 0 0.112936464406475 0 0 0 0 0 0 0 0 0 0.0927632771176502 0 0.102786319706811 0 0 0 0 0 0 0 0 0 0 0 0 0 0 0 0 0 0.0774205298792113 0 0 0 0 0.0758995013349679 0 0.0769618327056389 0 0 0.0649047542461876 0 0 0 0 0 0.0744121180675612 0 0 0 0 0.0806634891243067 0 0 0 0 0 0 0.167216486882425 0 0.101959124571984
"46" 0 0 0 0 0 0 0 0 0 0 0.458431929306971 0 0 0 0 0 0 0 0 0 0 0 0 0 0.0967524265168689 0 0 0 0 0 0 0 0 0 0.24748686187589 0 0 0 0 0 0.130745591951667 0 0.125292695041026 0 0 0 0 0 0.0800670100263483 0 0 0 0 0 0 0 0 0 0 0 0 0 0 0 0 0 0 0 0 0 0 0 0 0 0 0 0 0 0 0 0 0 0 0
"47" 0 0 0 0 0 0 0 0 0 0 0 0 0 0.0725995075586748 0 0 0 0 0 0 0 0 0 0 0 0 0 0 0 0 0 0 0 0 0 0 0 0 0 0 0 0 0 0 0 0 0 0 0 0 0 0 0 0 0.105685553629496 0.0831774846566179 0 0 0 0 0 0 0 0 0 0 0 0 0 0 0 0.094927124580423 0 0 0 0 0.121732114501909 0 0 0 0 0 0 0
"48" 0 0 0 0 0.358139023021273 0 0 0 0 0 0 0 0 0 0 0 0 0 0 0 0 0 0 0.107040182987727 0 0 0 0 0 0 0 0 0 0 0 0 0 0.168625273217297 0 0 0 0 0 0 0 0 0 0 0 0 0 0 0.149687929928642 0 0 0 0 0 0 0 0 0 0 0.0940931295276183 0 0 0 0 0 0 0 0 0 0 0 0.18933520349717 0 0 0 0 0 0.123756723342623 0 0
"49" 0 0 0 0 0 0 0 0 0 0 0 0 0 0 0 0 0 0 0 0 0 0 0 0 0.127281460241942 0 0 0.0891537578895236 0.0520597091470565 0 0 0 0 0 0 0 0.0893640395669284 0 0 0 0.12342254124099 0 0.136914738042271 0 0 0.184580799890356 0 0 0 0 0 0 0 0 0 0 0.0980436721043136 0 0 0 0 0 0 0 0 0 0 0 0 0 0 0 0 0 0 0 0 0 0.0464429950865122 0 0 0 0 0
"50" 0 0 0 0 0 0 0 0 0 0 0 0.0688571875561236 0 0 0.134488579167203 0 0.138324610784351 0.0850060215118125 0 0.0841083998097014 0 0 0 0 0 0 0.0540096035366729 0 0 0 0 0 0 0 0 0 0.0509062658069024 0 0 0 0 0 0 0 0 0 0 0 0 0 0 0 0 0 0 0 0.0691083040551198 0.0731447590973961 0 0 0 0 0 0 0 0 0 0 0 0 0 0 0 0 0 0 0 0 0 0 0 0 0 0
"51" 0 0 0 0 0 0 0 0 0 0.222253108715532 0 0 0 0 0 0 0 0 0 0 0 0 0 0 0 0 0 0.134932392155322 0 0 0 0 0 0.118135213045995 0 0.108531788110807 0 0 0 0 0 0 0 0 0 0 0 0 0 0 0 0 0 0 0 0 0 0 0.104431525000499 0 0 0.243758223874155 0 0 0 0 0 0 0 0.0540021503447297 0 0 0 0 0.0577041342790713 0 0 0 0 0 0 0 0 0.15654088259452
"52" 0 0 0 0 0 0.160118688158456 0.174597278343596 0.105832984069859 0.0978009497395653 0 0 0.0581631018367382 0 0 0 0 0 0 0 0.0737960317428919 0 0.066778325578197 0 0 0 0 0.0580567329677956 0 0 0.0813646484204394 0 0 0 0 0 0 0 0 0.0973071522448928 0 0 0 0 0 0 0 0 0 0 0 0 0 0 0 0 0 0 0 0 0 0 0 0.156426100605251 0 0 0 0 0 0 0 0 0 0 0.0904412699857888 0 0 0 0 0 0 0.0997274430383753 0 0 0
"53" 0 0 0 0 0 0 0 0 0 0 0 0 0 0 0 0 0 0 0 0 0 0 0 0.104720582248159 0 0 0 0 0 0 0 0 0 0 0 0 0 0.210081831442241 0 0 0 0 0 0 0 0 0 0.137356254541852 0 0 0 0 0 0 0 0 0 0 0 0 0 0 0 0 0 0 0.437687293438327 0 0 0 0 0 0 0 0 0.202676014791999 0 0.160532749870871 0 0 0 0.12016441041967 0 0
"54" 0.0714731464179972 0 0 0.0902526105303803 0 0 0 0 0 0 0 0 0 0 0 0 0 0 0 0 0 0 0 0.0950781536142856 0 0 0 0 0.0741636956880721 0 0 0 0 0 0 0.085154601157969 0 0 0 0 0 0 0 0 0.118580828120663 0 0 0 0 0 0 0 0 0 0 0 0 0 0.0772774780397763 0.0871885049062655 0.0922639949801807 0 0 0.08267373827037 0 0 0 0 0 0.114021855106283 0 0 0 0 0.0645788675116191 0 0 0 0.0891947678507512 0.087618926382709 0 0 0 0
"55" 0 0.0680297251267964 0 0 0 0 0 0 0 0 0 0 0 0.0959024362811616 0 0 0 0 0.0623910306591682 0 0 0 0 0 0 0.0688834307902838 0 0 0 0 0 0 0 0 0 0 0 0 0.0694606996424612 0 0 0 0 0 0 0 0.17000452044521 0 0 0 0 0 0 0 0 0.0766473263317336 0 0 0 0 0 0 0 0 0.0653919628107059 0 0 0.0386060960248628 0.075513279202037 0 0 0.0765182125961561 0 0 0 0 0.0856278290595575 0 0 0 0 0 0.0604885417722537 0
"56" 0 0.0788009157231784 0.0693487273648481 0 0 0 0 0 0 0 0 0 0.0536763597985956 0.0740878801582529 0 0 0 0 0.0641795590288187 0 0 0 0 0 0 0.0697209871427829 0 0 0 0 0 0 0 0 0 0 0 0 0 0 0 0.114818836314634 0 0.0931111531961091 0 0 0.221608354027837 0 0 0 0 0 0 0 0.093512224861081 0 0 0 0 0 0 0 0 0 0.0651432253310063 0 0 0.0829779816707634 0 0 0 0.0947730032609722 0 0 0 0 0 0 0 0 0 0 0.0890117707565937 0
"57" 0 0 0 0 0 0 0 0 0 0 0 0.0695972514490277 0 0 0 0 0.0822369287103697 0.0702777752255694 0 0 0 0 0 0 0 0 0.070695904930572 0 0.0822480097588173 0 0 0 0 0 0 0 0.100079055433927 0 0 0 0.152045338609245 0 0.129403317101854 0 0 0 0 0 0.121003717262974 0.114453383665734 0 0 0 0 0 0 0 0.0732545323913791 0 0 0 0 0 0 0 0 0 0 0 0 0 0 0 0 0 0 0 0 0.0699490177054366 0.106003177461787 0 0 0 0
"58" 0 0 0 0 0 0 0 0 0 0 0 0.0584269819089836 0 0 0.150582027314925 0.131373121400142 0.0889477533395232 0.076341036430317 0 0.0724794780040376 0 0 0 0 0 0 0.0631337184806927 0 0 0 0 0 0 0 0 0 0.0752458758465775 0 0 0 0 0 0 0 0 0 0 0 0 0.0836085209989033 0 0 0 0 0 0 0.0853910859475915 0 0 0 0 0 0 0 0 0 0 0 0 0 0 0 0 0.0828654906567051 0 0 0 0 0 0 0 0 0 0
"59" 0.0786482289772686 0 0 0 0 0 0 0 0 0 0 0 0 0 0 0 0 0 0 0 0 0 0 0.100917531289153 0 0 0 0.0998734100041256 0.0720705047229838 0 0 0 0 0.0967366361645804 0 0.0926147069552058 0 0 0 0 0 0 0 0 0.0854344478859251 0 0 0 0 0 0.0980498259588733 0 0 0.0634590118438696 0 0 0 0 0 0 0.0947157794900097 0 0 0.0676570712557615 0 0 0 0 0 0.0933410192116865 0 0 0 0 0.0788374819469157 0 0 0 0.0898582780950463 0 0 0 0 0
"60" 0.0588181744854965 0.0758110554246896 0.0595539394594607 0.0998535888676925 0 0 0 0 0 0 0 0 0 0 0 0 0 0 0 0 0.102195218274562 0 0 0 0 0.0701717181008987 0 0 0 0 0 0 0.0916175438060776 0 0 0 0 0 0 0 0 0 0 0.0446071718479531 0 0 0 0 0 0 0 0 0 0.0748220102205375 0 0 0 0 0 0 0.0671121552038984 0 0 0.0788717528863059 0.0802203295914878 0 0 0 0 0 0 0 0 0 0 0 0 0 0 0 0 0 0 0
"61" 0.0748083415170914 0 0 0.0777027629317479 0 0 0 0 0 0 0 0 0 0 0 0 0 0 0 0 0.0887133091668959 0 0 0.115414562059475 0 0 0 0 0 0 0 0 0.10101200853284 0 0 0.0697601013153092 0 0 0 0 0 0 0 0 0.0797604056517135 0 0 0 0 0 0 0 0 0.0653957318300288 0 0 0 0 0.056764484259657 0.0866723824729558 0 0 0 0.0608306349337201 0 0 0 0 0 0.0820392106911412 0 0 0 0 0.0657304663491838 0 0 0 0 0 0 0 0 0
"62" 0 0 0 0 0 0 0 0 0 0 0 0 0 0 0 0 0 0 0 0 0 0 0 0 0.160749669944443 0 0 0.0985637709014168 0 0 0 0 0 0 0 0 0 0 0 0 0 0 0 0 0 0 0 0 0 0 0.133097947520628 0 0 0 0 0 0 0 0 0 0 0 0 0 0 0 0 0 0 0 0.195911437242524 0 0 0 0 0 0 0 0 0 0 0 0 0
"63" 0 0 0 0 0 0 0.171476304044155 0.133958839120535 0.0827798203077006 0 0 0 0 0 0 0 0 0 0 0 0 0.0663395926030196 0 0 0 0 0 0 0 0 0 0 0 0 0 0 0 0 0 0 0 0 0 0 0 0 0 0 0 0 0 0.0913612028714016 0 0 0 0 0 0 0 0 0 0 0 0 0 0 0 0 0 0 0 0 0 0 0 0 0 0 0 0 0.0897283017427938 0 0 0
"64" 0.0815446390358214 0 0 0 0 0 0 0 0 0 0 0 0 0 0 0 0 0 0 0 0 0 0 0.0798732661938595 0 0 0 0 0 0 0 0 0 0.0892850249885753 0 0.115411531731426 0 0 0 0 0 0 0 0 0.0968315026287465 0 0 0.127501441807799 0 0 0 0 0 0.056586207530308 0 0 0 0 0.0569835329360409 0.0819832652096331 0.0704180229443591 0 0 0 0 0 0 0 0 0.0729238789109291 0 0 0 0 0.060557764528974 0 0 0 0 0 0 0.113566494277558 0 0
"65" 0 0.0779053909082186 0.0386606516577908 0 0 0 0 0 0 0 0 0 0 0.0429773184142792 0 0 0 0 0.0779649548440997 0 0.0764781548697012 0 0 0 0 0.0682895197885333 0 0 0 0 0 0 0.0472245701839699 0 0 0 0 0 0 0 0 0 0 0.0722902025239295 0 0 0 0 0 0 0 0 0 0 0.087756993816369 0.069350941510385 0 0 0 0.109738792571186 0 0 0 0 0 0 0 0.0603420600679671 0.0853494571362763 0 0 0.0712832686675202 0 0 0 0 0 0 0 0 0 0 0.0601873865593428 0
"66" 0 0 0.0561747530176576 0 0 0 0 0 0 0 0 0 0.101449775928854 0 0 0 0 0 0 0 0 0 0.272247344765783 0 0 0 0 0 0 0 0.175917359380054 0 0 0 0 0 0 0 0 0.0984032815550827 0 0.0915655978487726 0 0 0 0 0 0 0 0 0 0 0 0 0 0 0 0 0 0 0 0 0 0 0 0 0 0.0703506290383619 0 0 0 0 0 0 0 0 0 0 0 0 0 0 0 0
"67" 0 0 0 0 0 0 0 0 0 0 0 0 0 0 0 0 0 0 0 0 0 0 0 0 0 0 0 0 0 0 0 0 0 0 0 0 0 0 0 0 0 0 0 0 0 0 0 0 0 0 0 0 0.148962098731951 0 0 0 0 0 0 0 0 0 0 0 0 0 0 0 0 0 0 0 0 0 0 0 0 0.197194425493612 0 0 0 0 0 0
"68" 0 0.0590512899138176 0.0664526156696484 0 0 0 0 0 0 0 0 0 0.0928179358932783 0.0798821211469161 0 0 0 0 0.0477107868313371 0 0.0943312938582013 0 0 0 0 0.0611992899345206 0 0 0 0 0 0 0.0742555267183068 0 0 0 0 0 0 0.16617835545382 0 0.129070958875329 0 0.102196827660737 0 0 0 0 0 0 0 0 0 0 0.0809299317646962 0.0687133466508004 0 0 0 0 0 0 0 0 0.0644334916753171 0.16569141786672 0 0 0 0 0 0.0334041388492589 0 0 0 0 0 0 0 0 0 0 0.0850475576110309 0
"69" 0 0 0 0.0775361427325741 0 0 0 0 0 0 0 0.0526727442778596 0 0.109383426543525 0 0.108914422485358 0 0 0 0 0 0 0 0 0 0 0.0803429080681366 0 0 0.0643785555992245 0 0 0 0 0 0 0 0 0.0970856090045592 0 0 0 0 0 0 0 0 0 0 0 0 0 0 0 0.0708386105601463 0 0 0 0 0 0 0 0 0 0.0713934701353837 0 0 0 0 0 0 0.0712381504206657 0.107876910654692 0 0 0 0.144458839308992 0 0 0 0 0 0 0
"70" 0.086639842294322 0 0 0 0 0 0 0 0 0 0 0 0 0 0 0 0 0 0 0 0 0 0 0 0 0 0 0.0653437685846332 0.0574945040562725 0 0 0 0 0.110505366009119 0 0.100620184233648 0 0 0 0 0 0 0 0 0.0767694158752976 0 0 0 0 0 0.133162188940892 0 0 0.0580495929467152 0 0 0 0 0.084184418473336 0 0.075800500420782 0 0 0.0642276268599909 0 0 0 0 0 0 0 0 0 0 0.0761734228472193 0 0 0 0.0681801578681981 0 0 0 0 0
"71" 0 0 0 0 0 0 0 0 0 0 0 0 0 0 0 0 0 0 0 0 0 0 0 0 0.1164059025032 0 0 0 0 0 0 0.287801040563276 0 0 0.187371701331928 0 0 0 0 0 0 0 0 0 0 0 0 0 0 0 0 0 0 0 0 0 0 0 0 0 0 0.264421656549188 0 0 0 0 0 0 0 0 0 0 0 0 0 0 0 0 0 0 0 0 0 0
"72" 0 0.082781739550301 0 0 0 0 0 0 0 0 0 0 0 0.0940048937760128 0 0 0 0 0.0462357792378761 0 0 0 0 0 0 0.0735893574381681 0 0 0 0 0 0 0 0 0 0 0 0 0.0786589482658396 0 0 0 0 0 0 0 0.186814535622173 0 0 0 0 0 0 0 0.076777420595742 0.0466910345649674 0 0 0 0 0 0 0 0 0.0669894867347604 0 0 0.054582067519045 0.0862121775553816 0 0 0 0 0 0 0 0.138512042802955 0 0 0 0 0 0.0716641444684578 0
"73" 0.0797095316525407 0 0 0.0974815895988831 0 0 0 0 0 0 0 0.0760920091084128 0 0 0 0.124316055520036 0 0 0 0 0 0 0 0 0 0 0.0542020193529066 0 0 0 0 0 0 0 0 0 0 0 0.0697060242170534 0 0 0 0 0 0 0 0 0 0 0 0 0 0 0 0 0 0 0 0 0 0 0 0 0 0 0 0 0 0.0664105870648114 0 0 0 0 0 0 0 0 0 0.0450200811309291 0.0884356373572964 0 0 0 0
"74" 0 0 0 0 0 0 0 0.139188247899144 0.118661468958144 0 0 0.0361514549465405 0 0 0.140280776444855 0 0.121413309069227 0.108248835997166 0 0.114696305188585 0 0.0727861421654198 0 0 0 0 0.0681815888826234 0 0 0.100070128827763 0 0 0 0 0 0 0 0 0 0 0 0 0 0 0 0 0 0 0 0 0 0.0752282237382619 0 0 0 0 0 0.0826200883777833 0 0 0 0 0 0 0 0 0 0 0 0 0 0 0 0 0 0 0 0 0 0 0.0730634765297775 0 0 0
"75" 0.0702716892370013 0 0 0 0 0 0 0 0 0 0 0 0 0 0 0 0 0 0 0 0 0 0 0.109593349606944 0 0 0 0.0954184159475117 0.074599848015424 0 0 0 0 0.1057051945733 0 0.0736139354348722 0 0 0 0 0 0 0 0 0.0663669841916218 0 0 0 0 0 0.0811745720889514 0 0 0.0754291460247284 0 0 0 0 0.0780003033130521 0 0.0603800656691182 0 0 0.0868308750841159 0 0 0 0 0 0.0595096084012134 0 0 0 0 0 0 0 0 0.0766248559599682 0.10928271617221 0 0 0 0
"76" 0 0 0 0 0.377161139625297 0 0 0 0 0 0 0 0 0 0 0 0 0 0 0 0 0 0 0 0 0 0 0 0 0 0 0 0 0 0 0 0 0.1597755753498 0 0 0 0 0 0 0 0 0 0.142791843462418 0 0 0 0 0.135659115319885 0 0 0 0 0 0 0 0 0 0 0 0 0 0 0 0 0 0 0 0 0 0 0 0 0 0 0 0 0.11681528760866 0 0
"77" 0 0 0 0 0 0.200838119438267 0 0 0.156005306592648 0 0 0 0 0.0915300870874665 0 0 0 0 0 0 0 0 0 0 0 0 0 0 0 0.0864775577349033 0 0 0 0 0 0 0 0 0.0756080285717786 0 0 0 0 0 0 0 0.188103475758064 0 0 0 0 0 0 0 0.0807478221688174 0 0 0 0 0 0 0 0 0 0 0 0 0 0.0496070457955036 0 0 0.0673725974551601 0 0 0 0 0 0 0 0 0 0 0 0
"78" 0 0 0 0 0 0 0 0 0 0.185332672144522 0 0 0 0 0 0 0 0 0 0 0 0 0 0 0 0 0 0 0 0 0 0 0 0 0 0 0 0 0 0 0 0 0 0 0 0 0 0 0 0 0 0 0.153849457328984 0 0 0 0 0 0 0 0 0 0 0 0 0 0.517778870502361 0 0 0 0 0 0 0 0 0 0 0 0 0 0 0.0863530835008323 0 0.206181143236775
"79" 0.0757993410979045 0 0 0.0876234342852807 0 0 0 0 0 0 0 0 0 0 0 0 0 0 0 0 0 0 0 0 0 0 0 0 0.0861579023864162 0 0 0 0 0 0 0 0.0840101981896434 0 0 0 0.0700215660191517 0 0.143134612500023 0 0 0 0 0 0.136243383954446 0 0 0 0 0.0790658820266485 0 0 0.0822263718223561 0 0.0939904004101966 0 0 0 0 0 0 0 0 0 0 0.101947903031991 0 0 0.12564773650947 0 0.0573994756608957 0 0 0 0 0.0897778463851357 0 0 0 0
"80" 0.070206448385854 0 0 0.0839545311504495 0 0 0 0 0 0 0 0 0 0 0 0.119085090219051 0 0 0 0 0 0 0 0 0 0 0.0582929701006437 0 0.0919683764142792 0 0 0 0 0 0 0 0.0786301826459896 0 0 0 0 0 0 0 0 0 0 0 0 0 0 0 0 0.0709503277486412 0 0 0.0844897256907833 0 0 0 0 0 0 0 0 0 0 0 0 0 0 0 0.118385928976279 0 0.0697381936611245 0 0 0 0.0667489096200879 0 0 0 0 0
"81" 0 0 0 0 0 0 0.160669821303359 0.128194922212103 0.103266827298722 0 0 0.0572618519731848 0 0 0.106853023858753 0 0 0.0909862214110474 0 0.069006757403649 0 0.0703266922838529 0 0 0 0 0.0497786469958376 0 0 0.0746105386020061 0 0 0 0 0 0 0 0 0 0 0 0 0 0 0 0 0 0 0 0 0 0.0556334011904832 0 0 0 0 0 0 0 0 0 0 0.142814157494604 0 0 0 0 0 0 0 0 0 0 0.0683053912187036 0 0 0 0 0 0 0 0 0 0
"82" 0 0 0 0 0 0 0 0 0 0 0 0 0 0 0 0 0 0 0 0 0 0 0 0.0994530098034937 0 0 0 0 0 0 0 0 0 0 0 0 0 0.164453455859193 0 0 0 0 0 0 0.104280575477203 0 0 0.121134677677042 0 0 0 0 0.179790861597415 0 0 0 0 0 0 0 0 0 0 0.0726880625879639 0 0 0 0 0 0 0 0 0 0 0 0.203779110801944 0 0.182949132774736 0 0 0 0 0 0
"83" 0 0.0758760149860439 0.100522211018846 0 0 0 0 0 0 0 0 0 0.0847695725872801 0.096578565113959 0 0 0 0 0.061238919064679 0 0.0582877488089248 0 0 0 0 0.0558775822585417 0 0 0 0 0 0 0.105478715457519 0 0 0 0 0 0 0 0 0 0 0.103511268196379 0 0 0 0 0 0 0 0 0 0 0.0627819461009476 0.0556098647489356 0 0 0 0 0 0 0 0 0.0817811211013375 0 0 0.0576045055243976 0 0 0 0.0792483551815871 0 0 0 0 0 0 0 0 0 0 0 0
"84" 0 0 0 0 0 0 0 0 0 0.217767523581909 0 0 0 0 0 0 0 0 0 0 0 0 0 0 0 0 0 0 0 0 0 0 0 0.115423894194411 0 0.0706980586266456 0 0 0 0 0 0 0 0 0.0840199656813234 0 0 0 0 0 0.0850069980505353 0 0 0 0 0 0 0 0 0 0 0 0 0 0 0 0 0 0 0 0 0 0 0 0 0 0 0.233655658767363 0 0 0 0 0 0
