"V1" "V2" "V3" "V4" "V5" "V6" "V7" "V8" "V9" "V10" "V11" "V12" "V13" "V14" "V15" "V16" "V17" "V18" "V19" "V20" "V21" "V22" "V23" "V24" "V25" "V26" "V27" "V28" "V29" "V30" "V31" "V32" "V33" "V34" "V35" "V36" "V37" "V38" "V39" "V40" "V41" "V42"
"1" 0 0 0 0.0884808717071894 0 0 0 0 0.0619931009854477 0 0 0 0 0 0 0.0631244138150774 0 0 0 0.104129292609767 0.0988239704105207 0.0464672000228628 0 0 0 0 0 0 0 0 0.117017300363995 0 0 0 0 0 0 0.214998411586983 0.0781857336915436 0 0 0.265119259722288
"2" 0 0 0 0 0 0 0.0945771056636612 0 0 0 0 0 0 0 0.139108739345367 0 0.108563466222986 0 0.0782963516579263 0 0 0 0 0.0783784214392851 0.0579253811907411 0.0891309054795263 0 0 0 0 0.113900724533155 0 0 0 0.0799577349036397 0 0 0 0 0 0 0
"3" 0 0 0 0 0.0784852496397296 0 0.10533546332467 0.111219893272107 0 0 0 0 0 0.166726119081877 0.110227659267198 0 0 0 0 0 0 0 0 0.093693014871515 0.0701521488843489 0.102106184691357 0 0 0 0.128774189315607 0 0 0 0 0 0 0 0 0 0 0.110954898549315 0
"4" 0.112391981669119 0 0 0 0 0 0 0 0.0548165777741962 0 0 0.0950972065142818 0 0 0 0.0626190769869453 0 0 0 0.0704666974480963 0.0898902127346499 0.0639980217684292 0 0 0 0 0 0 0 0 0 0 0 0 0 0 0 0 0.0553366883156397 0 0 0.32353126358268
"5" 0 0 0.120356197428075 0 0 0 0 0.108467871011045 0 0 0.149892054844107 0 0 0.140929002647201 0 0 0.106427351177472 0.0879585387554519 0 0 0 0 0 0.11570110275467 0.0631096774527211 0 0 0.094862879236681 0.120891210082908 0 0 0 0 0 0 0.122334674358206 0 0 0 0.0940714896561737 0.153208377766436 0
"6" 0 0 0 0 0 0 0 0 0 0.097243506883358 0 0.0832509330331233 0.162550328248857 0 0 0 0 0 0 0 0 0.0539379845307633 0 0 0 0 0.122489245437543 0 0 0 0 0.121318581315257 0 0.0986692442598046 0 0 0 0 0 0 0 0
"7" 0 0.114076910595556 0.0585736177149923 0 0 0 0 0 0 0 0 0 0 0.168267058434606 0.113437216637536 0 0 0 0 0 0 0 0.198300571927371 0.0863711855627103 0 0.121898037913255 0 0 0 0.177167891863351 0 0 0.171188760264965 0 0 0 0.181548786800772 0 0 0 0 0
"8" 0 0 0.113790986462098 0 0.0512673124232602 0 0 0 0 0 0.161740520569487 0 0 0.124199751638537 0 0 0 0.0790350980359584 0 0 0 0 0 0 0.0701932058197838 0 0 0.112841846721147 0.120981541849206 0 0 0 0 0 0 0.192383237233736 0 0 0 0.115087633860963 0.128177339135612 0
"9" 0.0884966784033383 0 0 0.115614765921551 0 0 0 0 0 0.0910849302033579 0 0.0630126138840091 0 0 0 0.0481406527218212 0.0994210825349548 0 0.091886226462687 0.104867587112032 0.0882943679890219 0.0967995695118532 0 0 0 0 0.0995885324520738 0 0 0 0.080648962368364 0.0774050709512987 0 0.0652632567163775 0.0750568642861867 0 0 0 0.0808892289431225 0 0 0
"10" 0 0 0 0 0 0.095387020661909 0 0 0.0600210283404949 0 0 0.0947711808914171 0.124591287522206 0 0 0.0685687133353764 0 0 0 0 0 0.0667032678538914 0 0 0 0 0.0868003421515999 0 0 0 0 0.090402105052305 0 0.102032795981775 0.0694446282798212 0 0 0 0.0713376405251314 0 0 0
"11" 0 0 0 0 0.0812099292303204 0 0 0.0997149180516464 0 0 0 0 0 0 0 0 0 0.0650076180928947 0 0 0 0 0 0 0 0 0 0.107858495605015 0.116493463537849 0 0 0 0 0 0 0.120719858200889 0 0.234933794207288 0 0.148421816853664 0 0
"12" 0 0 0 0.133634361550033 0 0.171427783876863 0 0 0.0541062333744021 0.0686647472422663 0 0 0.0946536038595052 0 0 0.053046873864766 0 0 0 0 0.0602751258934454 0.074671226883218 0 0 0 0 0.104764452390815 0 0 0 0 0.092906193678725 0 0.0922605680921904 0.0867057920198923 0 0 0 0.060482384288749 0 0 0
"13" 0 0 0 0 0 0.133207944814014 0 0 0 0.110122947791597 0 0.0839701746693951 0 0 0 0 0 0 0 0 0 0.0784574151346837 0 0 0 0 0.111739771189382 0 0 0 0 0.109591842654477 0 0.108973588630369 0 0 0 0 0.0595471584443044 0 0 0
"14" 0 0 0.116261954697525 0 0.0569936756421821 0 0.121202671178698 0.0851882449105879 0 0 0 0 0 0 0 0 0 0 0 0 0 0 0 0.127004036557497 0 0 0 0 0 0.142507885500705 0 0 0 0 0 0 0 0 0 0 0.142768938410452 0
"15" 0 0.0883269829416845 0.0909954107543574 0 0 0 0.0866388003589186 0 0 0 0 0 0 0 0 0 0.109238592042222 0 0.103267215461562 0 0 0 0 0.0812642211504007 0.0829359113763105 0.12214723721235 0 0 0 0 0 0 0 0 0.0685989718771493 0 0 0 0 0 0 0
"16" 0.0650419118830968 0 0 0.141894414191814 0 0 0 0 0.0974175011849074 0.118957962860015 0 0.0975173993771029 0 0 0 0 0.0963472925018384 0 0.0878345114702863 0.080146034863543 0.0738057761469499 0.0766548115270377 0 0 0 0 0.120844547220162 0 0 0 0.0864807206095331 0.0880276272791792 0 0.0944238326436343 0.0721498734908679 0 0 0 0.0672521974834533 0 0 0
"17" 0 0.112652739026092 0 0 0.0682455091387106 0 0 0 0.0698228045262449 0 0 0 0 0 0.104647745093948 0.0633977499593996 0 0.091923018618996 0.0468315604275817 0.0598204228515744 0 0 0 0.074735947354822 0.0496867713495718 0 0 0 0 0 0.0497040025476094 0 0 0 0.0748270774308047 0 0 0 0 0 0 0
"18" 0 0 0 0 0.0514212099425106 0 0 0.0933211515924347 0 0 0.11415931094724 0 0 0 0 0 0.0711173975130205 0 0 0 0 0 0 0 0.0583543402900638 0 0 0.127200096261882 0.0942315958702881 0 0.0759511944645082 0 0 0 0 0.186810829085091 0 0.205880375353124 0 0.155222898115831 0 0
"19" 0 0.124934753395805 0 0 0 0 0 0 0.0547748612363192 0 0 0 0 0 0.0625298506334487 0.0727529380149002 0.092084532765401 0 0 0.0519102410651886 0.0749245578163757 0 0 0.0522524047206438 0.0951620848061991 0 0 0 0 0 0.106497223827781 0 0 0 0.0730857864258767 0 0 0 0.0691168088248664 0 0 0
"20" 0.139327491917568 0 0 0.111405213507607 0 0 0 0 0.0655884169747305 0 0 0 0 0 0 0.0552292519718369 0.0585078508377514 0 0.0761612294915752 0 0.077746177148638 0.0719926898378678 0 0 0.0652265044195904 0 0 0 0 0 0.0589079154721941 0 0 0 0.0686362530125888 0 0 0 0.0924422444239971 0 0 0
"21" 0.106502862972894 0 0 0.0730578501587269 0 0 0 0 0.0707315297528145 0 0 0.0686067630811055 0 0 0 0.05355487359163 0 0 0.0870796802263609 0.0759018887406933 0 0.0525017161069629 0 0 0 0 0 0 0 0 0.0641424782549088 0 0 0 0.0718017460058382 0 0 0 0.0736959475679641 0 0 0.211783769615186
"22" 0.0986949985796391 0 0 0.140533058053227 0 0.109605723866635 0 0 0.051666372001641 0.0647494165983493 0 0.0724144495899161 0.116455971275809 0 0 0.076603919630128 0 0 0 0.0713590448272243 0.0721496405814756 0 0 0 0 0 0.108310005774384 0 0 0 0 0.0811090027049477 0 0.108045478784267 0.0804060870652668 0 0 0 0.0523463241065072 0 0 0
"23" 0 0 0 0 0 0 0.131123261606463 0 0 0 0 0 0 0 0 0 0 0 0 0 0 0 0 0 0 0.119261898934897 0 0 0 0 0 0 0.239526806337946 0 0 0 0.195373924790717 0 0 0 0 0
"24" 0 0.111123608059243 0.128184370398954 0 0.087966294001242 0 0.0977558737022747 0 0 0 0 0 0 0.156677656709866 0.076664125385195 0 0.0898840127911147 0 0.0846567519866173 0 0 0 0 0 0.0613143249652685 0.0880106051653745 0 0 0 0.153621513361967 0 0 0 0 0 0 0 0 0 0 0.155330475963546 0
"25" 0 0.084691224203288 0.0744574597928492 0 0.100345192249247 0 0 0.112639714790851 0 0 0 0 0 0 0.141376806628832 0 0.114046791800743 0.078343280475591 0.0929301882713001 0.0929307767476912 0 0 0 0.074977560285873 0 0 0 0 0.104207737998887 0 0.0928210108471446 0 0 0 0 0 0 0 0 0.0791154315720494 0.134495864392416 0
"26" 0 0.101553214968705 0.117526621050107 0 0 0 0.128624828035561 0 0 0 0 0 0 0 0.111519398769958 0 0 0 0 0 0 0 0.253285772056879 0.0895495088286441 0 0 0 0 0 0.112316737797655 0 0 0.250775090888374 0 0 0 0.153570398959137 0 0 0 0 0
"27" 0 0 0 0 0 0.153579174261336 0 0 0.07072945819705 0.0474584495484762 0 0.0948370160198982 0.0988665515862755 0 0 0.0795434243443036 0 0 0 0 0 0.0702373664283893 0 0 0 0 0 0 0 0 0 0.0768730725724679 0 0.123861622649385 0 0 0 0 0.0514579502992341 0 0 0
"28" 0 0 0 0 0.0920337055800423 0 0 0.095137567215654 0 0 0.124462423466082 0 0 0 0 0 0 0.107358176032285 0 0 0 0 0 0 0 0 0 0 0.136870974958571 0 0 0 0 0 0 0.117052987362622 0 0.217271700989454 0 0.134658733665766 0 0
"29" 0 0 0 0 0.0688464606082585 0 0 0.093990369065157 0 0 0.118778792991916 0 0 0 0 0 0 0.0822555540156619 0 0 0 0 0 0 0.0757131672198938 0 0 0.114279255616396 0 0 0 0 0 0 0 0.113290922412305 0 0 0 0.137354825155531 0 0
"30" 0 0 0.103555963361972 0 0 0 0.109146366016253 0 0 0 0 0 0 0.146570217747423 0 0 0 0 0 0 0 0 0 0.0833270355515541 0 0.127424407473574 0 0 0 0 0 0 0 0 0 0 0.213186150087893 0 0 0 0.144277461263053 0
"31" 0.107847512088877 0.109774238570279 0 0 0 0 0 0 0.0664031727384309 0 0 0 0 0 0 0.0705746565204426 0.081667131413364 0.113533072969366 0.0851405921246822 0.111363059130708 0.0988452152227005 0 0 0 0.0743406766598051 0 0 0 0 0 0 0 0 0 0.110475267844696 0 0 0 0.0630148894128469 0 0 0
"32" 0 0 0 0 0 0.115473510632603 0 0 0.0846401275107801 0.110321429303088 0 0.0805402805134686 0.130888044792685 0 0 0.0801212121603381 0 0 0 0 0 0.0683945838831297 0 0 0 0 0.121198230389831 0 0 0 0 0 0 0.0870694778980225 0 0 0 0 0.0446446988619625 0 0 0
"33" 0 0 0 0 0 0 0.121153161546453 0 0 0 0 0 0 0 0 0 0 0 0 0 0 0 0.199211496330277 0 0 0.117422401695379 0 0 0 0 0 0 0 0 0 0 0.21509706399921 0 0 0 0 0
"34" 0 0 0 0 0 0.147333396976757 0 0 0.0638523178460885 0.0953869678376502 0 0.0608190729146528 0.136117572823639 0 0 0.0573679940349783 0 0 0 0 0 0.0694856252979042 0 0 0 0 0.0868407334630359 0 0 0 0 0.0923363682965607 0 0 0 0 0 0 0.0743218452366908 0 0 0
"35" 0 0.0928335370027072 0 0 0 0 0 0 0.0615450960503931 0.0897202815487055 0 0.0286484316685492 0 0 0.12518031375196 0.0500808460989802 0.0938060644740376 0 0.0876778806252703 0.0757030141259978 0.114189234473803 0.0776561521940674 0 0 0 0 0 0 0 0 0.088457729077565 0 0 0 0 0 0 0 0.0645271819489622 0 0 0
"36" 0 0 0 0 0.0741077621290149 0 0 0.101978030913208 0 0 0.0875445321311203 0 0 0 0 0 0 0.0924942387589656 0 0 0 0 0 0 0 0 0 0.092818400003486 0.11938111133763 0 0 0 0 0 0 0 0 0 0 0.140350361716625 0 0
"37" 0 0 0 0 0 0 0.092618841174063 0 0 0 0 0 0 0 0 0 0 0 0 0 0 0 0.264504247153424 0 0 0.0854733283619188 0 0 0 0.154325585408141 0 0 0.18438388605367 0 0 0 0 0 0 0 0 0
"38" 0.104659482262194 0 0 0 0 0 0 0 0 0 0.123886994387609 0 0 0 0 0 0 0.0816544436759079 0 0 0 0 0 0 0 0 0 0.120161966810288 0 0 0 0 0 0 0 0 0 0 0 0 0 0.28451486393701
"39" 0.113389442560597 0 0 0.110958824621272 0 0 0 0 0.0343174215669839 0.0919556633984363 0 0.0816705459296994 0.122156805580222 0 0 0.0618233543667748 0 0 0.0940334328259122 0.0740991695852484 0.079279921758763 0.0649284135549394 0 0 0 0 0.0927062139755762 0 0 0 0.101910246542768 0.0679688384537177 0 0.135852580989711 0.0791998484213377 0 0 0 0 0 0 0
"40" 0 0 0 0 0.0521382023638514 0 0 0.0928906920010291 0 0 0.099983746266704 0 0 0 0 0 0 0.108102398427394 0 0 0 0 0 0 0.0618540136170317 0 0 0.113186632195007 0.16947953857029 0 0 0 0 0 0 0.129801081967242 0 0 0 0 0 0
"41" 0 0 0.112009928226258 0 0.0625534732445385 0 0 0.0835668550015195 0 0 0 0 0 0.140350933958657 0 0 0 0 0 0 0 0 0 0.0925235089797345 0.0295012957386955 0 0 0 0 0.125767655604269 0 0 0 0 0 0 0 0 0 0 0 0
"42" 0.102365734784709 0 0 0.167212142852058 0 0 0 0 0 0 0 0 0 0 0 0 0 0 0 0 0.0928074977524383 0 0 0 0 0 0 0 0 0 0 0 0 0 0 0 0 0.210851047828723 0 0 0 0
