"V1" "V2" "V3" "V4" "V5" "V6" "V7" "V8" "V9" "V10" "V11" "V12" "V13" "V14" "V15" "V16" "V17" "V18" "V19" "V20" "V21" "V22" "V23" "V24" "V25" "V26" "V27" "V28" "V29" "V30" "V31" "V32" "V33" "V34" "V35" "V36" "V37" "V38" "V39" "V40" "V41" "V42" "V43" "V44" "V45" "V46" "V47" "V48" "V49" "V50" "V51" "V52" "V53" "V54" "V55" "V56" "V57" "V58" "V59" "V60" "V61" "V62" "V63" "V64" "V65" "V66" "V67" "V68" "V69" "V70" "V71" "V72" "V73" "V74" "V75" "V76" "V77" "V78" "V79" "V80" "V81" "V82" "V83" "V84"
"1" 0 0 0 0 0 0 0 0 0 0 0.204994544695664 0 0 0 0 0.204447587188153 0 0 0 0 0 0 0 0 0 0 0 0 0 0 0 0 0 0 0 0 0 0 0 0 0 0 0 0 0 0.110597965281936 0 0 0 0 0 0 0 0 0 0 0 0 0 0 0 0 0 0 0.292749311811358 0 0 0 0 0 0 0.292821403532662 0 0 0 0 0 0 0 0 0 0 0 0
"2" 0 0 0 0 0 0 0 0.215234575419434 0 0 0 0 0 0 0 0 0 0 0 0 0 0 0 0 0.191285089461784 0 0 0.30458743091562 0 0 0 0 0 0 0 0 0 0 0 0 0 0 0.0948234846561364 0 0 0 0 0 0 0 0 0 0 0 0.152077822208291 0 0 0 0 0 0 0 0 0 0 0 0 0 0 0 0 0 0 0 0 0 0 0 0 0 0.53483416514179 0 0.12164788909425 0
"3" 0 0 0 0 0 0 0 0 0 0 0 0 0 0 0 0 0 0 0 0 0 0 0 0 0 0.102475854646356 0 0 0.177302240826806 0 0 0.168656094092801 0 0 0 0 0 0 0 0 0 0 0 0 0 0 0 0 0 0 0 0 0 0 0 0 0 0 0 0 0 0 0 0 0 0 0 0 0 0 0 0 0 0 0 0 0 0 0 0 0 0 0 0
"4" 0 0 0 0 0 0 0 0 0 0 0 0 0 0 0 0 0 0 0 0 0 0 0 0 0.23519163840986 0 0.149519733145729 0 0.154650773076227 0 0.209705747820352 0 0 0 0 0 0 0 0 0 0 0 0 0 0 0.0840659833736515 0 0 0 0 0 0.313875658101008 0 0 0 0 0 0 0 0 0 0 0 0 0 0 0 0 0 0 0 0 0 0.169721472933367 0 0.150721610331512 0 0 0 0 0 0 0 0
"5" 0 0 0 0 0 0 0 0 0 0 0 0 0 0 0 0 0 0 0 0 0 0 0 0.168282760382861 0 0 0 0 0 0 0 0 0 0 0 0 0 0 0 0 0.185980145112706 0 0 0 0.344156218016971 0 0 0 0 0 0 0 0 0 0 0 0 0 0 0 0 0 0 0 0 0 0 0 0 0 0 0 0 0 0 0 0 0.141785603366619 0 0 0 0 0 0
"6" 0 0 0 0 0 0 0 0 0 0 0 0 0 0 0 0 0.318461057605448 0 0.106192452929646 0 0 0.266821325560006 0 0 0 0 0 0 0 0 0 0 0.209933001338928 0 0 0 0 0 0 0 0 0 0 0 0 0 0 0 0 0 0 0 0 0 0 0 0.123916674692434 0 0 0 0 0 0 0 0 0 0 0 0 0 0 0 0 0.281584843478129 0 0 0 0 0 0 0 0 0 0
"7" 0 0 0 0 0 0 0 0 0 0 0 0 0 0 0 0 0 0 0 0 0 0 0 0 0 0 0 0 0 0 0 0 0 0 0 0.175905144196275 0.130097353964254 0 0 0 0 0 0 0.197303209978591 0 0 0 0 0 0.0937081787803463 0 0 0 0 0.196964468486385 0 0 0 0 0 0.151456008704081 0 0 0 0 0 0 0 0.197193584633507 0 0 0 0 0 0 0 0 0 0 0 0 0 0 0
"8" 0 0.174486499229923 0 0 0 0 0 0 0 0 0 0 0 0 0 0 0 0 0 0 0 0 0 0 0 0 0 0 0 0 0 0 0 0 0.111805927251966 0 0 0 0 0 0 0 0 0 0 0.105058353332358 0 0 0 0 0 0 0 0 0 0 0 0 0 0 0 0 0 0 0 0 0 0 0 0 0 0 0.311848386449507 0 0 0.221899186902254 0 0 0 0 0 0 0 0
"9" 0 0 0 0 0 0 0 0 0 0 0 0 0 0 0 0 0 0 0.103081123284608 0 0 0 0 0 0 0 0 0 0 0 0 0 0 0 0 0 0 0 0 0 0 0 0 0 0 0 0 0 0 0 0 0 0 0 0 0 0 0 0 0 0.147128310951328 0 0 0 0 0 0 0 0 0 0 0 0 0 0 0 0 0 0 0 0 0 0 0
"10" 0 0 0 0 0 0 0 0 0 0 0 0.173743516274699 0 0 0 0 0 0 0.0715552260907141 0 0 0 0 0 0 0 0 0 0 0 0 0 0 0 0 0 0 0 0 0 0 0 0 0 0 0 0.240703125357684 0 0.2234745746713 0.0967113466228279 0 0 0 0 0 0.120675958706722 0 0 0 0 0.130982549633617 0 0 0 0 0 0 0 0 0 0 0 0 0 0 0 0 0 0 0 0 0 0 0
"11" 0.213880971101966 0 0 0 0 0 0 0 0 0 0 0 0 0 0 0 0 0 0.101407796036998 0 0 0 0 0.0936822203126365 0 0 0 0 0 0 0 0 0 0 0 0 0 0 0 0 0 0 0 0 0 0 0 0 0 0 0 0 0 0 0 0 0 0 0 0 0 0 0.240534132541717 0 0 0 0 0 0 0 0 0 0 0 0 0 0 0 0 0 0 0 0.16258404507057 0
"12" 0 0 0 0 0 0 0 0 0 0.164140931649808 0 0 0 0 0 0 0 0 0 0.13141613331237 0 0 0 0 0 0 0 0 0 0 0 0 0 0 0 0 0 0 0 0 0 0.0975512071307108 0 0 0 0 0 0 0 0 0 0 0 0 0 0 0 0 0 0 0 0 0 0 0 0 0 0.304409840337477 0 0 0 0 0 0 0.227430171950905 0 0 0 0 0 0 0 0.116991549456631 0
"13" 0 0 0 0 0 0 0 0 0 0 0 0 0 0 0 0 0 0 0 0 0 0 0 0 0 0.0946202382971086 0 0 0 0 0 0 0 0 0 0 0 0 0 0 0 0 0 0 0 0 0 0 0 0 0 0 0 0 0 0 0 0.293520146636851 0 0 0 0 0 0 0.303463342659133 0 0 0 0 0 0 0 0 0 0 0 0 0 0 0 0 0.125654281246015 0 0
"14" 0 0 0 0 0 0 0 0 0 0 0 0 0 0 0 0 0 0 0 0 0 0 0 0 0 0 0 0 0 0 0 0 0 0 0 0.149231133521893 0 0 0 0 0 0 0 0 0 0 0 0.28296788788635 0.228718120215807 0 0 0 0 0 0 0 0 0 0 0 0 0 0 0.152521108337894 0 0 0 0 0 0 0 0 0 0 0 0.162117711713713 0 0 0 0 0 0 0 0
"15" 0 0 0 0 0 0 0 0 0 0 0 0 0 0 0 0 0 0 0 0 0 0 0 0 0 0 0 0 0 0 0 0 0 0 0 0 0 0 0 0 0 0 0 0 0 0 0 0 0 0 0 0 0 0 0 0 0 0 0 0 0 0 0 0.196799739561445 0 0 0 0 0 0 0 0 0 0.287652729761477 0 0 0 0 0.426642906839909 0 0 0 0 0
"16" 0.177976014901457 0 0 0 0 0 0 0 0 0 0 0 0 0 0 0 0 0.109998789252858 0 0 0 0 0 0 0 0 0 0 0 0 0 0.1906926224472 0 0 0 0 0 0 0 0 0 0 0 0 0 0 0 0 0 0 0 0 0 0 0 0 0 0 0 0 0 0 0 0 0 0 0.514934679491863 0 0 0 0 0 0 0 0 0 0 0 0 0 0 0 0 0
"17" 0 0 0 0 0 0.137696697690308 0 0 0 0 0 0 0 0 0 0 0 0 0.0596561089378791 0 0 0 0 0.206812810350221 0 0 0 0 0 0 0 0 0 0 0 0 0 0 0 0 0 0 0 0 0 0 0 0 0 0.141453980476283 0 0 0 0 0 0 0 0 0 0 0 0 0 0 0 0 0 0 0 0 0 0 0 0 0 0 0 0 0 0 0 0 0 0
"18" 0 0 0 0 0 0 0 0 0 0 0 0 0 0 0 0.130447388919552 0 0 0 0 0 0 0 0 0 0 0 0 0 0 0 0 0 0 0 0.154452240063675 0.123266556618191 0 0 0 0 0 0 0 0 0 0 0 0 0 0.152202437092517 0 0 0 0 0 0 0 0 0 0 0 0 0 0 0 0 0 0 0 0 0 0 0.207197033899716 0 0 0 0 0 0 0 0.166664046679128 0 0.119182985519574
"19" 0 0 0 0 0 0.205534838414408 0 0 0.570446160389019 0.147580710506702 0.195020972674186 0 0 0 0 0 0.332402818633519 0 0 0 0 0 0 0 0 0 0 0 0 0 0 0 0 0 0 0 0.175964010268354 0 0 0 0 0 0 0 0 0.0994213070811967 0 0 0 0 0 0.32196259161961 0.087350746379788 0 0 0 0 0 0 0 0 0.298193802269122 0 0.151717916654008 0 0 0 0 0 0 0 0 0 0 0 0 0 0 0 0 0 0 0 0
"20" 0 0 0 0 0 0 0 0 0 0 0 0.212462882800949 0 0 0 0 0 0 0 0 0 0 0 0 0.167965863716184 0 0 0 0.128786784973706 0 0 0 0 0 0 0 0 0 0 0 0 0 0 0.273066081699137 0 0.0947546785820101 0 0 0 0.112738482967071 0 0 0 0 0 0 0 0 0 0 0 0 0.15812242523445 0 0 0 0 0 0 0 0 0 0 0 0 0 0 0 0 0 0 0 0 0
"21" 0 0 0 0 0 0 0 0 0 0 0 0 0 0 0 0 0 0 0 0 0 0 0 0 0 0 0 0 0 0 0 0 0.245510003208497 0 0 0 0 0 0 0 0 0 0 0 0 0 0 0 0 0 0 0 0 0 0.184378457194472 0 0 0 0 0 0 0 0.190001182760433 0 0 0 0 0 0 0 0 0 0 0 0 0 0.248785949270667 0 0 0 0 0 0 0
"22" 0 0 0 0 0 0.177522719161513 0 0 0 0 0 0 0 0 0 0 0 0 0 0 0 0 0 0 0 0.112730035652086 0 0 0 0 0 0 0 0 0 0 0 0 0 0 0 0 0.104818921832119 0 0 0 0 0 0 0 0 0 0 0 0 0 0.151723661633299 0 0 0 0 0 0 0 0 0 0 0 0 0 0 0 0 0 0 0 0 0 0 0 0 0 0 0
"23" 0 0 0 0 0 0 0 0 0 0 0 0 0 0 0 0 0 0 0 0 0 0 0 0 0 0 0 0 0 0 0 0 0 0 0 0 0 0 0 0 0 0 0 0 0 0 0 0 0 0 0 0 0 0 0 0 0 0 0 0.134773717210063 0 0 0 0 0 0 0 0.298333309092563 0 0 0 0 0 0 0 0 0 0 0 0 0 0 0 0
"24" 0 0 0 0 0.193837002678995 0 0 0 0 0 0.127154517015868 0 0 0 0 0 0.217482314874374 0 0 0 0 0 0 0 0 0 0 0 0 0 0 0 0 0 0 0 0 0 0 0 0 0 0 0 0 0 0.302615829373661 0 0 0 0 0 0.085724962320382 0 0.181131356976515 0 0 0 0 0 0 0 0 0 0 0 0 0 0 0 0 0.198072162520949 0 0 0 0 0 0 0 0 0 0 0 0
"25" 0 0.147836431389118 0 0.13125240377915 0 0 0 0 0 0 0 0 0 0 0 0 0 0 0 0.126447780019478 0 0 0 0 0 0 0 0 0 0 0 0 0 0 0 0 0 0 0 0 0 0 0 0 0 0 0 0 0 0 0 0 0.0847104493399101 0 0 0 0 0 0.278652989115214 0 0 0 0 0 0 0 0 0 0 0 0 0 0 0 0 0 0 0 0 0 0 0 0 0
"26" 0 0 0.256787673811421 0 0 0 0 0 0 0 0 0 0.171564968824018 0 0 0 0 0 0 0 0 0.344898938437674 0 0 0 0 0.156922343420515 0 0 0 0 0 0 0 0 0 0 0 0 0 0 0 0 0 0 0 0 0 0 0 0 0 0 0 0 0 0 0 0 0.15808157707542 0.0893023477825885 0 0 0 0 0.257782311453509 0 0 0 0 0 0 0 0 0 0 0.241223267718433 0 0 0 0 0 0 0
"27" 0 0 0 0.147156830015421 0 0 0 0 0 0 0 0 0 0 0 0 0 0 0 0 0 0 0 0 0 0.0943761703438103 0 0 0 0 0 0 0 0 0 0.132187864200375 0 0 0 0 0 0 0 0 0 0 0 0 0 0.171781113778601 0 0 0 0 0 0 0.156588394560287 0 0 0 0 0 0 0 0 0 0.553021575938005 0 0 0 0 0 0 0 0 0 0 0 0 0 0 0 0 0
"28" 0 0.149730866051957 0 0 0 0 0 0 0 0 0 0 0 0 0 0 0 0 0 0 0 0 0 0 0 0 0 0 0 0 0 0 0 0 0 0 0 0 0 0 0 0 0 0 0 0 0 0 0 0 0 0 0 0 0 0 0 0 0 0 0 0.372233829726866 0 0 0.239733138400167 0 0 0 0 0 0 0 0 0 0 0 0 0 0 0 0 0 0 0
"29" 0 0 0.265491947312005 0.152434353098423 0 0 0 0 0 0 0 0 0 0 0 0 0 0 0 0.12554769398388 0 0 0 0 0 0 0 0 0 0 0 0 0 0 0 0 0.0955111711147568 0 0 0 0.243993731690894 0 0 0 0 0 0 0 0 0 0 0 0 0 0 0 0 0 0 0 0 0 0 0 0 0 0 0 0 0 0 0 0 0 0.227420610589005 0 0 0 0 0 0 0 0 0
"30" 0 0 0 0 0 0 0 0 0 0 0 0 0 0 0 0 0 0 0 0 0 0 0 0 0 0 0 0 0 0 0 0 0 0 0 0 0 0 0 0 0.223966884350034 0 0 0 0 0 0 0 0 0 0 0 0 0 0 0 0.121769568969422 0 0 0.139825623808592 0 0 0 0 0 0.205947946387731 0 0 0 0 0 0 0 0 0 0 0 0 0 0 0 0 0 0
"31" 0 0 0 0.137721155479018 0 0 0 0 0 0 0 0 0 0 0 0 0 0 0 0 0 0 0 0 0 0 0 0 0 0 0 0 0 0 0 0 0 0 0 0 0 0 0 0 0.392004868192819 0 0 0 0 0.128308850354457 0 0 0 0 0 0 0 0 0 0 0 0.16666670444656 0 0 0 0 0 0 0 0 0 0 0 0 0 0 0 0 0 0 0 0 0 0.115898153913602
"32" 0 0 0.298545048573155 0 0 0 0 0 0 0 0 0 0 0 0 0.35159983941511 0 0 0 0 0 0 0 0 0 0 0 0 0 0 0 0 0 0 0 0 0 0 0 0 0 0 0 0 0 0 0 0 0 0 0 0 0 0 0 0 0.127146592094958 0 0 0 0 0 0 0 0 0.204685568032072 0 0.272047707876344 0.138418855130548 0 0 0 0 0 0 0 0 0 0 0 0 0 0 0
"33" 0 0 0 0 0 0.195205040615001 0 0 0 0 0 0 0 0 0 0 0 0 0 0 0.285048296923536 0 0 0 0 0 0 0 0 0 0 0 0 0 0 0 0 0 0 0 0 0 0 0 0 0 0 0 0 0 0 0 0 0 0 0 0.0844100486733916 0 0 0 0 0 0 0 0 0 0 0 0 0 0.177617823930596 0 0 0 0 0 0 0 0 0 0 0.153267205555753 0 0
"34" 0 0 0 0 0 0 0 0 0 0 0 0 0 0 0 0 0 0 0 0 0 0 0 0 0 0 0 0 0 0 0 0 0 0 0 0 0 0 0 0 0 0 0 0 0 0 0 0 0 0 0 0 0.0888437647095244 0 0 0 0.128397467297056 0 0 0 0 0 0 0 0 0 0 0 0 0.163298352811517 0 0 0 0 0 0 0 0 0 0 0 0 0 0
"35" 0 0 0 0 0 0 0 0.244643603777077 0 0 0 0 0 0 0 0 0 0 0 0 0 0 0 0 0 0 0 0 0 0 0 0 0 0 0 0 0 0 0.387035897624123 0 0.115435691597579 0 0 0.214486077379424 0 0 0 0 0 0 0 0 0.121884994667154 0 0 0 0 0 0 0 0 0 0 0 0.212139296737004 0 0 0 0 0 0 0 0 0 0 0 0 0 0 0 0 0 0.107691020597006 0
"36" 0 0 0 0 0 0 0.163312869617577 0 0 0 0 0 0 0.211097379151248 0 0 0 0.161261742138277 0 0 0 0 0 0 0 0 0.178662028705542 0 0 0 0 0 0 0 0 0 0.117680920117246 0 0 0 0 0 0 0 0 0 0 0 0.174329907484274 0 0 0.178214809470503 0 0 0 0 0 0 0 0 0 0 0 0 0 0 0 0 0 0 0 0 0 0 0 0 0 0 0 0 0 0 0 0
"37" 0 0 0 0 0 0 0.198498141183208 0 0 0 0 0 0 0 0 0 0 0.175369570226194 0.0834766613119872 0 0 0 0 0 0 0 0 0 0.176791315244966 0 0 0 0 0 0 0.0920145599590924 0 0 0 0 0 0 0 0 0 0 0.213016178884049 0 0 0 0 0 0 0 0 0 0 0 0 0 0 0 0 0 0 0 0 0 0 0 0 0 0 0 0 0 0 0.162002848589112 0 0 0 0.176637216764424 0 0
"38" 0 0 0 0 0 0 0 0 0 0 0 0 0 0 0 0 0 0 0 0 0 0 0 0 0 0 0 0 0 0 0 0 0 0 0 0 0 0 0 0 0 0 0 0 0 0 0 0 0.154961203638123 0 0 0 0 0 0 0 0 0 0 0 0 0 0 0 0 0 0 0 0 0 0 0 0 0 0 0 0 0.103927095286227 0 0.215509570846144 0 0 0 0
"39" 0 0 0 0 0 0 0 0 0 0 0 0 0 0 0 0 0 0 0 0 0 0 0 0 0 0 0 0 0 0 0 0 0 0 0.108091279891359 0 0 0 0 0 0 0 0.114255193672251 0 0 0 0 0 0 0 0 0 0 0 0 0 0.100494830424819 0 0 0 0 0 0 0 0 0 0 0 0 0 0 0 0 0 0 0 0 0 0 0 0 0 0 0
"40" 0 0 0 0 0 0 0 0 0 0 0 0 0 0 0 0 0 0 0 0 0 0 0 0 0 0 0 0 0 0 0 0 0 0 0 0 0 0 0 0 0 0 0 0 0 0 0 0 0 0 0 0 0.0720532641084867 0 0 0 0 0 0 0 0 0 0 0 0 0 0 0 0 0.144554613685134 0 0 0 0 0 0 0 0 0 0 0 0 0 0
"41" 0 0 0 0 0.257160904763751 0 0 0 0 0 0 0 0 0 0 0 0 0 0 0 0 0 0 0 0 0 0 0 0.164018266585235 0.182498033708242 0 0 0 0 0.12372772561948 0 0 0 0 0 0 0 0 0 0 0 0 0 0 0 0 0 0 0 0 0 0 0 0 0 0 0 0 0 0 0 0 0 0 0 0 0 0.162082045254975 0 0 0 0 0 0 0 0.54301891017917 0 0 0
"42" 0 0 0 0 0 0 0 0 0 0 0 0.206031573754424 0 0 0 0 0 0 0 0 0 0 0 0 0 0 0 0 0 0 0 0 0 0 0 0 0 0 0 0 0 0 0 0 0 0.115332739457257 0 0 0 0 0 0 0 0 0 0 0 0 0 0 0 0 0.157766888296928 0 0 0 0 0.329375617632769 0 0.121645729225783 0 0 0 0 0 0 0 0 0 0 0 0 0 0
"43" 0 0.122337869396348 0 0 0 0 0 0 0 0 0 0 0 0 0 0 0 0 0 0 0 0.2307638265643 0 0 0 0 0 0 0 0 0 0 0 0 0 0 0 0 0.345356669388192 0 0 0 0 0.211021744133005 0 0 0 0 0 0.110735911786322 0 0 0 0 0 0 0 0 0.298420294967422 0 0 0 0.205575771102968 0 0 0 0 0 0 0.0979464380487857 0 0 0 0 0 0 0 0 0 0 0 0 0.215518202483393 0
"44" 0 0 0 0 0 0 0.117729813445025 0 0 0 0 0 0 0 0 0 0 0 0 0.125374352815812 0 0 0 0 0 0 0 0 0 0 0 0 0 0 0.132061446116444 0 0 0 0 0 0 0 0.128002187493902 0 0 0 0 0 0 0 0 0 0 0 0 0 0 0 0 0 0 0 0 0 0 0 0 0 0 0 0 0 0.209493973996324 0 0 0 0 0 0 0 0 0 0 0
"45" 0 0 0 0 0.309969191359919 0 0 0 0 0 0 0 0 0 0 0 0 0 0 0 0 0 0 0 0 0 0 0 0 0 0.174262581505607 0 0 0 0 0 0 0 0 0 0 0 0 0 0 0 0 0 0 0 0 0 0 0 0 0 0 0 0 0 0 0 0 0 0 0 0 0 0 0 0 0 0 0 0 0 0 0.100083927624184 0 0 0 0 0 0
"46" 0.219910826472861 0 0 0.0851467367040937 0 0 0 0.14820736902038 0 0 0 0 0 0 0 0 0 0 0.106041871732327 0.183423389735281 0 0 0 0 0 0 0 0 0 0 0 0 0 0 0 0 0 0 0 0 0 0.180604435128037 0 0 0 0 0 0 0 0 0 0 0 0 0 0.12720383105284 0 0 0 0 0 0 0 0 0 0 0 0 0 0 0 0 0 0 0 0.130678835316292 0 0 0 0 0 0.143138808515412 0 0
"47" 0 0 0 0 0 0 0 0 0 0.199471273571811 0 0 0 0 0 0 0 0 0 0 0 0 0 0.0938548017300569 0 0 0 0 0 0 0 0 0 0 0 0 0.0847622258658337 0 0 0 0 0 0 0 0 0 0 0 0 0 0 0 0 0 0 0 0 0 0 0 0 0 0 0 0 0 0 0 0 0 0 0 0 0 0 0 0 0 0 0.229998799142528 0 0 0 0
"48" 0 0 0 0 0 0 0 0 0 0 0 0 0 0.215378941137939 0 0 0 0 0 0 0 0 0 0 0 0 0 0 0 0 0 0 0 0 0 0 0 0 0 0 0 0 0 0 0 0 0 0 0 0 0 0.291524984740433 0 0 0 0 0 0 0 0 0 0 0 0 0 0 0 0 0 0 0.193619268243507 0 0 0 0 0 0 0 0 0 0 0 0 0
"49" 0 0 0 0 0 0 0 0 0 0.167689275977743 0 0 0 0.216352621650057 0 0 0 0 0 0 0 0 0 0 0 0 0 0 0 0 0 0 0 0 0 0.161102841957719 0 0.343430003449311 0 0 0 0 0 0 0 0 0 0 0 0 0 0 0 0 0 0 0 0 0 0 0 0 0 0 0 0 0 0 0 0.190198443478904 0 0 0 0 0 0 0 0 0 0 0 0 0 0
"50" 0 0 0 0 0 0 0.162153979393154 0 0 0.122519257482843 0 0 0 0 0 0 0.214506505160113 0 0 0.111145794222224 0 0 0 0 0 0 0.231555676558478 0 0 0 0.239285608054142 0 0 0 0 0 0 0 0 0 0 0 0.0991561410024827 0 0 0 0 0 0 0 0 0 0 0 0 0 0 0 0 0 0 0 0 0 0 0 0 0 0 0 0.174463421582599 0 0 0 0 0 0 0 0 0 0 0 0 0.120501880702614
"51" 0 0 0 0 0 0 0 0 0 0 0 0 0 0 0 0 0 0.161325719252292 0 0 0 0 0 0 0 0 0 0 0 0 0 0 0 0 0 0 0 0 0 0 0 0 0 0 0 0 0 0 0 0 0 0 0 0 0 0 0 0 0 0 0 0 0 0 0 0 0 0 0 0 0.140510889179223 0.165582492092857 0 0 0 0 0.175736576333048 0.109400264762177 0 0 0 0 0 0
"52" 0 0 0 0.186474078235337 0 0 0 0 0 0 0 0 0 0 0 0 0 0 0.0834464819564996 0 0 0 0 0 0 0 0 0 0 0 0 0 0 0 0 0.145670163788474 0 0 0 0 0 0 0 0 0 0 0 0.295732219373508 0 0 0 0 0 0 0 0 0 0 0 0 0 0 0 0 0 0 0 0 0 0 0 0 0 0 0 0 0 0 0 0 0 0 0 0
"53" 0 0 0 0 0 0 0 0 0 0 0 0 0 0 0 0 0 0 0.0875740536782899 0 0 0 0 0.160794302309887 0.165520267410254 0 0 0 0 0 0 0 0 0.416600029924466 0.171675324525606 0 0 0 0 0.355151538359275 0 0 0 0 0 0 0 0 0 0 0 0 0 0 0 0 0 0.240387047766616 0 0 0 0 0 0 0 0 0 0 0 0.124257898493351 0 0 0 0 0 0 0 0 0 0.163734623936814 0 0.11466994151929 0 0
"54" 0 0 0 0 0 0 0 0 0 0 0 0 0 0 0 0 0 0 0 0 0 0 0 0 0 0 0 0 0 0 0 0 0 0 0 0 0 0 0 0 0 0 0 0 0 0 0 0 0 0 0 0 0 0 0 0 0 0 0 0.176383657888167 0 0 0 0 0 0 0 0 0 0 0 0 0 0 0 0 0 0 0 0 0 0 0 0
"55" 0 0.167770411280571 0 0 0 0 0.129098480944255 0 0 0 0 0 0 0 0 0 0 0 0 0 0.351015845618034 0 0 0.190495008306906 0 0 0 0 0 0 0 0 0 0 0 0 0 0 0 0 0 0 0 0 0 0 0 0 0 0 0 0 0 0 0 0 0 0 0 0.106667832751035 0 0 0 0 0 0 0 0 0 0 0 0 0 0 0 0 0 0 0 0 0 0 0 0
"56" 0 0 0 0 0 0 0 0 0 0.102363622478993 0 0 0 0 0 0 0 0 0 0 0 0 0 0 0 0 0 0 0 0 0 0 0 0 0 0 0 0 0 0 0 0 0 0 0 0.143298042409789 0 0 0 0 0 0 0 0 0 0 0 0 0.223225780119831 0 0.118433656877087 0 0 0.281885504564291 0 0 0 0 0.149130881156402 0 0 0.26342532828477 0 0 0 0 0 0 0 0 0 0 0 0.138640347394983
"57" 0 0 0 0 0 0.135522341041304 0 0 0 0 0 0 0 0 0 0 0 0 0 0 0 0.214614530238429 0 0 0 0 0.123113032898546 0 0 0.233267697256528 0 0.159065651307287 0.239665811382833 0.274683381548255 0 0 0 0 0.336160107034454 0 0 0 0 0 0 0 0 0 0 0 0 0 0 0 0 0 0 0 0 0 0 0 0 0 0 0 0 0 0 0 0 0 0 0 0 0 0 0 0 0 0 0 0 0
"58" 0 0 0 0 0 0 0 0 0 0 0 0 0.187673966467902 0 0 0 0 0 0 0 0 0 0 0 0 0 0 0 0 0 0 0 0 0 0 0 0 0 0 0 0 0 0 0 0 0 0 0 0 0 0 0 0.111525568661333 0 0 0 0 0 0 0 0 0 0 0 0 0 0 0 0.236559315121103 0 0 0 0 0 0 0 0 0 0 0 0 0 0 0.111202570626793
"59" 0 0 0 0 0 0 0 0 0 0 0 0 0 0 0 0 0 0 0 0 0 0 0 0 0.189781231405981 0 0 0 0 0 0 0 0 0 0 0 0 0 0 0 0 0 0.061873653749651 0 0 0 0 0 0 0 0 0 0 0 0 0.168009393023624 0 0 0 0 0 0 0 0.158723341545684 0 0 0 0 0 0 0 0 0 0 0 0 0 0 0 0 0 0 0 0
"60" 0 0 0 0 0 0 0 0 0 0 0 0 0 0 0 0 0 0 0 0 0 0 0.358393848770651 0 0 0.133248551440004 0 0 0 0.245684052178544 0 0 0 0 0 0 0 0 0 0 0 0 0 0 0 0 0 0 0 0 0 0 0 1.06288298177649 0.187696142890284 0 0 0 0 0 0 0 0 0 0 0.205665474599434 0 0 0 0 0 0 0 0 0 0 0 0 0 0.178533523720921 0 0 0 0
"61" 0 0 0 0 0 0 0.137635366192534 0 0.397175825566039 0.141874341988321 0 0 0 0 0 0 0 0 0 0 0 0 0 0 0 0.152781239301822 0 0 0 0 0 0 0 0 0 0 0 0 0 0 0 0 0 0 0 0 0 0 0 0 0 0 0 0 0 0.116088476394336 0 0 0 0 0 0 0 0 0 0 0 0 0 0 0 0 0 0 0.273586819080748 0.152039098718581 0 0 0 0 0 0 0 0.139980941371325
"62" 0 0 0 0 0 0 0 0 0 0 0 0 0 0 0 0 0 0 0.0778800304393299 0 0 0 0 0 0 0 0 0.285502788230767 0 0 0.211040080268753 0 0 0 0 0 0 0 0 0 0 0 0 0 0 0 0 0 0 0 0 0 0 0 0 0 0 0 0 0 0 0 0 0 0 0 0 0 0 0 0 0 0 0 0 0 0 0 0 0 0 0 0 0
"63" 0 0 0 0 0 0 0 0 0 0 0.206993473246774 0 0 0 0 0 0 0 0 0.123745574006537 0.24351607641677 0 0 0 0 0 0 0 0 0 0 0 0 0 0 0 0 0 0 0 0 0.263421473816465 0.115081891367443 0 0 0 0 0 0 0 0 0 0 0 0 0 0 0 0 0 0 0 0 0 0 0 0 0 0 0 0 0 0 0 0 0 0 0 0 0 0 0 0 0
"64" 0 0 0 0 0 0 0 0 0 0 0 0 0 0.131053154049164 0.270241606711705 0 0 0 0.121031641923326 0 0 0 0 0 0 0 0 0 0 0 0 0 0 0 0 0 0 0 0 0 0 0 0 0 0 0 0 0 0 0 0 0 0 0 0 0.0873879882081239 0 0 0.298304936683331 0 0 0 0 0 0 0 0 0 0 0 0 0 0 0 0 0 0 0 0 0 0 0 0 0
"65" 0.161457932541537 0 0 0 0 0 0 0 0 0 0 0 0.207014033548562 0 0 0 0 0 0 0 0 0 0 0 0 0 0 0.294360449843592 0 0 0 0 0 0 0.202017325032793 0 0 0 0 0 0 0 0 0 0 0 0 0 0 0 0 0 0 0 0 0 0 0 0 0 0 0 0 0 0 0 0 0 0 0 0 0 0 0 0 0 0 0 0 0 0 0 0 0
"66" 0 0 0 0 0 0 0 0 0 0 0 0 0 0 0 0 0 0 0 0 0 0 0 0 0 0.112841494910253 0 0 0 0.196871043615015 0 0.241540467985949 0 0 0 0 0 0 0 0 0 0 0 0 0 0 0 0 0 0 0 0 0 0 0 0 0 0 0 0.125417351623121 0 0 0 0 0 0 0 0 0 0 0 0 0 0 0 0 0 0 0.54748570357582 0 0 0 0 0
"67" 0 0 0 0 0 0 0 0 0 0 0 0 0 0 0 0.255768044661315 0 0 0 0 0 0 0 0 0 0 0.198223858116781 0 0 0 0 0 0 0 0 0 0 0 0 0 0 0 0 0 0 0 0 0 0 0 0 0 0 0 0 0 0 0 0 0 0 0 0 0 0 0 0 0 0 0 0 0 0 0 0 0 0 0 0 0 0 0 0 0
"68" 0 0 0 0 0 0 0 0 0 0 0 0.094544645866685 0 0 0 0 0 0 0 0 0 0 0.536215538376148 0 0 0 0 0 0 0 0 0.143655138353551 0 0 0 0 0 0 0 0 0 0.15936125759884 0 0 0 0 0 0 0 0 0 0 0 0 0 0 0 0 0 0 0 0 0 0 0 0 0 0 0 0 0 0 0 0 0 0 0 0 0 0 0 0 0 0
"69" 0 0 0 0 0 0 0.0997274378559274 0 0 0 0 0 0 0 0 0 0 0 0 0 0 0 0 0 0 0 0 0 0 0 0 0.205767239905213 0 0 0 0 0 0 0 0 0 0 0 0 0 0 0 0 0 0 0 0 0 0 0 0.136661381825127 0 0.284643085660932 0 0 0 0 0 0 0 0 0 0 0 0 0 0 0 0 0 0 0 0 0 0 0 0 0 0.132324552440973
"70" 0 0 0 0 0 0 0 0 0 0 0 0 0 0 0 0 0 0 0 0 0 0 0 0 0 0 0 0 0 0 0 0 0 0.397368823276748 0 0 0 0 0 0.448431098155274 0 0.193247543852223 0.132304620518945 0 0 0 0 0 0.242287553290035 0 0 0 0.0949434174663913 0 0 0 0 0 0 0 0 0 0 0 0 0 0 0 0 0 0 0 0 0 0 0 0 0 0 0 0 0 0.165138309678133 0
"71" 0 0 0 0 0 0 0 0 0 0 0 0 0 0 0 0 0 0 0 0 0 0 0 0 0 0 0 0 0 0 0 0 0.195380740709788 0 0 0 0 0 0 0 0 0 0 0 0 0 0 0.324598149952302 0 0.0959528717837771 0.222232779466633 0 0 0 0 0 0 0 0 0 0 0 0 0 0 0 0 0 0 0 0 0.199505616333238 0 0 0 0 0 0 0 0 0 0 0 0
"72" 0.212263876137042 0 0 0 0 0 0 0 0 0 0 0 0 0 0 0 0 0 0 0 0 0 0 0.119704688329463 0 0 0 0 0 0 0 0 0 0 0 0 0 0 0 0 0 0 0 0 0 0 0 0 0 0 0.168681804046871 0 0 0 0 0.142042035964139 0 0 0 0 0 0 0 0 0 0 0 0 0 0 0.231044328310394 0 0 0 0 0 0 0 0 0 0 0 0 0
"73" 0 0 0 0 0 0 0 0.202862357886022 0 0 0 0 0 0 0 0 0 0 0 0 0 0 0 0 0 0 0 0 0 0 0 0 0 0 0 0 0 0 0 0 0.196193712844985 0 0 0.184040457946394 0 0 0 0 0 0 0 0 0 0 0 0 0 0 0 0 0 0 0 0 0 0 0 0 0 0 0 0 0 0 0 0 0.264289932513671 0 0 0 0 0 0 0
"74" 0 0 0 0.149209012508819 0 0.190422082068229 0 0 0 0 0 0 0 0 0.503875467623435 0 0 0.143540409110962 0 0 0 0 0 0 0 0 0 0 0 0 0 0 0 0 0 0 0 0 0 0 0 0 0 0 0 0 0 0 0 0 0 0 0 0 0 0 0 0 0 0 0 0 0 0 0 0 0 0 0 0 0 0 0 0 0 0 0 0 0 0 0 0 0 0
"75" 0 0 0 0 0 0 0 0 0 0 0 0.220911668033919 0 0 0 0 0 0 0 0 0 0 0 0 0 0 0 0 0.220969206706221 0 0 0 0 0 0 0 0 0 0 0 0 0 0 0 0 0 0 0 0 0 0 0 0 0 0 0 0 0 0 0 0.144447455228355 0 0 0 0 0 0 0 0 0 0 0 0 0 0 0 0 0 0 0 0 0 0 0
"76" 0 0 0 0.169274676719458 0 0 0 0.221666792970625 0 0 0 0 0 0.25879791568904 0 0 0 0 0 0 0 0 0 0 0 0 0 0 0 0 0 0 0 0 0 0 0 0 0 0 0 0 0 0 0 0.147143750379749 0 0 0 0 0 0 0 0 0 0 0 0 0 0 0.109520636862277 0 0 0 0 0 0 0 0 0 0 0 0 0 0 0 0 0 0 0 0 0 0.142869439786263 0
"77" 0 0 0 0 0 0 0 0 0 0 0 0 0 0 0 0 0 0 0 0 0.231908066938729 0 0 0 0 0.146357705126763 0 0 0 0 0 0 0 0 0 0 0 0 0 0 0 0 0 0 0 0 0 0 0 0 0.183426558062731 0 0 0 0 0 0 0 0 0 0 0 0 0 0 0 0 0 0 0 0 0 0.166311133588101 0 0 0 0 0 0 0 0 0 0 0
"78" 0 0 0 0 0.259044068059452 0 0 0 0 0 0 0 0 0 0 0 0 0 0 0 0 0 0 0 0 0 0 0 0 0 0 0 0 0 0 0 0.142192199545707 0.270226912241041 0 0 0 0 0 0 0.313149048107917 0 0 0 0 0 0.152326865341237 0 0 0 0 0 0 0 0 0 0 0 0 0 0 0 0 0 0 0 0 0 0 0 0 0 0 0 0 0 0 0.168224520371421 0 0
"79" 0 0 0 0 0 0 0 0 0 0 0 0 0 0 0.402620764191001 0 0 0 0 0 0 0 0 0 0 0 0 0 0 0 0 0 0 0 0 0 0 0 0 0 0 0 0 0 0 0 0 0 0 0 0 0 0 0 0 0 0 0 0 0 0 0 0 0 0 0.200186958335205 0 0 0 0 0 0 0 0 0 0 0 0 0 0 0 0 0 0
"80" 0 0 0 0 0 0 0 0 0 0 0 0 0 0 0 0 0 0 0 0 0 0 0 0 0 0 0 0 0 0 0 0 0 0 0 0 0 0.296571799239199 0 0 0 0 0 0 0 0 0.325336657487821 0 0 0 0 0 0.10190203569847 0 0 0 0 0 0 0.134460838539751 0 0 0 0 0 0 0 0 0 0 0 0 0 0 0 0 0 0 0 0 0 0 0 0
"81" 0 0.16306242645135 0 0 0 0 0 0 0 0 0 0 0 0 0 0 0 0 0 0 0 0 0 0 0 0 0 0 0 0 0 0 0 0 0 0 0 0 0 0 0.182949780524237 0 0 0 0 0 0 0 0 0 0 0 0 0 0 0 0 0 0 0 0 0 0 0 0 0 0 0 0 0 0 0 0 0 0 0 0 0 0 0 0 0 0 0
"82" 0 0 0 0 0 0 0 0 0 0 0 0 0.196596476606917 0 0 0 0 0.163180972394925 0 0 0 0 0 0 0 0 0 0 0 0 0 0 0.16477693023043 0 0 0 0.0959670286727227 0 0 0 0 0 0 0 0 0.149729200765877 0 0 0 0 0 0 0.0907013604974258 0 0 0 0 0 0 0 0 0 0 0 0 0 0 0 0 0 0 0 0 0 0 0 0 0.158891631845785 0 0 0 0 0 0
"83" 0 0.122734315011276 0 0 0 0 0 0 0 0 0.209204330174663 0.205162491056185 0 0 0 0 0 0 0 0 0 0 0 0 0 0 0 0 0 0 0 0 0 0 0.0920963445168838 0 0 0 0 0 0 0 0.120650208815254 0 0 0 0 0 0 0 0 0 0 0 0 0 0 0 0 0 0 0 0 0 0 0 0 0 0 0.135560412882937 0 0 0 0 0 0.161309084183359 0 0 0 0 0 0 0 0
"84" 0 0 0 0 0 0 0 0 0 0 0 0 0 0 0 0 0 0.135759340191849 0 0 0 0 0 0 0 0 0 0 0 0 0.152435850953644 0 0 0 0 0 0 0 0 0 0 0 0 0 0 0 0 0 0 0.105404857252288 0 0 0 0 0 0.131846042310059 0 0.291695509232273 0 0 0.0757444670748438 0 0 0 0 0 0 0 0.15460100169053 0 0 0 0 0 0 0 0 0 0 0 0 0 0 0
