"V1" "V2" "V3" "V4" "V5" "V6" "V7" "V8" "V9" "V10" "V11" "V12" "V13" "V14" "V15" "V16" "V17" "V18" "V19" "V20" "V21"
"1" 0 0.135057169567772 0 0 0 0 0.394134587696319 0 0.147831180028532 0 0 0 0 0 0 0 0 0.0635258915788351 0 0 0
"2" 0.279715325520227 0 0 0.0520849671158777 0 0 0.225869085470974 0 0.123563612556698 0 0 0 0 0.0714450256670133 0.0510828781438549 0 0 0.0885882197353559 0 0.0780643148095038 0.0823777483679261
"3" 0 0 0 0 0 0 0 0 0 0 0.0894224016495097 0 0 0 0 0.0526947794412369 0 0 0.123264342700952 0 0
"4" 0 0.143118110770059 0 0 0.0706385387326837 0.146668645652667 0 0.136688026024652 0.112914457466781 0.106273502818873 0.0873651643726814 0 0.081715021075434 0.0798927030614861 0.0773565067914107 0.0962957433514718 0.0996426190366158 0.0585793590355877 0 0.0608282541582099 0.0798355370155522
"5" 0 0 0 0.0748418957787262 0 0.146796500003233 0 0.164516333454035 0 0.110567154911873 0.0650331472390899 0.174923521025351 0.102973406675697 0.0809108663804735 0.0894327489753743 0.0715494040223645 0.101158595253751 0.0633194481996037 0 0.0425147680428405 0.0870750959701659
"6" 0 0 0 0.0966309434806771 0.0655950628202367 0 0 0.155381198110525 0 0.0906422217008633 0 0 0 0.047696660029594 0.083058400704851 0 0.080625105780935 0 0 0.0846269947505725 0
"7" 0.257253192232284 0.133767262756815 0 0 0 0 0 0 0 0 0 0 0 0 0 0 0 0.0473697217604713 0 0 0
"8" 0 0 0 0.0645717377058735 0.0668598189880777 0.109190835946214 0 0 0.0740381034498599 0.0631581474011184 0 0 0 0.0747258227885274 0.0764712606706223 0 0 0 0 0.0792321125062513 0
"9" 0.230051931516782 0.0784837255336229 0 0.0945020020770483 0 0 0 0.140008468820649 0 0 0 0 0 0.0846361298740718 0.0590948869850769 0 0 0.0642298480961806 0 0.0679595365871642 0
"10" 0 0 0 0.088998126861101 0.031527044009468 0.105693972994713 0 0.134253497897727 0 0 0.0817964754665284 0 0.0700728918249917 0.0525039704248711 0.0778269371413296 0 0.120653804078329 0 0 0.0931753066668789 0.0760220001263575
"11" 0 0 0.284346805144028 0.0854327577490814 0.0679234541551257 0 0 0 0 0.0891055095083686 0 0.165453613453157 0.0726219800509322 0 0.0564413009215693 0.0852886886845887 0.0909939021811945 0.0560605051939136 0.175131258574161 0.0616193388027256 0.0900729205143116
"12" 0 0 0 0 0.0739861308967964 0 0 0 0 0 0.0536938253001168 0 0.0614578967469746 0 0 0.0696204114629506 0.10285319833452 0 0 0 0
"13" 0 0 0 0.0760496847500424 0.0469077537320848 0 0 0 0 0.0748058496476172 0.10400134256256 0.128365399472804 0 0.064317426638521 0.0753075752864355 0.0855365135656312 0.0913948122145136 0.0585163726740585 0.178687055804412 0.056660420581991 0.0822714511871783
"14" 0 0.125317895100588 0 0.0948232136123631 0.0971520764005042 0.126106186123055 0 0.110831924985385 0.141766626079302 0.0765308366560458 0 0 0.0479482103100127 0 0.0534161819262328 0 0.0562487724212334 0.0736642845931684 0 0.0689719374846395 0.054768918686772
"15" 0 0.0972139380947487 0 0.0799921249291955 0.0493884554027269 0.128039562372119 0 0.111997718140259 0.117222674830724 0.0965610426230368 0.0614958719218237 0 0.0986393735592104 0.057072517769684 0 0 0.0860595995303873 0.0603683408084452 0 0.0777732390278979 0.0788481353823786
"16" 0 0 0.42575699885974 0.0759481223584644 0.0682105908361304 0 0 0 0 0 0.0663752570393755 0.161200641333078 0.0670149982657326 0 0 0 0.0747568747738127 0.0750305927630669 0.219348804426019 0.0730816832675096 0.0540538681840762
"17" 0 0 0 0.0647754870816537 0.0582894249902614 0.114299287215142 0 0 0 0.102725976578168 0.0597006155820528 0.223907217696901 0.0930460369729127 0.0743633721732433 0.0623758220026054 0.0883587137047787 0 0 0 0.0599456187421851 0.0668219449073254
"18" 0.273722035329758 0.118573789397881 0 0.0528478527139161 0.0591993304576883 0 0.396408388384465 0 0.0703361925098038 0 0.106691102954973 0 0.0560039741045591 0.0873376474697418 0.0600151069058736 0.0728115485838736 0 0 0.158620234527925 0.050975571703952 0.0885419389288698
"19" 0 0 0.313574250172546 0 0 0 0 0 0 0 0.0543127586358699 0 0.0779495283353203 0 0 0.0944313377333557 0 0.0651384015766816 0 0 0.0698765725910405
"20" 0 0.0949051595608823 0 0.0533341072904804 0.0783640144212094 0.0823115086443464 0 0.154955191591171 0.139635294926084 0.0515452332177315 0.0725801556321247 0 0.0883536450471391 0.0997959957638186 0.0541036181052116 0.116255332807069 0.0775452491194017 0.0800495176614405 0 0 0.0942805925098403
"21" 0 0.0970325496103364 0 0.0611142136137526 0.0767038121723151 0 0 0 0 0.101055330481909 0.0809836503099475 0 0.0847137887662823 0.0824131408094978 0.0933185609949087 0.0929055957265329 0.0948534484129063 0.0982095575390912 0.137483159743689 0.0465277166784611 0
