"V1" "V2" "V3" "V4" "V5" "V6" "V7" "V8" "V9" "V10" "V11" "V12" "V13" "V14" "V15" "V16" "V17" "V18" "V19" "V20" "V21"
"1" 0 0 0.159782698133356 0.073135326480276 0 0 0.0910504031144168 0 0 0 0.0492543833199562 0.0646190063336009 0 0 0 0 0 0 0.100154859534069 0.174168584187316 0
"2" 0 0 0 0.0720482845148849 0 0 0.152175396513227 0 0 0.0571570771489384 0.0849731365209622 0.0970803407008443 0 0 0.120183132281824 0.201622408919171 0 0 0 0.111289640630548 0
"3" 0.103182188761899 0 0 0.0568333751080755 0 0 0.0806581807244477 0 0 0 0.0612110209136838 0 0 0 0 0 0 0 0.0752218281016345 0 0
"4" 0.144631574617223 0.148894129603226 0.279193762182761 0 0.0542049530976069 0 0.102832968332596 0.076988774469643 0 0.0812010782361903 0.0581214558304128 0.0875348347226424 0.0841867000234296 0 0 0.166425090847038 0 0.071587427822037 0.131266738622985 0.150808522423851 0
"5" 0 0 0 0.0861947957743768 0 0.132606466247752 0 0.0872976960082023 0.0969924704719434 0.0477724948333211 0.057560657589205 0.0679351667520484 0.0476620346981759 0.12887398343667 0.126384044175371 0 0.113114773969907 0.0799614280107446 0.100438564377671 0 0.155664464702101
"6" 0 0 0 0 0.0609342889428743 0 0 0.0820552838047931 0.0874601113076649 0.0890682094700008 0.0695025566454788 0.0748097222805672 0.071015478209387 0 0.132611360460959 0 0.134791263121314 0.100631630531236 0 0 0
"7" 0.148463214382879 0.0900592499224142 0.201056835548217 0.0838296544524728 0 0 0 0 0 0.070517127009918 0.0665408634848425 0 0 0 0 0.178785689682971 0 0 0 0.11141938918504 0
"8" 0 0 0 0.0937843012143407 0.0811607885703155 0.0820463579397094 0 0 0.0900278241712276 0 0.0403924951892386 0.0457674572926484 0.0822218015825241 0.146357441566401 0 0 0.157886729226468 0.0914858496158259 0.120479820158094 0 0.163724032603259
"9" 0 0 0 0 0.0861436534612423 0.10438943533715 0 0.0689359276795309 0 0 0.0365284196784209 0.0495276361570567 0.0598533047191066 0.178413323105583 0 0 0 0.0759366004314621 0 0 0.178966370933083
"10" 0 0.134485002801129 0 0.0900363003730444 0.0790345134104204 0.117921284834482 0.105712452948708 0 0 0 0.0506374635024439 0.0649964116029925 0.0468342305467237 0 0.113813592024422 0.195828541218952 0.128408298384198 0.0939413845667503 0 0.127581262588572 0
"11" 0.104510211151821 0.0867015291168805 0.189954236517881 0.0614806724695212 0.0562322012370031 0.116519624274932 0.14562088348132 0.0593840615883641 0.0936572339421278 0.0860132540758827 0 0.0533993974739901 0.0709910278350053 0 0 0.11508431321019 0 0.0779514739310021 0.109246890404383 0.108983731072745 0
"12" 0.160800984862157 0.118599792599344 0 0.0804854595988969 0.0743679936746279 0.0814399931703803 0 0.0720075661890422 0.143571287460316 0.0963997689365431 0.0925771512163499 0 0.077753684888598 0 0.160049122414634 0 0.131587508485704 0.0804520631684816 0.107167800851267 0.0776868310658551 0
"13" 0 0 0 0.0490556292278913 0.0697074671629542 0.137284355663577 0 0.0883540401738907 0.143202801926588 0.0640891410456781 0.0501858851683139 0.0829093563442407 0 0.192126430540194 0.141455600432154 0 0.113193059219387 0.0744654438122251 0.121845997320738 0 0.132450667386877
"14" 0 0 0 0 0.0679724496428898 0 0 0.0684013735366407 0.085481513343981 0 0 0 0.0558572583476449 0 0 0 0 0.0530024251895046 0 0 0.147486266263113
"15" 0 0.131757107770643 0 0 0.0631092989049172 0.132364506990607 0 0 0 0.0626696642174912 0 0.0588503879906814 0.0480772507514357 0 0 0 0.121050748105112 0.0603209050025014 0 0 0
"16" 0 0.0820974439700675 0 0.07832374628755 0 0 0.135099531962123 0 0 0.0995196429829635 0.0601795691540528 0 0 0 0 0 0 0 0 0.122604452180348 0
"17" 0 0 0 0 0.0683593151303116 0.0827257305744274 0 0.0954386432568169 0 0.0744229568207091 0 0.0715648146238164 0.0467411765116263 0 0.154107050352078 0 0 0.0690353524757279 0 0 0
"18" 0 0 0 0.0851053813665151 0.0701513229061113 0.0972124426058366 0 0.0635915174870266 0.105083901548448 0.0824832199743927 0.058222445613695 0.0572244245279158 0.0570788996715261 0.151896656892234 0.134656278507914 0 0.104371784715749 0 0 0 0.165573977266148
"19" 0.222670831794589 0 0.184314717857024 0.0580198410628952 0.0757944134293271 0 0 0.0725264773640615 0 0 0.0615756827350136 0.0915904823206803 0.0793562060694637 0 0 0 0 0 0 0.136612910675557 0
"20" 0.103756231863183 0.0823569653154564 0 0.0736777169625208 0 0 0.091672013756206 0 0 0.0763477114852397 0.0775026457835122 0.0521970351711929 0 0 0 0.194997980081596 0 0 0.127989628196283 0 0
"21" 0 0 0 0 0.0661097845327547 0 0 0.102128469578839 0.130858868711068 0 0 0 0.0435950070785394 0.127848697654575 0 0 0 0.0503796649992839 0 0 0
