"V1" "V2" "V3" "V4" "V5" "V6" "V7" "V8" "V9" "V10" "V11" "V12" "V13" "V14" "V15" "V16" "V17" "V18" "V19" "V20" "V21"
"1" 0 0 0 0 0 0 0 0 0 0.114723144414792 0 0 0 0 0.149137117939172 0 0 0 0.306480622594989 0 0
"2" 0 0 0 0 0.139035117693059 0 0 0.211116551031851 0 0 0 0 0.515923086271146 0 0 0 0 0 0 0 0
"3" 0 0 0 0 0.156208760207137 0 0 0 0 0.126450616062791 0.16075348649977 0 0 0.191543554420706 0 0 0.180916248928171 0 0 0 0
"4" 0 0 0 0 0 0 0 0 0 0 0 0.274481004305529 0 0 0.191905124743895 0 0 0.294231658917029 0.219887127201963 0 0.305016322890372
"5" 0 0.325789846477329 0.237175277282161 0 0 0 0 0 0 0 0 0 0 0 0 0.221269241068741 0.251519740503378 0 0 0.0990339348112577 0.331735380420785
"6" 0 0 0 0 0 0 0 0 0.28859815665442 0 0.187790075687224 0 0 0.31010480953459 0 0 0 0 0 0.0540421536653929 0
"7" 0 0 0 0 0 0 0 0.206062909994365 0 0 0 0 0.322658676696401 0 0 0.249602554902254 0 0 0 0.0807192558180727 0
"8" 0 0.35937141196419 0 0 0 0 0.222312056964169 0 0 0 0 0 0 0.255353832912053 0 0 0 0 0 0.106228837297719 0
"9" 0 0 0 0 0 0.248869766999192 0 0 0 0 0 0 0 0 0 0 0 0.182037908362036 0 0.0657649360146591 0
"10" 0.252049488222919 0 0.233148278444651 0 0 0 0 0 0 0 0.204543715554202 0.170901724112277 0 0.196184608357543 0.165293107345091 0 0 0 0.260623476908401 0.110027114987004 0
"11" 0 0 0.210179156777126 0 0 0.282224082292862 0 0 0 0.0872618578032296 0 0 0 0 0 0 0 0 0 0.0812794784572211 0.349108580919882
"12" 0 0 0 0.217554326395781 0 0 0 0 0 0.167161947161486 0 0 0 0 0 0.265490270115881 0.215625793199633 0 0 0 0
"13" 0 0.289462990131269 0 0 0 0 0.245899034554406 0 0 0 0 0 0 0 0 0 0 0 0 0 0
"14" 0 0 0.114513272697465 0 0 0.305062801561542 0 0.243571632732611 0 0.0792174160084092 0 0 0 0 0 0 0 0 0 0.089890626844443 0
"15" 0.392349331277556 0 0 0.19694131839998 0 0 0 0 0 0.0836247006985501 0 0 0 0 0 0 0.184278007045702 0.216285594361778 0 0.105250199403027 0
"16" 0 0 0 0 0.169832878395813 0 0.208681762784736 0 0 0 0 0.357149875658814 0 0 0 0 0.179695003236832 0 0 0.0822555190020836 0
"17" 0 0 0.211236005517535 0 0.137825233482481 0 0 0 0 0 0 0.239078459788277 0 0 0.222534309237537 0.206964529234282 0 0 0 0 0
"18" 0 0 0 0.213414593106745 0 0 0 0 0.216991808894102 0 0 0 0 0 0.168956782592905 0 0 0 0 0.0932402116163045 0
"19" 0.438073136262732 0 0 0.192154025939701 0 0 0 0 0 0.101576404426848 0 0 0 0 0 0 0 0 0 0.0724765051607312 0
"20" 0 0 0 0 0.117922572452766 0.179021953700284 0.254943133454884 0.254231353344697 0.313904275298127 0.155678513115566 0.185452110480483 0 0 0.220227288007675 0.137445912961567 0.172677032982273 0 0.188133946298024 0.245067126680311 0 0
"21" 0 0 0 0.159616509293479 0.209452270092209 0 0 0 0 0 0.244234034765445 0 0 0 0 0 0 0 0 0 0
