"V1" "V2" "V3" "V4" "V5" "V6" "V7" "V8" "V9" "V10" "V11" "V12" "V13" "V14" "V15" "V16" "V17" "V18" "V19" "V20" "V21"
"1" 0 0.542076048889839 0.611748830540567 0.334142370840829 0.446660013385117 0.633399264900062 0.271042806424659 0.398220233718216 0.51411179050942 0.322995046363806 0.539432490252015 0.397640293536898 0.520735495956026 0.438472098757742 0.246472843303889 0.249706891351833 0.444998078356895 0.181501233624156 0.149401749210308 0.349740470950524 0.544098665998036
"2" 0.542076048889839 0 0.436302515074829 0.667277875196805 0.35493471501946 0.220299086736455 0.30494698947445 0.163829147263941 0.160715914187655 0.407903772832486 0.381816446027634 0.600689655234329 0.26576236678431 0.161287693276144 0.532309343287439 0.337187376867336 0.495851633524446 0.433639148900136 0.595627961980096 0.269741800797871 0.623034045453313
"3" 0.611748830540567 0.436302515074829 0 0.486145930575268 0.167755375542697 0.262084792688791 0.554240776796985 0.493647136321866 0.276585626774471 0.29098116934291 0.0767855452350485 0.358362150586994 0.675962263784911 0.314492016210165 0.418885797452773 0.381131476542394 0.217736483814716 0.430308171562225 0.552083786910295 0.302589240085591 0.269020056296632
"4" 0.334142370840829 0.667277875196805 0.486145930575268 0 0.377778217807375 0.644019342532743 0.517900830671028 0.58608617376418 0.557454901821839 0.266154576267518 0.442310774992581 0.133316486344273 0.763730100337715 0.51165110336294 0.139381353134953 0.341589141716716 0.268409696974361 0.261706040296492 0.187030360464854 0.398378995827825 0.285858101585147
"5" 0.446660013385117 0.35493471501946 0.167755375542697 0.377778217807375 0 0.26887661736194 0.397547854904538 0.361955799203392 0.205823945782252 0.134278398868649 0.0929611548857422 0.272867770445263 0.554945868590635 0.199936589545528 0.278325303801807 0.213697820373755 0.144777733872512 0.26610268124302 0.401886513957369 0.144417105635064 0.268100113991875
"6" 0.633399264900062 0.220299086736455 0.262084792688791 0.644019342532743 0.26887661736194 0 0.463014299982354 0.346677900184432 0.121773068893033 0.383599091936279 0.238787426371817 0.541376939279351 0.485666581685516 0.200560587680183 0.53115911475253 0.386490516373345 0.406361677312846 0.47596749579275 0.635628964913214 0.287086807994054 0.506944529037156
"7" 0.271042806424659 0.30494698947445 0.554240776796985 0.517900830671028 0.397547854904538 0.463014299982354 0 0.142761675007853 0.344841086315315 0.341542460875002 0.478299433340557 0.514368147399006 0.254952218033006 0.269066273014731 0.383570061535859 0.210226131333522 0.480683304568678 0.25818007724567 0.376833469982264 0.253593609224112 0.612142660255706
"8" 0.398220233718216 0.163829147263941 0.493647136321866 0.58608617376418 0.361955799203392 0.346677900184432 0.142761675007853 0 0.240422232265774 0.357033316515279 0.423484348226786 0.550219337992109 0.195096712522787 0.180062917873973 0.446705802141909 0.245321271854333 0.479286792512396 0.329060549100357 0.47779239466268 0.22819432286664 0.614011068600008
"9" 0.51411179050942 0.160715914187655 0.276585626774471 0.557454901821839 0.205823945782252 0.121773068893033 0.344841086315315 0.240422232265774 0 0.291371457880548 0.22136815718322 0.470560426447623 0.405340374316822 0.07882156689796 0.43373940503717 0.270512273383972 0.35048657567128 0.363803340812227 0.526667637191594 0.17430755403523 0.470966657816485
"10" 0.322995046363806 0.407903772832486 0.29098116934291 0.266154576267518 0.134278398868649 0.383599091936279 0.341542460875002 0.357033316515279 0.291371457880548 0 0.222708379038287 0.195718168443227 0.549780463659563 0.2484455205925 0.14815332403273 0.13148605636738 0.141300743864046 0.142217637099799 0.267608241845902 0.13929335501995 0.270611895022969
"11" 0.539432490252015 0.381816446027634 0.0767855452350485 0.442310774992581 0.0929611548857422 0.238787426371817 0.478299433340557 0.423484348226786 0.22136815718322 0.222708379038287 0 0.322530391483299 0.609929785711951 0.246838411803484 0.359457530375023 0.305065241915502 0.180018452736708 0.358537319162888 0.488609290297179 0.225996824447719 0.268197443815693
"12" 0.397640293536898 0.600689655234329 0.358362150586994 0.133316486344273 0.272867770445263 0.541376939279351 0.514368147399006 0.550219337992109 0.470560426447623 0.195718168443227 0.322530391483299 0 0.740312740788253 0.4396686690826 0.152211793494616 0.310784390554967 0.142963896587888 0.263632754996008 0.271369115966762 0.334544708564183 0.159515682833512
"13" 0.520735495956026 0.26576236678431 0.675962263784911 0.763730100337715 0.554945868590635 0.485666581685516 0.254952218033006 0.195096712522787 0.405340374316822 0.549780463659563 0.609929785711951 0.740312740788253 0 0.363096704423258 0.625654471333624 0.430506251035032 0.674351147663019 0.502109323042671 0.631607501476414 0.42328820533272 0.809097646858755
"14" 0.438472098757742 0.161287693276144 0.314492016210165 0.51165110336294 0.199936589545528 0.200560587680183 0.269066273014731 0.180062917873973 0.07882156689796 0.2484455205925 0.246838411803484 0.4396686690826 0.363096704423258 0 0.380578742683587 0.200698090323127 0.336548465266805 0.296973720033164 0.46130295992808 0.11414310450599 0.466489536313974
"15" 0.246472843303889 0.532309343287439 0.418885797452773 0.139381353134953 0.278325303801807 0.53115911475253 0.383570061535859 0.446705802141909 0.43373940503717 0.14815332403273 0.359457530375023 0.152211793494616 0.625654471333624 0.380578742683587 0 0.202411726895916 0.216981533091552 0.125398237929538 0.137163989171638 0.266435827635026 0.299032416320126
"16" 0.249706891351833 0.337187376867336 0.381131476542394 0.341589141716716 0.213697820373755 0.386490516373345 0.210226131333522 0.245321271854333 0.270512273383972 0.13148605636738 0.305065241915502 0.310784390554967 0.430506251035032 0.200698090323127 0.202411726895916 0 0.271824188126756 0.0973290270672612 0.2615228492822 0.100259864353466 0.402064708525469
"17" 0.444998078356895 0.495851633524446 0.217736483814716 0.268409696974361 0.144777733872512 0.406361677312846 0.480683304568678 0.479286792512396 0.35048657567128 0.141300743864046 0.180018452736708 0.142963896587888 0.674351147663019 0.336548465266805 0.216981533091552 0.271824188126756 0 0.272676765671169 0.354143873805075 0.251136802530532 0.134831356089319
"18" 0.181501233624156 0.433639148900136 0.430308171562225 0.261706040296492 0.26610268124302 0.47596749579275 0.25818007724567 0.329060549100357 0.363803340812227 0.142217637099799 0.358537319162888 0.263632754996008 0.502109323042671 0.296973720033164 0.125398237929538 0.0973290270672612 0.272676765671169 0 0.16440477417997 0.189785225129351 0.386977273470475
"19" 0.149401749210308 0.595627961980096 0.552083786910295 0.187030360464854 0.401886513957369 0.635628964913214 0.376833469982264 0.47779239466268 0.526667637191594 0.267608241845902 0.488609290297179 0.271369115966762 0.631607501476414 0.46130295992808 0.137163989171638 0.2615228492822 0.354143873805075 0.16440477417997 0 0.352372316902851 0.428066080850772
"20" 0.349740470950524 0.269741800797871 0.302589240085591 0.398378995827825 0.144417105635064 0.287086807994054 0.253593609224112 0.22819432286664 0.17430755403523 0.13929335501995 0.225996824447719 0.334544708564183 0.42328820533272 0.11414310450599 0.266435827635026 0.100259864353466 0.251136802530532 0.189785225129351 0.352372316902851 0 0.38582020464785
"21" 0.544098665998036 0.623034045453313 0.269020056296632 0.285858101585147 0.268100113991875 0.506944529037156 0.612142660255706 0.614011068600008 0.470966657816485 0.270611895022969 0.268197443815693 0.159515682833512 0.809097646858755 0.466489536313974 0.299032416320126 0.402064708525469 0.134831356089319 0.386977273470475 0.428066080850772 0.38582020464785 0
