"V1" "V2" "V3" "V4" "V5" "V6" "V7" "V8" "V9" "V10" "V11" "V12" "V13" "V14" "V15" "V16" "V17" "V18" "V19" "V20" "V21"
"1" 0 0.0660479853675605 0 0 0.0552487263584401 0.0917957862560038 0.0638067046960118 0.0787661376992466 0.101288507699335 0 0.0715751015195418 0.0558609459024349 0.0873192763558222 0 0 0 0 0 0 0.0737358490339839 0.0483517493759252
"2" 0.0937195265120373 0 0 0 0.0398017109017472 0.0955883811382238 0.107244304279528 0.0995240216446989 0 0 0.0706058124430448 0.0750621791694248 0.0637216062855266 0 0 0 0 0.0966362747925321 0 0.0517822961492044 0.101185286727518
"3" 0 0 0 0.094544643664078 0.0700844370005231 0 0 0 0 0.189956564629716 0 0 0 0 0 0.0794422072996555 0.158559945370261 0.0996318195466783 0 0.0440389818680729 0
"4" 0 0 0.182768204384552 0 0 0 0 0 0 0.120060843925177 0 0 0 0 0.110369369905925 0.104224488055528 0.130252011579665 0 0.231735413569575 0.0502679352210003 0.0558277354641008
"5" 0.0744561298853702 0.10596863070199 0.143150047793713 0 0 0.0927162485538749 0.117185931302313 0.0756122907709254 0 0.160845372567928 0.0831043710536743 0.0943656918523859 0.107892751996467 0 0 0.0910524000482539 0 0.0801477607184585 0 0.0574511131655552 0.0669046909404064
"6" 0.0970460247081944 0.0840541922546334 0 0 0.0811299499617296 0 0.0968290753882959 0.10212009746857 0 0 0.0852294168851876 0.0593649851144442 0.0978306088257994 0 0 0 0 0.0852413734463184 0 0.0664362573410144 0.0676341164555571
"7" 0.0865351844043205 0.126844819022978 0 0 0.0594621501560139 0.0812229604237725 0 0.0648043721577483 0 0 0.0794480604757167 0.0723133346254879 0.0470369217975774 0 0 0 0 0.13039735422514 0 0.0514092754100113 0.0542582409004968
"8" 0.0582070177968992 0.0990423573111804 0 0 0.0621484894046409 0.0675415345725292 0.10927765544656 0 0 0 0.077329916420297 0.0720565625071264 0.102848164767803 0 0 0 0 0 0 0 0.0691404830246569
"9" 0.0830700836214846 0 0 0 0 0 0 0 0 0 0.0881384761030936 0.0794443241272218 0 0.188853746673638 0.0745830549621105 0 0 0 0 0 0.0479513807008622
"10" 0 0 0.0916886342889275 0.0871061248284492 0.0822227189270181 0 0 0 0 0 0 0 0 0 0 0.0808827424312548 0 0.0496444589666086 0 0.0455089569992915 0
"11" 0.0919597170023457 0.0758664921837184 0 0 0.0671460840182471 0.0894407089680041 0.119957358228192 0.123443199864431 0.14754298036366 0 0 0.102266326284444 0.0564351857259436 0.223304723283484 0.0705025841777704 0 0 0 0 0.0365512091458856 0.0820510905129052
"12" 0.0857390205648966 0.0877361240737053 0 0 0.0608997580962497 0.102690191033198 0.136484673261154 0.0874718486025199 0.208526841762564 0 0.0658376129096744 0 0.0845557656256648 0.184525247705741 0.092019923343432 0 0 0 0 0.064143518480515 0.0777217378291118
"13" 0.118437798169134 0.0726319738354554 0 0 0.0627588225110645 0.124936972327941 0.084637003944302 0.142591322931114 0 0 0.0558859727161333 0.0727278647687976 0 0 0 0.10844246669569 0 0.120345433457603 0 0.0590874804767486 0.0565184302766545
"14" 0 0 0 0 0 0 0 0 0.174662834173073 0 0.0451612701755007 0.0704980460596703 0 0 0.122549625125404 0 0.159638740840078 0 0.3013367143848 0 0
"15" 0 0 0 0.109376640774947 0 0 0 0 0.133499832288614 0 0.0863847943841784 0.0850280290622415 0 0.161904097185663 0 0.110265217817105 0.138837660470374 0 0.20813168813275 0.0563845367320255 0.063445469788496
"16" 0 0 0.106136325377959 0.125091355988563 0.0591961280462812 0 0 0 0 0.164422705192942 0 0 0.0722239235293565 0 0.066438976582252 0 0.109684779830179 0.122524308241962 0 0.0694232582431758 0.043155270523633
"17" 0 0 0.135470828647648 0.11717523926302 0 0 0 0 0 0 0 0 0 0.198097817120082 0.127434854913049 0.113650423202342 0 0 0.301617066119288 0.0528051497200725 0
"18" 0 0.120339481388159 0.159383920297018 0 0.0681456076158571 0.122496132209286 0.0876299054848661 0 0 0.242547129942324 0 0 0.0824560041073054 0 0 0.11209129727679 0 0 0 0.067364414231336 0.0562291376230793
"19" 0 0 0 0.136372891705709 0 0 0 0 0 0 0 0 0 0.122867663406657 0.108822971789068 0 0.104533470831776 0 0 0 0
"20" 0.0848587461351312 0.10092313430956 0.127403336153739 0.118363011826775 0.0507946522890237 0.0780292304509355 0.0772851723244901 0 0 0.21834644259542 0.11304360028979 0.0699562214222144 0.0883616520896814 0 0.116966881034397 0.0568526155515348 0.137192565118903 0.115485348217929 0 0 0.0507570064271345
"21" 0.0776528727823817 0.107533829146645 0 0.110298852845628 0.0566897890984104 0.10133618912456 0.0736726263491879 0.101041418413424 0.127054555841508 0 0.0821512149366179 0.0600277717007862 0.09687648473346 0 0.0955911509578722 0.080484619991036 0 0.112429897924749 0 0.0603606584072754 0
