"V1" "V2" "V3" "V4" "V5" "V6" "V7" "V8" "V9" "V10" "V11" "V12" "V13" "V14" "V15" "V16" "V17" "V18" "V19" "V20" "V21"
"1" 0 0.297511213718927 0 0 0 0 0 0 0 0 0 0 0 0 0 0 0 0 0 0 0
"2" 0.966133665241672 0 0 0 0 0.219140058246831 1.17698181776713 0 0 0 0 0 0 0 0 0 0 0 0 0 0
"3" 0 0 0 0 0 0.295428762464345 0 0 0 0 0 0 0 0 0 0 0 0 0 0 0
"4" 0 0 0 0 0 0 0 0.235562879458419 0 0 0 0 0 0 0 0 0 0 0 0 0
"5" 0 0 0 0 0 0 0 0 0.286565328741991 0 0 0 0 0 0 0 0 0 0 0 0
"6" 0 0.342522100406246 1.36826086235522 0 0 0 0 0.162568908183514 0 0 0 0 0 0 0 0 0 0 0 0 0
"7" 0 0.329221490883949 0 0 0 0 0 0 0 0 0 0 0 0 0 0 0 0 0 0 0
"8" 0 0 0 1.24720132188271 0 0.361600577618572 0 0 0 0.292218889372568 0.318691963775393 0 0 0 0 0 0 0 0 0 0
"9" 0 0 0 0 0.768495500106654 0 0 0 0 0.26041497242314 0 1.06154948925093 0 0 0 0 0 0 0 0 0
"10" 0 0 0 0 0 0 0 0.190466373589543 0.448644111429015 0 0 0 0 0 0.429584284390366 0 0 0 0 0 0
"11" 0 0 0 0 0 0 0 0.231613889090312 0 0 0 0 1.09066794224532 0.194750655676501 0 0 0 0 0 0 0
"12" 0 0 0 0 0 0 0 0 0.284170180022409 0 0 0 0 0 0 0 0 0 0 0 0
"13" 0 0 0 0 0 0 0 0 0 0 0.288369318127343 0 0 0 0 0 0 0 0 0 0
"14" 0 0 0 0 0 0 0 0 0 0 0.273161004478839 0 0 0 0 0 0 0.870691555516451 0 0 1.12543268710253
"15" 0 0 0 0 0 0 0 0 0 0.297851976359709 0 0 0 0 0 0.966372477633375 0.391694748383269 0 0 0 0
"16" 0 0 0 0 0 0 0 0 0 0 0 0 0 0 0.503415481646273 0 0 0 0 0 0
"17" 0 0 0 0 0 0 0 0 0 0 0 0 0 0 0.409343568891944 0 0 0 1.08099528746828 1.22092300033723 0
"18" 0 0 0 0 0 0 0 0 0 0 0 0 0 0.306283866563635 0 0 0 0 0 0 0
"19" 0 0 0 0 0 0 0 0 0 0 0 0 0 0 0 0 0.242886293183263 0 0 0 0
"20" 0 0 0 0 0 0 0 0 0 0 0 0 0 0 0 0 0.350146099339868 0 0 0 0
"21" 0 0 0 0 0 0 0 0 0 0 0 0 0 0.242271610231183 0 0 0 0 0 0 0
