"V1" "V2" "V3" "V4" "V5" "V6" "V7" "V8" "V9" "V10" "V11" "V12" "V13" "V14" "V15" "V16" "V17" "V18" "V19" "V20" "V21"
"1" 0 0 0.307169434840509 0 0 0 0 0 0 0 0 0 0 0 0 0 0 0 0 0 0
"2" 0 0 0 0.219476425253768 0 0 0 0 0 0 0 0 0 0 0 0 0 0 0 0 0
"3" 0.964150344374416 0 0 0.23341276608607 0 0 0 0.270921999342043 0 0 0 0 0 0 0 0 0 0 0 0 0
"4" 0 1.06163627652422 0.332399712338089 0 0 0.415886583616176 0.798845185303844 0 0 0 0 0 0 0 0 0 0 0 0 0 0
"5" 0 0 0 0 0 0.293088453805378 0 0 0 0 0 0 0 0 0 0 0 0 0 0 0
"6" 0 0 0 0.267892361367864 0.883893865468633 0 0 0 0 0 0 0.847106387744952 0 0 0 0 0 0 0 0 0
"7" 0 0 0 0.171079612434191 0 0 0 0 0 0 0 0 0 0 0 0 0 0 0 0 0
"8" 0 0 0.368773456842044 0 0 0 0 0 0.992545689295051 0.279076732237006 0 0 0 0 0 0 0 0 0 0 0
"9" 0 0 0 0 0 0 0 0.423191862187971 0 0 0 0 0 0 0 0 0 0 0 0 0
"10" 0 0 0 0 0 0 0 0.381369981516202 0 0 0 0 0.311821018425543 0.343908387654278 0 0 0 0 0 0 0
"11" 0 0 0 0 0 0 0 0 0 0 0 0 0.390580572111099 0 0 0 0 0 0 0 0
"12" 0 0 0 0 0 0.222217742695516 0 0 0 0 0 0 0 0 0 0 0 0 0 0 0
"13" 0 0 0 0 0 0 0 0 0 0.331711151823188 1.05701306609998 0 0 0 0 0 0.309055475874072 0 0 0 0
"14" 0 0 0 0 0 0 0 0 0 0.465224032533281 0 0 0 0 0 1.06912712683476 0 0 0.889630933016742 0 0
"15" 0 0 0 0 0 0 0 0 0 0 0 0 0 0 0 0 0 0.320448323562865 0 0 0
"16" 0 0 0 0 0 0 0 0 0 0 0 0 0 0.332486652468311 0 0 0 0 0 0 0
"17" 0 0 0 0 0 0 0 0 0 0 0 0 0.430669670754003 0 0 0 0 0.420593138796067 0 0.90809861873909 0
"18" 0 0 0 0 0 0 0 0 0 0 0 0 0 0 1.30328283884622 0 0.395839002584598 0 0 0 0.921221071095006
"19" 0 0 0 0 0 0 0 0 0 0 0 0 0 0.39613077352253 0 0 0 0 0 0 0
"20" 0 0 0 0 0 0 0 0 0 0 0 0 0 0 0 0 0.329711097561313 0 0 0 0
"21" 0 0 0 0 0 0 0 0 0 0 0 0 0 0 0 0 0 0.320844822276405 0 0 0
