"V1" "V2" "V3" "V4" "V5" "V6" "V7" "V8" "V9" "V10" "V11" "V12" "V13" "V14" "V15" "V16" "V17" "V18" "V19" "V20" "V21"
"1" 0 0.102366290916784 0.0865921089907517 0.112989092389474 0.055676909165303 0.0837635891125452 0.0738213885028493 0 0 0.155792546085318 0.0915956866207691 0.137105693906554 0 0.0797973887626443 0.0673490548880991 0 0.0911554065748717 0.0919663375616668 0.110626467069112 0.10505795181927 0.0647704078800154
"2" 0.0730302458454694 0 0.0722845450033669 0.0877927500866863 0.0742851272404103 0.0974169524388984 0.063267381662073 0 0 0 0.055717510354799 0 0.279149562874533 0 0.0640717152141503 0 0 0 0 0.0889559109988056 0.0517404735035615
"3" 0.0528787572061373 0.0993502185986066 0 0.0769725687404961 0.0641638784371857 0.113862125360113 0.0709623682967214 0 0 0 0.0654613337312744 0 0.324996221498149 0.0652188477844985 0.0424057747105901 0 0.0773108357942304 0 0 0.095157394237804 0.0797973313876754
"4" 0.0622697139001473 0.111715180846778 0.0657578842067317 0 0.0505343185969674 0.0720490821999257 0.0825912992444624 0 0 0 0.0675464290713018 0 0.288088752847265 0.105878804013256 0.100476307012758 0 0 0 0 0.117453161040587 0.0783772380347935
"5" 0.0668783490267786 0.108269339855244 0.0960302140729779 0.0545846124315294 0 0.0354856099183106 0.0887579088199263 0 0 0.224969578202272 0.0752029163487543 0 0 0.0626096868146585 0.0375245201049924 0 0.102768425091783 0.10493550503932 0.0671733261394424 0 0.0988072658554698
"6" 0.0736136552856099 0.0961410920698589 0.0866430078808398 0.0892180613065436 0.0630228147682296 0 0.0608003447138963 0 0.523772944566 0 0.0601665772404576 0 0.267739302137694 0 0.0674366079963135 0.554541983149086 0 0 0 0 0
"7" 0.0559513928341721 0.110035027164895 0.0725826352385254 0.0983413942295002 0.072479519142048 0.0891256080954197 0 0 0 0.226125489062268 0.0632960871298781 0 0 0.062744765073948 0.0791042559441781 0 0.075907422850583 0.0741182446850317 0.0861611723624614 0 0.0678892508749517
"8" 0 0 0 0 0 0 0 0 0 0.199593328549428 0 0 0 0 0 0 0 0 0 0 0
"9" 0 0 0 0 0 0.0836877332759611 0 0 0 0 0 0 0 0 0 0.332035973611105 0 0 0 0 0
"10" 0.0597240443859745 0 0 0 0.0923908063827393 0 0.0578812609808089 1.09719021289851 0 0 0 0 0 0 0 0 0 0.103984337624567 0 0 0
"11" 0.0737135391861947 0.0630882624129374 0.077760097574258 0.0925449038852718 0.078967968431177 0.101957501762691 0.0939360389577808 0 0 0 0 0.0933712472999127 0 0.072351857896728 0.0618762424233901 0 0.0982363024350151 0.105664782219384 0.0986430921270336 0.0979044967822053 0.0685429471172927
"12" 0.0489170358525175 0 0 0 0 0 0 0 0 0 0.0727416719411922 0 0 0.0619179280569041 0.0719274412194977 0 0.080124647656634 0.118736647287287 0.118959989628764 0.0922759898490377 0.0630427520840585
"13" 0 0.09675280137776 0.0747078663784069 0.0824393591786443 0 0.0876007874930946 0 0 0 0 0 0 0 0 0 0 0 0 0 0 0
"14" 0.0626724099064739 0 0.0911291349277738 0.0691785088375632 0.0630306819829855 0 0.101148324955268 0 0 0 0.0508298733502451 0.114740192212811 0 0 0.0394838058168939 0 0.0911094307777831 0.112624879824451 0.0562585921429967 0.0978679219268038 0.0454454261042112
"15" 0.0614115770975596 0.0958986452405916 0.0716828742413857 0.063932363938586 0.0647707543245279 0.0977351846082109 0.0747996025079886 0 0 0 0.0652508957452315 0.115968046870662 0 0.0664669433476708 0 0 0.101189815480274 0.0855799582982923 0.107748383966719 0.0874043651591879 0.0544410252390647
"16" 0 0 0 0 0 0.089657142393695 0 0 0.392210763843329 0 0 0 0 0 0 0 0 0 0 0 0
"17" 0.0692816050709857 0 0.0794056991955573 0 0.09099497072704 0 0.0647876114300855 0 0 0 0.101699003780614 0.0598288927349128 0 0.0744538967184797 0.0631391543295188 0 0 0.0895796262603188 0.0726113030919143 0.0649667248850163 0.0718665249102832
"18" 0.0485694299490215 0 0 0 0.0744376641172474 0 0.0901737280465967 0 0 0.27020214061612 0.0780118908762434 0.0918734645758996 0 0.0727096065395793 0.0744760352652466 0 0.100117832894687 0 0.122207780815618 0 0.0703217420124947
"19" 0.0775382354333602 0 0 0 0.0799341468316752 0 0.0873425716678698 0 0 0 0.0701005224129461 0.118033826733529 0 0.0881578142010065 0.0658995228092559 0 0.0875853226133719 0.117645588476118 0 0.0866303425442879 0.071198188073166
"20" 0.0466795556173108 0.0853207446477058 0.0952133542358571 0.0750553114313689 0 0 0 0 0 0 0.0674776181083943 0.091553247248664 0 0.0701755257097422 0.0670442525279748 0 0.0795534706126153 0 0.0660716016836482 0 0.0853838885984001
"21" 0.0885640558378276 0.0864517417352952 0.080938220860363 0.0781514178454144 0.0503640364878445 0 0.0421673800793534 0 0 0 0.0824567578202308 0.123082972901875 0 0.077515339135997 0.0732391807149561 0 0.07890424859367 0.0940269633372971 0.0970298835812951 0.0926310908940963 0
