"V1" "V2" "V3" "V4" "V5" "V6" "V7" "V8" "V9" "V10" "V11" "V12" "V13" "V14" "V15" "V16" "V17" "V18" "V19" "V20" "V21" "V22" "V23" "V24" "V25" "V26" "V27" "V28" "V29" "V30" "V31" "V32" "V33" "V34" "V35" "V36" "V37" "V38" "V39" "V40" "V41" "V42"
"1" 0 0 0 0.0753038377447015 0 0.0328474971137352 0.0800132319215842 0 0 0.0866515608011846 0 0 0 0.052853792390326 0 0.131907673261893 0.0469110767058228 0 0.0952356269581617 0 0 0 0 0.0687515938666472 0 0 0 0.0453324055772701 0 0 0 0.158834564548379 0 0 0 0 0 0 0 0.0474042565103583 0 0
"2" 0 0 0 0 0.157299885561187 0.0563816001246268 0 0 0 0 0 0 0 0 0 0.142216883361978 0 0 0 0 0 0 0 0.0527649689915513 0 0.057804173758727 0 0.0694058173111055 0 0 0 0.152367479585045 0.135364194258554 0 0 0 0 0 0.175864339023318 0.0473362261049403 0 0
"3" 0 0 0 0 0 0 0 0 0 0 0 0 0 0 0.195259576042027 0 0 0 0 0.0887812425534508 0 0 0.151023216055433 0 0 0 0 0 0 0 0 0 0 0.0954039834326842 0 0 0 0.151839368122171 0 0 0 0
"4" 0.0504935129348515 0 0 0 0 0.0732777258110646 0.0911958081346837 0.0471973585371617 0 0 0 0 0 0.100249406733254 0 0 0.0691472351655827 0 0.0813547470226909 0 0 0 0 0.0764418825226896 0 0.0662082183153875 0.0900677973658559 0.062120094045052 0 0 0.041702038652346 0 0 0.0882191803200505 0 0 0 0 0 0.0634295815551198 0 0
"5" 0 0.0810105169389941 0 0 0 0 0 0 0 0 0 0 0 0 0 0.165935866926198 0 0 0 0 0 0 0 0.0622447097389845 0 0 0 0 0 0 0 0.1891226700229 0.119569351451435 0 0 0 0 0 0.140381627866724 0 0 0
"6" 0.0535179947317679 0.114809579192238 0 0.0919397999909862 0 0 0.0686388392011946 0.0399212420337593 0 0 0 0 0 0.0831372022108 0 0 0.0729085450254711 0 0.0693261128492181 0 0 0 0 0.0574691761217309 0 0.0917940319495262 0.0704613289828085 0.0547266143128879 0 0 0.0468412657497181 0 0.118276859767814 0 0 0 0 0 0 0.058818818456053 0 0
"7" 0.0921613121783843 0 0 0.0766828958352603 0 0.0738395742229392 0 0.0619653393069915 0 0.0789954416143731 0 0.141364367221674 0 0.102478234848014 0 0 0.0649572874970271 0 0.0630629300191706 0 0 0 0 0 0 0 0 0.0631108493357145 0 0 0.0469968598497537 0 0 0 0 0 0 0 0 0.0544261347617429 0.113037356392285 0
"8" 0 0 0 0.11894554795461 0 0.0676377136249137 0.0943254117810931 0 0 0 0 0.0730205023734007 0 0.111890679828561 0 0 0.0781521075820828 0.0736469695266419 0.0556729601309539 0 0 0.040681809273744 0 0.0703942509844964 0 0.11249378808184 0.065011259601007 0.0564438133935038 0 0 0.0589077612547615 0 0 0 0 0.067961914514881 0 0 0 0.0677940799545292 0.0872351455313505 0
"9" 0 0 0 0 0 0 0 0 0 0 0 0 0.17311255415163 0 0 0 0 0.0643221514418685 0 0 0 0.0929419929878253 0 0 0 0 0 0 0 0.0988881497188171 0.0570372858844904 0 0 0 0 0.0813640021269126 0.0722748282219346 0 0 0 0.0593152442120183 0.0931041451360868
"10" 0.0816959772434627 0 0 0 0 0 0.0876073592901453 0 0 0 0 0.106599000145763 0 0.0995755193451023 0 0.121212065182972 0.0603793200352138 0 0 0 0 0 0 0 0 0 0 0.0562189454720023 0 0 0 0 0 0 0 0 0 0 0 0.0667880674848879 0 0
"11" 0 0 0 0 0 0 0 0 0 0 0 0 0 0 0 0 0 0 0 0.0756118858234649 0 0 0.151486247203609 0 0 0 0 0 0.13904799563087 0.101348281831241 0 0 0 0.0704935351362369 0 0.0664117925900495 0.0638170830631819 0.0894931356687149 0 0 0 0.0854919606900405
"12" 0 0 0 0 0 0 0.0617785449194858 0.073904026934077 0 0.129461673911688 0 0 0 0.0794911473531251 0 0 0.0639101469497899 0 0 0 0.353588272460488 0.0701293966635589 0 0 0 0 0 0 0 0 0.0508938315538486 0 0 0 0 0 0 0 0 0 0.0955413011896201 0
"13" 0 0 0 0 0 0 0 0 0.123062724558487 0 0 0 0 0 0 0 0 0.0939484262548052 0 0 0.210428265797083 0.0665711100930989 0 0 0 0 0 0 0 0 0.0694054775496469 0 0 0 0 0 0 0 0 0 0.0732787783667458 0
"14" 0.0867230769360729 0 0 0.0523317830206631 0 0.0784272748022219 0.0888443266286311 0.0646398212242193 0 0.156727336013618 0 0.104716021853068 0 0 0 0 0.0454814066046209 0 0.105148429030666 0 0 0 0 0 0 0 0 0.0705982029112552 0 0 0.058170959739984 0 0 0 0 0 0 0 0 0.0784137495720392 0 0
"15" 0 0 0.273057954559591 0 0 0 0 0 0 0 0 0 0 0 0 0 0 0 0 0.108421688104046 0 0 0.136138234368213 0 0 0 0 0 0 0 0 0 0 0.0887106738961244 0 0 0 0.109204813245333 0 0 0 0
"16" 0.0373410549737021 0.112948393791263 0 0 0.213877616179267 0 0 0 0 0.162979468845296 0 0 0 0 0 0 0 0 0 0 0 0 0 0.0319251481479773 0 0 0 0.0650198349097113 0 0 0 0.154837406880974 0 0 0 0 0 0 0 0.0627304531876162 0 0
"17" 0.101171133992473 0 0 0.08101104577383 0 0.0724747986026683 0.091926939552105 0.0762480721805989 0 0.107016417205304 0 0.12850864228333 0 0.100757863915585 0 0 0 0 0.0751240167346274 0 0 0 0 0.0624063247987343 0 0 0.0697796444528872 0.0503752988629969 0 0 0.0685486747116306 0 0 0 0 0 0 0 0 0.0623810841705088 0.103452898686509 0
"18" 0 0 0 0 0 0 0 0.0712304410125739 0.115200021713397 0 0 0 0.19094985377513 0 0 0 0 0 0 0 0 0.0759766222474 0 0 0 0 0.0814792449338998 0 0 0.0883110069387915 0.068735097410422 0 0 0 0 0.0697484387217084 0.0827395581232 0 0 0 0.0557028871775812 0.0902131108186787
"19" 0.0957665407253335 0 0 0.048572071890426 0 0.073368352106581 0.0546196954856015 0.0668146071873346 0 0 0 0 0 0.0814030650366116 0 0 0.0708730985702113 0 0 0 0 0 0 0.0703418397701192 0 0.0799621440203748 0.0761949130792884 0.0788432911855796 0 0 0.0575028579242044 0 0 0 0 0 0 0 0 0.0635368147481389 0 0
"20" 0 0 0.23666384792456 0 0 0 0 0 0 0 0.0874984540107161 0 0 0 0.202337826220618 0 0 0 0 0 0 0 0.129133128844782 0 0 0 0 0 0.199798429638541 0.0851981189209338 0 0 0 0.0564713940452152 0 0.0816523529520498 0.0902469475226474 0.152525731828839 0 0 0 0.0660034283721456
"21" 0 0 0 0 0 0 0 0 0 0 0 0.107921842635368 0.176706498279412 0 0 0 0 0 0 0 0 0 0 0 0 0 0 0 0 0 0 0 0 0 0 0 0 0 0 0 0.0750842830886386 0
"22" 0 0 0 0 0 0 0 0.0664288715604713 0.128060175341823 0 0 0.115656139334344 0.102296902169919 0 0 0 0 0.0972678437136379 0 0 0 0 0 0 0 0 0.0561451446829194 0 0 0.0866788792931442 0.0477819866840703 0 0 0 0 0.0716655769344822 0.0900561660237188 0 0 0 0.0917959144965871 0.0988976642463437
"23" 0 0 0.232766438930249 0 0 0 0 0 0 0 0.112821965178352 0 0 0 0.18260099511995 0 0 0 0 0.0710007636726875 0 0 0 0 0 0 0 0 0.160466689984132 0 0 0 0 0 0 0 0.077220613820761 0.119072054691349 0 0 0 0
"24" 0.0864064375254917 0.110584425086803 0 0.0691716936233473 0.23808227245077 0.0708481276387307 0 0.0620907194127704 0 0 0 0 0 0 0 0.0858308398056815 0.0755542679857286 0 0.0605718897351312 0 0 0 0 0 0 0.0621029923592964 0.0874546112277064 0.077329456855401 0 0 0 0.223252565101165 0.0815138572038011 0 0 0 0 0 0.14003503653261 0.0435729544134949 0 0
"25" 0 0 0 0 0 0 0 0 0 0 0 0 0 0 0 0 0 0 0 0 0 0 0 0 0 0 0 0 0 0 0 0 0 0 0.323364246139343 0 0 0 0 0 0 0
"26" 0 0.104167202355909 0 0.0667499935993266 0 0.0659932895211063 0 0.0523445062819704 0 0 0 0 0 0 0 0 0 0 0.0935950848823241 0 0 0 0 0.0528588060938924 0 0 0.0524370536222317 0.0686467333791436 0 0 0 0 0.115006548466876 0.0787377891853012 0 0 0 0 0.154012016482554 0.0564158877864419 0 0
"27" 0 0 0 0.0562787271095621 0 0.0588158038217724 0 0.0368766417419888 0 0 0 0 0 0 0 0 0.0876728102377975 0.0849738437772308 0.122097251121021 0 0 0.0757149157221102 0 0.0248975950210068 0 0.0616200164252088 0 0.0565652054551148 0 0 0.0720454778534525 0 0 0.0518458636052153 0 0.125174782182153 0 0 0 0.0656423451383295 0 0
"28" 0.103527152389288 0.101745874728568 0 0.0776772850003514 0 0.0898535079177379 0.0758406417614371 0.0653435314173602 0 0.139544466911835 0 0 0 0.0919382409346895 0 0.11996088733821 0.0600837702018376 0 0.0770875337064491 0 0 0 0 0.0573616684166935 0 0.079574807631761 0.0572857843331916 0 0 0 0 0.15526053661292 0 0 0 0 0 0 0 0.0495899700885005 0 0
"29" 0 0 0 0 0 0 0 0 0 0 0.113639542521699 0 0 0 0 0 0 0 0 0.0743904558920771 0 0 0.19377929985729 0 0 0 0 0 0 0.0756331159199964 0 0 0 0 0 0 0.098067628583353 0.156856324929098 0 0 0 0
"30" 0 0 0 0 0 0 0 0 0.13013927109944 0 0.0719549463803486 0 0 0 0 0 0 0.0940061543811004 0 0.0641804002148176 0 0.0843186076016969 0 0 0 0 0 0 0.174144562639522 0 0.0429605350011609 0 0 0.085382040422589 0 0.0874038687884124 0.118634657073069 0 0 0 0 0.0952167891014017
"31" 0 0 0 0.0741007691538551 0 0.0645771990549323 0.0714360912608843 0.0697932091796482 0.114993273926926 0 0 0.118580427665131 0.159673059780439 0.0857579120801001 0 0 0.0756594289999793 0.0862596885211706 0.0592086603517701 0 0 0.101260345008135 0 0 0 0 0.0931379973499742 0 0 0.0978179637333548 0 0 0 0.0922489834015786 0 0.0621565041893236 0 0 0 0 0.0876520805529949 0.124546133850601
"32" 0.0701946045814901 0.0870896350113102 0 0 0.194542104669803 0 0 0 0 0 0 0 0 0 0 0.150873972849804 0 0 0 0 0 0 0 0.0674467859099433 0 0 0 0.0677055424460796 0 0 0 0 0 0 0 0 0 0 0 0.0487446752098091 0 0
"33" 0 0.116082862221525 0 0 0.171517722868237 0.042759627003452 0 0 0 0 0 0 0 0 0 0 0 0 0 0 0 0 0 0.0636227343653654 0 0.104640576000801 0 0 0 0 0 0 0 0 0.475374001356373 0 0 0 0.148965974550427 0.0567604916187912 0 0
"34" 0 0 0.130070964533783 0.071833285088386 0 0 0 0 0 0 0.134915309143312 0 0 0 0.189299254575056 0 0 0 0 0.102858443891422 0 0 0 0 0 0.0523730069100438 0.0731893881027266 0 0 0.0923121125884796 0.0473929333799343 0 0 0 0 0.0895079603320647 0.0605332701053453 0.128162100373975 0 0 0 0.0705785627560001
"35" 0 0 0 0 0 0 0 0 0 0 0 0 0 0 0 0 0 0 0 0 0 0 0 0 0.664517754098549 0 0 0 0 0 0 0 0.110650219932754 0 0 0 0 0 0.121537629728939 0 0 0
"36" 0 0 0 0 0 0 0 0.0615964971631608 0.0946914126695217 0 0.0957101301229396 0 0 0 0 0 0 0.0968924378724572 0 0.095556138013843 0 0.0772346117514196 0 0 0 0 0.0733827819345524 0 0 0.0892588326985857 0.0572479757834072 0 0 0.106267148459157 0 0 0.113991787833894 0 0 0 0.0620184072939745 0.121167113567228
"37" 0 0 0 0 0 0 0 0 0.100257720887151 0 0.108461030767668 0 0 0 0 0 0 0.0860885169706454 0 0.0796337534786067 0 0.0669683639805818 0.179615902494504 0 0 0 0 0 0.217832738622255 0.073994928823599 0 0 0 0.091360125608091 0 0.0675527092372153 0 0 0 0 0 0.0773547019113759
"38" 0 0 0.269892456153016 0 0 0 0 0 0 0 0.117245200286479 0 0 0 0.193207709166937 0 0 0 0 0.129481272055873 0 0 0.154947389243724 0 0 0 0 0 0.168011556001195 0 0 0 0 0.0783123857163064 0 0 0 0 0 0 0 0
"39" 0 0.124463827563821 0 0 0.144242244839565 0 0 0 0 0 0 0 0 0 0 0 0 0 0 0 0 0 0 0.0813352319669289 0 0.103912628847133 0 0 0 0 0 0 0.147718749165533 0 0.274364507865481 0 0 0 0 0 0 0
"40" 0.0729414449884469 0.101199135863312 0 0.0626460002555815 0 0.101623801139756 0.0661760328682019 0.0459705990291059 0 0.178485715833524 0 0 0 0.0805801725209399 0 0.123434950265023 0.0868119046736142 0 0.0349180070989623 0 0 0 0 0.0637410296653166 0 0.0909299732653203 0.0731399280007704 0.0581473166740971 0 0 0 0.137649198324236 0.142224642830948 0 0 0 0 0 0 0 0 0
"41" 0 0 0 0 0 0 0.0582144885328186 0.0522641396503004 0.090789758496317 0 0 0.100333564605318 0.140173986337118 0 0 0 0.0742103255530997 0.0854103904608427 0 0 0.33322975080691 0.0649823432906676 0 0 0 0 0 0 0 0 0.0607928678569118 0 0 0 0 0.0632581301039809 0 0 0 0 0 0.103218025998548
"42" 0 0 0 0 0 0 0 0 0.142592883025865 0 0.0781480570119174 0 0 0 0 0 0 0.0771199428315667 0 0.111048949334825 0 0.0610287424044948 0 0 0 0 0 0 0 0.0987869729879583 0.0568785971772515 0 0 0.0684235764353617 0 0.0696718867707403 0.111492184002177 0 0 0 0.0640482946062223 0
