"V1" "V2" "V3" "V4" "V5" "V6" "V7" "V8" "V9" "V10" "V11" "V12" "V13" "V14" "V15" "V16" "V17" "V18" "V19" "V20" "V21"
"1" 0 0 0.0690761430022439 0.0791102973460223 0 0.0630205615293301 0.0544153515223383 0.0806750129504137 0.0694359838883678 0 0 0.101424574733104 0 0.0514658611525856 0.120889733373635 0.0881281194520695 0.0892456663646219 0 0 0.0649859351982158 0.115503187983612
"2" 0 0 0 0 0 0 0.0760058513304791 0.0745350380503039 0 0 0 0 0 0.084249013637527 0.103991778582103 0 0 0 0 0 0
"3" 0.0932887369520285 0 0 0.0772456225952926 0.163825128484634 0.0718864244646831 0.0555027176793382 0.0394851665555565 0.104776556324461 0.20570592588291 0.221877218381363 0 0 0.0714695516082413 0 0 0.0758798093036513 0.210053152510069 0 0.0532295027542197 0
"4" 0.106128875062062 0 0.07185005497456 0 0 0.0759454563831787 0.0759198894618801 0.0647690819875496 0.0601201386967119 0.295423940672169 0.279652496692012 0.109152335241882 0 0.0814449844345492 0 0.114676549241211 0.0841887912953405 0 0 0.06436082232123 0.0613461118624113
"5" 0 0 0.0492304566763187 0 0 0 0.0452162141770858 0.082584258445951 0 0 0 0 0.227925184508348 0.0763247234000341 0 0 0 0.111409496985344 0.351171911908977 0 0
"6" 0.0788292054299798 0 0.0911672727124293 0.0668151490554681 0 0 0.0908586629482577 0.0506899553704117 0.0901910121768364 0.22978493975088 0.26599511221999 0.0981477980584828 0 0.0686683272485186 0 0.0678125859433651 0.085224274617919 0 0 0.0865505732206259 0.104695203728994
"7" 0.0876353997736517 0.253312911949661 0.0700745423303607 0.0635704191223746 0.130123226209675 0.0906157117799126 0 0.0767011255335596 0.0647027224322701 0 0 0 0.158460650205004 0.0734557144866612 0.0878368432227903 0 0.0793526956573039 0.243122847836687 0 0.0682742515762342 0
"8" 0.0619803132608439 0.244510974043714 0.0752179211032655 0.0665164866528917 0.166755159159528 0.0629105792539917 0.0677745460085114 0 0.0543413198563399 0 0 0.0878765817318279 0 0.093896488517567 0.121467387194202 0.0861273039725219 0.0656896746398124 0 0 0.0812376696116454 0.104934837113267
"9" 0.0743041650580639 0 0.0744009888711338 0.0525678265133333 0 0.0531428331777585 0.076782198326394 0.0666286868209652 0 0 0 0.113389334275401 0 0.087251298456201 0.101283653088131 0.093582862085878 0.0443688719975539 0 0 0.0952437870073999 0.0954165925090478
"10" 0 0 0.0751394685244165 0.0442201213974541 0 0.0774331917049385 0 0 0 0 0.104550023426266 0.0937303785632542 0 0 0 0 0 0 0 0 0
"11" 0 0 0.0624474183981481 0.064992817412023 0 0.0684081005368353 0 0 0 0.272235997170713 0 0 0 0 0 0 0 0 0 0 0
"12" 0.0678406809796182 0 0 0.0780304513416435 0 0.0518803337245735 0 0.0666340603062654 0.0757457359419171 0.197774179572545 0 0 0 0 0 0.0704715332063906 0.0992128155413488 0 0 0.0774701316017606 0.0582256702947579
"13" 0 0 0 0 0.126842465175312 0 0.0828652380925745 0 0 0 0 0 0 0.0667977821197921 0 0 0 0.174118116251063 0.355744580379735 0 0
"14" 0.0762536662616288 0.231160599117387 0.0722699327506176 0.0730273914257557 0.188000637350748 0.0600585929252846 0.0641572396492326 0.0603169456974104 0.118827180379246 0 0 0 0.12482637300925 0 0.113450531047222 0.0906064340602249 0.0609667204917268 0 0 0.0841683609678194 0.0381925311063523
"15" 0.088828811143833 0.294941907910452 0 0 0 0 0.0774950949173945 0.0619796593095609 0.0435051415407993 0 0 0 0 0.0917050756341956 0 0.104164187500932 0.0755203973760327 0 0 0.0901436334110565 0.0992207562167837
"16" 0.0659124755699644 0 0 0.0775295562442894 0 0.0612939805638188 0 0.0747881151096915 0.0672207208576234 0 0 0.0923679314860162 0 0.0827784925267226 0.0561020307763931 0 0.0626366460972387 0 0 0.0794167715815123 0.0969744447762218
"17" 0.0777071080693964 0 0.0827657460180162 0.0745586518807366 0 0.0505795840214176 0.0582867054365109 0.0344337176025001 0.0497527734941515 0 0 0.0732944410057593 0 0.090896854676848 0.0811081575457427 0.107491116326958 0 0 0 0.0308118460332998 0.0765064829208519
"18" 0 0 0.0603418934799037 0 0.108240070329185 0 0.0787312688719084 0 0 0 0 0 0.229419629068526 0 0 0 0 0 0.31332534732204 0 0
"19" 0 0 0 0 0.099455304965199 0 0 0 0 0 0 0 0.173719796878417 0 0 0 0 0.129162411274505 0 0 0
"20" 0.0783105891234615 0 0.105440445566572 0.0827350541951973 0 0.0833494413912759 0.0738600291685074 0.0949668205209621 0.0897386965197233 0 0 0.10044491258801 0 0.0811644750866015 0.0799307526139156 0.0749686202375687 0.0565104682304127 0 0 0 0.0673868967369019
"21" 0.0998354075533529 0 0 0.0585745174137499 0 0.0629134735236549 0 0.0594456897298217 0.0448440592122709 0 0 0.121950932937193 0 0.0596891291304699 0.102908997116393 0.0937264689109849 0.0739238088467276 0 0 0.0913141823633131 0
