"V1" "V2" "V3" "V4" "V5" "V6" "V7" "V8" "V9" "V10" "V11" "V12" "V13" "V14" "V15" "V16" "V17" "V18" "V19" "V20" "V21"
"1" 0 0 0.0980189554371458 0.0583758975543033 0 0.0879520304548102 0 0.0312871774384387 0.120375378375119 0 0.131074604358485 0.114506562219266 0 0 0 0 0.0504574825492363 0.0907955123174269 0.080884673137518 0.107343444150006 0.0949217671223738
"2" 0 0 0 0.0602833077241088 0 0 0 0 0 0.090859217186539 0 0 0 0.0884984503870189 0 0 0 0 0 0 0
"3" 0.106013725683663 0 0 0 0 0 0 0.0449511179313992 0.165116510839514 0 0.108138170420862 0.107002420472365 0 0 0 0 0.0607345574012176 0 0.0641615800283694 0.0583638662696616 0.0902545972624704
"4" 0.0579044562100868 0.292713083250847 0 0 0 0.104922470597139 0 0.0576239082399129 0.125013156275394 0.0741010208782252 0.122553685443357 0 0 0.150668643428237 0.101462544393112 0 0.0998393109544356 0.0927779507433276 0.0776076174193645 0.096076960549809 0.0929472367026856
"5" 0 0 0 0 0 0 0.24581144701235 0 0 0 0 0 0.127999111746363 0 0.0904025071558937 0.248689575153788 0 0.105349967714299 0 0 0
"6" 0.0933177705257127 0 0 0.0664249517130348 0 0 0 0.0876426587791571 0 0.0920273150847144 0.0415718041452214 0.0889532906676425 0 0 0 0 0.0595866263901819 0.0809081659931444 0.0803726879202727 0.0594643449488876 0.0943928249424048
"7" 0 0 0 0 0.151635713231568 0 0 0 0 0.0523584447334893 0 0 0.214764228715716 0.109912985713923 0.0966928836698428 0 0 0 0 0 0
"8" 0.101084069156392 0 0.0999370130055139 0.0631857229112111 0 0.0933249016362743 0 0 0.0953572435316786 0.0700487593531375 0.0918821543663198 0.106364324800557 0 0 0.123877801205179 0 0.0606966770802648 0.0831014875396416 0.0768993913682447 0.100681201807354 0.12401690326185
"9" 0.024607204268336 0 0.0851357333431009 0.0586852090776623 0 0 0 0.107676108054288 0 0 0 0.125684840071881 0 0 0 0.311615822890116 0.0865281623627529 0.0400590763140512 0.0460517443251188 0 0
"10" 0 0.402404520743866 0 0.0736302004225941 0 0.0958523164785161 0.278183711959845 0.0782719772160388 0 0 0 0 0.187559001717139 0.106694599443257 0.0950905879823161 0 0.0815578037857919 0.105057084034592 0.048057895791115 0.108741225011455 0
"11" 0.0870776601923607 0 0.10683006988596 0.0710097821100426 0 0.129075788651562 0 0.0580686666737246 0 0 0 0.0814892968082879 0 0 0 0 0.088043610203914 0 0.0257319476679881 0.10679427280603 0.0645692600191651
"12" 0.135648516400145 0 0.10013800713439 0 0 0.11303630099272 0 0.0718350751115903 0.145341088295041 0 0.1007298532636 0 0 0 0 0 0.0626099120186877 0 0.075479403255717 0.0683772448126129 0.0576037422458815
"13" 0 0 0 0 0.168977478462535 0 0.223996845169924 0 0 0.0813112365495424 0 0 0 0.147544150427666 0.0797135606262484 0 0 0 0 0 0
"14" 0 0.344326571792464 0 0.0498747246123932 0 0 0.225401322913622 0 0 0.0597735813742268 0 0 0.206391183838149 0 0.124186193851337 0 0 0.0717461518380698 0.0720333791767733 0 0
"15" 0 0 0 0.0801348258129478 0.258721833464893 0 0.291124532865825 0.0600840886538302 0 0.0847988292256533 0 0 0.169175660160427 0.127753107227003 0 0.271078768327397 0.0579277471808871 0.0885676277002306 0.0955988759055912 0 0
"16" 0 0 0 0 0.239620612346675 0 0 0 0.120772390984072 0 0 0 0 0 0.0824217056695778 0 0 0.0966646554109283 0 0 0
"17" 0.103647904491972 0 0.12702112792491 0.0801918909130892 0 0.113922047053054 0 0.0777284918713983 0.122875823815559 0.0736312600197201 0.0999152608537212 0.118612758255672 0 0 0.112044242202998 0 0 0.0838280945983125 0.071936248229817 0.0716647331378103 0.12780999905311
"18" 0.0792634029177543 0 0 0.0838086188344368 0.166315638250315 0.104903859705446 0 0.0767215362418317 0.113205611409939 0.0751374321231551 0 0 0 0.0722549006807609 0.100239264923193 0.277428763120754 0.0657207137362561 0 0.0784163281048756 0.0860632420771597 0
"19" 0.0979887467920056 0 0.0947805593950696 0.045760892022975 0 0.0848113001499031 0 0.0907218957391834 0.0503941989479066 0.0990860221263016 0.0818419524253715 0.0981777439581313 0 0.145044981552865 0.0535294649321654 0 0.0697376693879014 0.0795123386343708 0 0.0839735213070696 0.135242328166775
"20" 0.0791240907548257 0 0.106159712366098 0.0814009327284937 0 0.111555649201559 0 0.0689071653702295 0 0.0698201538769752 0.118710032996356 0.107229776533418 0 0 0 0 0.0760001613122254 0.102994469787363 0.0608914699036317 0 0.118689578224721
"21" 0.0989147456297291 0 0.088527127107685 0.0468687113770292 0 0.0901376744356638 0 0.104232185039593 0 0 0.0885110770870532 0.0919406743600302 0 0 0 0 0.0866175119962795 0 0.0795096950936853 0.0493476048496406 0
