"V1" "V2" "V3" "V4" "V5" "V6" "V7" "V8" "V9" "V10" "V11" "V12" "V13" "V14" "V15" "V16" "V17" "V18" "V19" "V20" "V21"
"1" 0 0 0 0 0 0 0 0 0 0 0.0909090909090909 0.166666666666667 0 0 0.142857142857143 0 0 0 0 0 0
"2" 0 0 0.166666666666667 0 0 0 0 0 0.125 0 0 0 0.125 0 0.142857142857143 0 0.111111111111111 0.111111111111111 0 0 0
"3" 0 0.166666666666667 0 0 0 0 0 0 0.125 0 0 0 0.125 0 0 0 0.111111111111111 0.111111111111111 0 0 0.1
"4" 0 0 0 0 0.111111111111111 0 0.166666666666667 0.1 0 0.1 0.0909090909090909 0.166666666666667 0 0 0 0.125 0 0 0.111111111111111 0 0
"5" 0 0 0 0.125 0 0 0.166666666666667 0.1 0 0.1 0.0909090909090909 0.166666666666667 0 0.0769230769230769 0 0.125 0 0 0.111111111111111 0 0
"6" 0 0 0 0 0 0 0 0.1 0 0.1 0 0 0 0.0769230769230769 0 0.125 0 0 0.111111111111111 0.142857142857143 0.1
"7" 0 0 0 0.125 0.111111111111111 0 0 0 0 0 0.0909090909090909 0.166666666666667 0 0 0 0.125 0 0 0.111111111111111 0 0
"8" 0 0 0 0.125 0.111111111111111 0.142857142857143 0 0 0 0.1 0.0909090909090909 0 0 0.0769230769230769 0 0.125 0 0 0.111111111111111 0.142857142857143 0.1
"9" 0 0.166666666666667 0.166666666666667 0 0 0 0 0 0 0 0 0 0.125 0.0769230769230769 0.142857142857143 0 0.111111111111111 0.111111111111111 0 0 0.1
"10" 0 0 0 0.125 0.111111111111111 0.142857142857143 0 0.1 0 0 0.0909090909090909 0 0 0.0769230769230769 0 0.125 0 0 0.111111111111111 0.142857142857143 0.1
"11" 0.333333333333333 0 0 0.125 0.111111111111111 0 0.166666666666667 0.1 0 0.1 0 0.166666666666667 0 0.0769230769230769 0.142857142857143 0 0.111111111111111 0.111111111111111 0 0 0
"12" 0.333333333333333 0 0 0.125 0.111111111111111 0 0.166666666666667 0 0 0 0.0909090909090909 0 0 0 0 0.125 0 0 0 0 0
"13" 0 0.166666666666667 0.166666666666667 0 0 0 0 0 0.125 0 0 0 0 0.0769230769230769 0 0 0.111111111111111 0.111111111111111 0 0.142857142857143 0.1
"14" 0 0 0 0 0.111111111111111 0.142857142857143 0 0.1 0.125 0.1 0.0909090909090909 0 0.125 0 0.142857142857143 0 0.111111111111111 0.111111111111111 0.111111111111111 0.142857142857143 0.1
"15" 0.333333333333333 0.166666666666667 0 0 0 0 0 0 0.125 0 0.0909090909090909 0 0 0.0769230769230769 0 0 0.111111111111111 0.111111111111111 0 0 0
"16" 0 0 0 0.125 0.111111111111111 0.142857142857143 0.166666666666667 0.1 0 0.1 0 0.166666666666667 0 0 0 0 0 0 0.111111111111111 0 0
"17" 0 0.166666666666667 0.166666666666667 0 0 0 0 0 0.125 0 0.0909090909090909 0 0.125 0.0769230769230769 0.142857142857143 0 0 0.111111111111111 0 0 0.1
"18" 0 0.166666666666667 0.166666666666667 0 0 0 0 0 0.125 0 0.0909090909090909 0 0.125 0.0769230769230769 0.142857142857143 0 0.111111111111111 0 0 0 0.1
"19" 0 0 0 0.125 0.111111111111111 0.142857142857143 0.166666666666667 0.1 0 0.1 0 0 0 0.0769230769230769 0 0.125 0 0 0 0.142857142857143 0
"20" 0 0 0 0 0 0.142857142857143 0 0.1 0 0.1 0 0 0.125 0.0769230769230769 0 0 0 0 0.111111111111111 0 0.1
"21" 0 0 0.166666666666667 0 0 0.142857142857143 0 0.1 0.125 0.1 0 0 0.125 0.0769230769230769 0 0 0.111111111111111 0.111111111111111 0 0.142857142857143 0
