"V1" "V2" "V3" "V4" "V5" "V6" "V7" "V8" "V9" "V10" "V11" "V12" "V13" "V14" "V15" "V16" "V17" "V18" "V19" "V20" "V21" "V22" "V23" "V24" "V25" "V26" "V27" "V28" "V29" "V30" "V31" "V32" "V33" "V34" "V35" "V36" "V37" "V38" "V39" "V40" "V41" "V42"
"1" 0 0 0 0 0.0657633291178731 0.0935646472874251 0 0 0 0 0.0723574428668357 0 0 0 0 0 0 0.0879542137068071 0.0630875681753514 0 0 0 0 0.0477463408276094 0 0 0 0.102081298763224 0.0725118349733298 0.0806910071895151 0 0 0 0 0 0.104530851145194 0.0637979713065784 0 0.124678906567721 0.0552616441645566 0 0
"2" 0 0 0.098027849990059 0 0 0.0998834647865871 0.0754968321401209 0 0 0 0.0996518299532578 0.0791617911859935 0 0 0 0 0 0.126220199520656 0 0 0.0951304774407148 0 0 0 0 0 0 0 0 0 0 0 0 0 0 0 0 0.111980450693627 0 0 0 0
"3" 0 0.147720450878967 0 0 0 0.0641412926169921 0.056539681691228 0 0 0 0.0785207743974184 0.0870303277515228 0 0 0 0 0 0.105858355326651 0 0 0.116445369740162 0 0 0 0 0 0 0.0797375393563665 0 0 0 0 0 0 0 0 0 0.108896464859406 0 0.0519972316994532 0 0
"4" 0 0 0 0 0 0 0 0 0 0 0 0 0.116951884890955 0 0.13573959769754 0 0.126478100822981 0 0 0.191972686693229 0 0 0 0 0 0 0 0 0 0 0 0 0 0.130037698958989 0.0670993012347711 0 0 0 0 0 0 0
"5" 0.0646373759240893 0 0 0 0 0 0 0 0 0.0637667781169502 0 0 0 0 0 0.0896661511856407 0 0 0.105881123857811 0 0 0 0 0.0538487905631107 0.0908968268104103 0.0756414987153855 0 0 0 0 0 0 0.0884336825833253 0 0.0617973070827148 0 0 0 0.0973691519277408 0.0560935618468461 0.0650241040647866 0.115628844753061
"6" 0.0506935361302901 0.158116614017703 0.0692561431005458 0 0 0 0.0931828006632561 0 0 0.069999489676513 0.0863673264195527 0.0884766769858749 0 0 0 0 0 0.0634174638473314 0 0 0.102964920431287 0 0 0.0560292784152251 0 0 0 0.0803412998365986 0.0707083044156485 0 0 0 0 0 0 0 0 0.0724744299721265 0 0.0536392676070886 0.0859640173537328 0
"7" 0 0.122002069395902 0.0753286186899316 0 0 0.0884571835067474 0 0.136697571458435 0 0.080667098090104 0.0884739030654271 0.0520359868157702 0 0 0 0 0 0 0 0 0.0846598961321081 0 0 0.0624473958465747 0.0702894228722546 0 0 0.0836635161073283 0 0 0 0 0 0 0 0 0 0.0961383051425047 0 0.0438257116759963 0.0792217572334933 0
"8" 0 0 0 0 0 0 0.0752862914539542 0 0 0.0774356977546898 0 0.0820369950005812 0 0 0 0 0 0 0 0 0.0616048251126176 0 0 0 0.0542253212808602 0 0 0 0 0 0 0 0 0 0 0 0 0.0356635926606639 0 0 0.110154353821726 0
"9" 0 0 0 0 0 0 0 0 0 0 0.05553784609356 0 0 0 0 0 0 0 0 0 0 0.13974998540447 0 0 0 0 0 0.0607997571116054 0.0687516797914226 0.101724368864561 0 0.104575758702138 0 0 0 0.0742634159506249 0.0696155213956784 0 0 0 0 0
"10" 0 0 0 0 0.056602365747705 0.0520746005047442 0.0852428058883581 0.067485506228022 0 0 0 0.0832134410228785 0 0 0 0 0 0 0 0 0.0698429637220943 0 0 0.0180879510623321 0.0792289694319628 0 0 0 0 0 0 0 0.0858399180445515 0 0 0 0 0.0815327056006273 0 0.0464371800489956 0.0955460951858127 0.0956912633177233
"11" 0.0744628388842281 0.108375596392089 0.105061131998613 0 0 0.0851480985838844 0.0683932052871946 0 0.142252015705831 0 0 0 0 0 0 0 0 0.0825652859071958 0 0 0.0793653739503004 0 0 0.0716959142815254 0 0 0 0.088675808385985 0.057484093739704 0.0982250588252693 0 0 0 0 0 0 0 0 0 0.0659124467792765 0 0
"12" 0 0.156004899402645 0.110392831918393 0 0 0.0755701001597922 0.0601527037277587 0.132279638344794 0 0.113711692318636 0 0 0 0 0 0 0 0 0 0 0.0897254344844112 0 0 0.0603000167747728 0.0883524740899888 0 0 0 0 0 0 0 0 0 0 0 0 0.0944636071146399 0 0.0610708135463259 0.09208683796786 0
"13" 0 0 0 0.188368300904835 0 0 0 0 0 0 0 0 0 0 0.159579865709138 0 0.0888463183226343 0 0 0.113526152596214 0 0 0 0 0 0 0 0 0 0 0 0 0 0.146712579458265 0.0832246132629957 0 0 0 0 0 0 0
"14" 0 0 0 0 0 0 0 0 0 0 0 0 0 0 0 0.109242525135898 0 0 0 0 0 0 0 0 0.0843083048648962 0.115447510222784 0.688921071297779 0 0 0 0 0 0.0658521643870303 0 0 0 0 0 0 0 0 0.0908616678542671
"15" 0 0 0 0.123100069579601 0 0 0 0 0 0 0 0 0.210991369498048 0 0 0 0.161668262696946 0 0 0.188016191808573 0 0 0 0 0 0 0 0 0 0 0 0 0 0.149527426916288 0.0747277369432838 0 0 0 0.142075394913739 0 0 0
"16" 0 0 0 0 0.0750546155391351 0 0 0 0 0 0 0 0 0.178944798898375 0 0 0.13153895296184 0 0.0851054590764602 0 0 0 0 0.0454002851327896 0.0643606376603118 0.121818994173838 0 0 0 0 0 0 0.069091069984515 0 0.0740410843258952 0 0 0 0.108891350604347 0 0 0.0753181239213237
"17" 0 0 0 0.11309518280713 0 0 0 0 0 0 0 0 0.17090541466858 0 0.147588647623482 0.106872392924482 0 0 0 0.105701182070704 0 0 0 0 0 0.0912525192070324 0 0 0 0 0 0 0 0.145266200330232 0.0580622749731244 0 0 0 0 0 0 0
"18" 0.0780524608574122 0.115149335739453 0.102834558234911 0 0 0.0602354603411002 0 0 0 0 0.0851397690063957 0 0 0 0 0 0 0 0 0 0.104184409524286 0 0 0 0 0 0 0.0715884355185226 0.10408964349201 0 0 0 0 0 0 0 0 0 0 0.0490269049844138 0 0
"19" 0.0704248433819209 0 0 0 0.0587495343177631 0 0 0 0 0 0 0 0 0 0 0.100157480856701 0 0 0 0 0 0 0 0.0435606718914428 0.065075103882419 0.100764750351112 0 0 0 0 0 0 0.0632574404998045 0 0.0804431902403512 0 0 0 0.115696018584536 0.0572027846832838 0 0.0760636804039649
"20" 0 0 0 0.216498276737966 0 0 0 0 0 0 0 0 0.146839491052161 0 0.167827380266021 0 0.141603085341916 0 0 0 0 0 0 0 0 0 0 0 0 0 0 0 0 0.152661332580225 0.0691350317026773 0 0 0 0 0 0 0
"21" 0 0.125983227867312 0.0955148877214022 0 0 0.0704425581707642 0.0803648507276999 0.1063685666656 0 0.0853676109037042 0.108676809165827 0.100946130235242 0 0 0 0 0 0.0503238061026841 0 0 0 0 0 0 0 0 0 0 0 0 0 0 0 0 0 0 0 0.101223742756081 0 0 0.10230901933021 0
"22" 0 0 0 0 0 0 0 0 0.137412760693909 0 0 0 0 0 0 0 0 0 0 0 0 0 0.160746021944547 0 0 0 0 0 0.0907223204223606 0.0880267959022898 0 0.146646842237254 0 0 0 0.129813604593288 0.0709290161467463 0 0 0 0 0
"23" 0 0 0 0 0 0 0 0 0 0 0 0 0 0 0 0 0 0 0 0 0 0.1712030023452 0 0 0 0 0 0 0 0.129888387637871 0.345283849373182 0.128243642270908 0 0 0 0.0887294802152031 0.0766593035783644 0 0 0 0 0
"24" 0.0955945599798699 0 0 0 0.0682496965959927 0.0760231654935106 0.0595645018326901 0 0 0.086949956519844 0.0886609914401661 0.108998289074833 0 0 0 0.118366137972243 0 0 0.097557232662911 0 0 0 0 0 0.0469647008600992 0.0816082383108932 0 0.0970686003769233 0 0 0 0 0.0572191592182075 0 0 0 0 0.0948078993908652 0.113747464574564 0.0711977147472445 0.115458908431788 0.0896345700363351
"25" 0 0 0 0 0.0571844219873634 0 0.0789679741856865 0.131561203364914 0 0.067485992941733 0 0.0673117877689075 0 0.165188496655769 0 0.0622010706588345 0 0 0.12949483987123 0 0 0 0 0.0460592507793991 0 0.0695865229101158 0 0 0 0 0 0 0.0925085937409093 0 0 0 0 0.0679162161809407 0 0 0.0739066400125237 0.130267810798917
"26" 0 0 0 0 0.08222794006261 0 0 0 0 0 0 0 0 0.114761712156011 0 0.10231934634709 0.141662763536447 0 0.0599524114204063 0 0 0 0 0.0726321536575464 0.0877837137120398 0 0 0 0 0 0 0 0.0822711902016774 0 0.0751444284634371 0 0 0 0.163475158201448 0 0 0.114439797876477
"27" 0 0 0 0 0 0 0 0 0 0 0 0 0 0.171805246582424 0 0 0 0 0 0 0 0 0 0 0 0 0 0 0 0 0 0 0.079904716175013 0 0 0 0 0 0 0 0 0
"28" 0.0772049556671834 0 0.11435296535777 0 0 0.0801260569909696 0.046397015879806 0 0.131329259417974 0 0.104890464899797 0 0 0 0 0 0 0.0925415131537315 0 0 0 0 0 0.0588756371222727 0 0 0 0 0.0877959420761376 0.0828720694922139 0 0 0 0 0 0.120578321401449 0.0806560310902938 0 0 0.0542565038761191 0 0
"29" 0.0715424610391 0 0 0 0 0.0689095639088822 0 0 0.0627501795179983 0 0.0902391812415904 0 0 0 0 0 0 0.126327098801287 0 0 0 0.198848319146356 0 0 0 0 0 0.0804838623343679 0 0.0650724210116739 0 0.140528341936763 0 0 0 0.100548611711391 0.0745417484535329 0 0 0.0684274910294746 0 0
"30" 0.0715112421827724 0 0 0 0 0 0 0 0.171513491533621 0 0.0959463274426725 0 0 0 0 0 0 0 0 0 0 0.169482939464618 0.164657120066237 0 0 0 0 0.0872792472624317 0.0925667079482795 0 0 0.165631686409358 0 0 0 0.100039881867054 0.119452554316138 0 0 0.0557823495822742 0 0
"31" 0 0 0 0 0 0 0 0 0 0 0 0 0 0 0 0 0 0 0 0 0 0 0.219292791267167 0 0 0 0 0 0 0 0 0.163766601087493 0 0 0 0 0.0958228926842446 0 0 0 0 0
"32" 0 0 0 0 0 0 0 0 0.119249794021659 0 0 0 0 0 0 0 0 0 0 0 0 0.146017386048528 0.20587449002457 0 0 0 0 0 0.0749484186835763 0.0918489713081534 0.180628753410532 0 0 0 0 0.10937132646726 0.0775941063239248 0 0 0 0 0
"33" 0 0 0 0 0.0575768909214733 0 0 0 0 0.0761098157149922 0 0 0 0.168134121378831 0 0.116830513088118 0 0 0.0716176566193127 0 0 0 0 0.0711966252612176 0.0739854598452399 0.0664170212642162 0.483843705787861 0 0 0 0 0 0 0 0.109927390687909 0 0 0 0 0 0.0668468306946035 0.0865202105422654
"34" 0 0 0 0.167617246004871 0 0 0 0 0 0 0 0 0.158403652844401 0 0.108193179656157 0 0.136864061949204 0 0 0.207293371138694 0 0 0 0 0 0 0 0 0 0 0 0 0 0 0.0853251590085256 0 0 0 0.133102698060888 0 0 0
"35" 0 0 0 0.153094565760486 0.0750512489592229 0 0 0 0 0 0 0 0.14642202259707 0 0.1202464912724 0.111983517990273 0.163490153156279 0 0.0996406413848498 0.151054562928451 0 0 0 0 0 0.120248147893694 0 0 0 0 0 0 0.0908649939051833 0.115994876112029 0 0 0 0 0.0530741716666749 0 0 0
"36" 0.0644997252355376 0 0 0 0 0 0 0 0.112628207805057 0 0 0 0 0 0 0 0 0 0 0 0 0.120901212727223 0.158776760986157 0 0 0 0 0.0877669441616681 0.0727473118069512 0.0933430794485728 0 0.124423617193291 0 0 0 0 0.0849429072512347 0 0 0.0465865932111328 0 0
"37" 0.0734361718423647 0 0 0 0 0 0 0 0.0964691639080419 0 0 0 0 0 0 0 0 0 0 0 0 0.123052171115654 0.133091561522264 0 0 0 0 0.0520103239127856 0.0696159016047114 0.0693100536682701 0.340342947467568 0.111756193685547 0 0 0 0.109783374231756 0 0 0 0.0598326317219306 0 0
"38" 0 0.12190393479157 0.085036103615296 0 0 0.081295364652194 0.0755376954543192 0.162111341902672 0 0.0920849074276562 0 0.0854376304630142 0 0 0 0 0 0 0 0 0.0670564462115941 0 0 0.0477183072325699 0.0887245549075407 0 0 0 0 0 0 0 0 0 0 0 0 0 0 0 0.0733967675386002 0
"39" 0.0709161620348374 0 0 0 0.0788366256887904 0 0 0 0 0 0 0 0 0 0.117065732171572 0.078299876794215 0 0 0.0747403513937476 0 0 0 0 0.0657976823574733 0 0.080950629270535 0 0 0 0 0 0 0 0.105584179853365 0.0818627413011 0 0 0 0 0 0 0
"40" 0.0753448423869224 0 0.0953888543553695 0 0.0877179910755179 0.054305920287871 0.0643489441613351 0 0 0.0788327674345631 0.0989619248273599 0.0665995902062569 0 0 0 0 0 0.110719943863848 0.107844071760123 0 0 0 0 0.0515745354947441 0 0 0 0.0634025767572807 0.090968197490278 0.0675322761236334 0 0 0 0 0 0.0931440337478354 0.0808433441104133 0 0 0 0.0699955538053819 0
"41" 0 0 0 0 0.0677037687691514 0.0630322111696316 0.0731545314334149 0.158173793722288 0 0.0610138039678596 0 0.0514637311733734 0 0 0 0 0 0 0 0 0.108973522587619 0 0 0.0523997038175508 0.0398880305776066 0 0 0 0 0 0 0 0.0871706458651365 0 0 0 0 0.119807937154636 0 0.07300442083445 0 0.0893096949623881
"42" 0 0 0 0 0.0916140676560125 0 0 0 0 0.101333346217938 0 0 0 0.125846511371715 0 0.091705000022841 0 0 0.0835796338404018 0 0 0 0 0.0657948102277785 0.054226848502246 0.105686225303788 0 0 0 0 0 0 0.0683069972410525 0 0 0 0 0 0 0 0.0484989739417539 0
