"V1" "V2" "V3" "V4" "V5" "V6" "V7" "V8" "V9" "V10" "V11" "V12" "V13" "V14" "V15" "V16" "V17" "V18" "V19" "V20" "V21" "V22" "V23" "V24" "V25" "V26" "V27" "V28" "V29" "V30" "V31" "V32" "V33" "V34" "V35" "V36" "V37" "V38" "V39" "V40" "V41" "V42" "V43" "V44" "V45" "V46" "V47" "V48" "V49" "V50" "V51" "V52" "V53" "V54" "V55" "V56" "V57" "V58" "V59" "V60" "V61" "V62" "V63" "V64" "V65" "V66" "V67" "V68" "V69" "V70" "V71" "V72" "V73" "V74" "V75" "V76" "V77" "V78" "V79" "V80" "V81" "V82" "V83" "V84"
"1" 0 0 0 0 0 0 0 0 0 0 0.140983144582675 0 0.0948987902293859 0 0 0 0 0 0 0 0 0 0 0 0 0 0 0 0 0 0 0.149990600434247 0 0 0 0 0 0 0 0 0 0 0 0 0.0837305592227549 0 0 0 0 0 0 0 0 0 0.164663079376573 0 0 0.0870375572703637 0 0 0 0 0 0 0 0 0.0686838181761057 0 0.150185630562369 0 0 0 0 0 0 0 0 0 0 0 0 0 0 0
"2" 0 0 0 0 0 0 0 0 0 0 0 0.185826161932948 0 0 0 0 0 0 0.235720383311944 0 0 0 0 0 0 0 0 0 0 0 0 0 0 0 0 0 0 0 0 0 0 0 0 0 0 0 0 0 0 0 0 0 0 0 0 0 0 0 0 0 0 0 0 0 0 0 0 0 0 0 0 0 0 0 0 0 0 0 0 0 0 0 0 0
"3" 0 0 0 0 0 0 0 0 0 0.0786710880814207 0 0 0 0 0 0 0.0525986224270865 0 0 0 0 0 0 0 0 0 0 0 0 0 0 0 0 0.23698679047748 0 0 0 0 0 0 0.0694879986415499 0 0.0660160242185855 0 0 0 0.0890079832376473 0 0 0 0 0 0 0.172339812321177 0 0 0 0 0 0 0 0 0 0.0946974110509415 0 0 0 0 0 0 0 0 0.0433133142427529 0 0 0 0 0 0 0 0 0 0 0
"4" 0 0 0 0 0 0 0.117611065860569 0 0 0.0600737336581617 0 0 0 0 0 0.0643102924171924 0.0445528332532554 0 0 0 0 0 0 0 0 0 0 0 0 0 0 0 0.0840836980440147 0 0 0 0 0 0 0 0.0754026951665582 0 0 0 0 0 0 0 0 0 0 0 0 0 0 0 0 0 0 0 0 0 0 0 0 0 0 0 0 0 0.0496440943825418 0 0.0525394843960893 0.093203979123307 0 0 0 0 0 0 0 0 0 0
"5" 0 0 0 0 0 0 0 0 0 0 0 0 0 0 0 0 0 0 0 0 0 0 0 0 0 0 0 0 0 0 0 0 0 0 0 0 0 0 0 0 0 0 0 0 0 0 0 0 0 0 0.544427238930842 0 0 0 0 0 0 0 0 0 0 0 0 0 0 0 0 0 0 0 0 0 0 0 0 0 0 0 0 0 0 0 0 0
"6" 0 0 0 0 0 0 0.103024202473445 0 0 0 0 0 0 0 0 0 0 0 0 0 0 0 0 0 0 0 0 0 0 0 0 0 0 0 0 0 0 0.140785519247803 0.113829971793328 0 0 0 0 0 0 0 0 0 0 0 0 0 0 0 0 0 0 0 0 0 0 0 0.126015124551672 0 0 0 0 0 0 0 0 0 0 0 0 0.20517547602208 0 0 0 0 0 0 0.190810023612356 0.107739826641811
"7" 0 0 0 0.149442939342844 0 0.124229322579522 0 0 0 0 0 0 0 0 0 0 0 0 0 0 0 0 0 0 0 0 0 0 0 0 0 0 0.109814837319181 0 0 0.123641983776831 0 0.145647569034177 0 0 0 0 0 0 0 0 0 0 0 0 0 0 0 0 0 0 0 0 0 0 0 0 0.158054266842721 0 0 0 0 0 0 0 0 0 0 0 0 0.154505379615137 0 0 0.13353240746187 0 0 0 0 0
"8" 0 0 0 0 0 0 0 0 0.0567529224932035 0 0 0 0 0 0 0 0 0.0401426382976137 0 0 0 0 0.109758428179263 0 0 0 0 0 0.0811836323943528 0 0 0 0 0 0 0 0 0 0 0.115377817629168 0 0.0269656416993505 0 0 0 0 0 0 0 0 0 0.062565442839059 0 0 0 0 0.0723445723737606 0 0 0 0 0 0 0 0.0719699853180508 0 0 0 0 0 0 0 0 0 0 0 0.1205945340088 0.0586583745739239 0 0.0535107214969331 0.0936796472706596 0 0 0
"9" 0 0 0 0 0 0 0 0.0696937229184822 0 0 0 0 0 0 0 0 0 0.0619084560942566 0 0 0 0 0.0927080741316585 0 0 0 0 0 0.0700086943039009 0 0.161299243362873 0 0 0 0 0 0 0 0 0.10233084027468 0 0.0662000856262379 0 0 0 0 0 0 0 0 0 0.0628011738554736 0 0 0 0 0 0 0 0 0.258405784503707 0 0 0 0.0786232229855193 0 0 0.190483077253987 0 0 0 0 0 0 0 0 0.0973623991016919 0.0588885763775103 0 0 0 0 0 0
"10" 0 0 0.0764387469494023 0.117950187742161 0 0 0 0 0 0 0 0 0 0.0643640420240452 0 0.0791094527893122 0.0534691965782646 0 0 0 0 0 0 0 0 0 0 0 0 0 0 0 0 0 0 0 0 0 0 0 0.0591728356562029 0 0.076583501839313 0 0 0 0.0880706270803865 0.0481743617876851 0 0 0 0 0 0 0 0 0 0 0 0 0 0 0 0.0824519852726594 0 0 0 0 0 0 0.0480022378859632 0 0.0545041852187718 0.0604136087510061 0 0 0 0 0 0 0 0.045028403235115 0 0
"11" 0.136666083635176 0 0 0 0 0 0 0 0 0 0 0 0 0 0 0 0 0 0 0 0 0 0 0 0 0 0 0 0 0 0 0.195287603742253 0 0 0 0 0 0 0 0 0 0 0 0 0.086680596223899 0 0 0 0 0 0 0 0 0 0.0992445305549668 0 0 0.0721713927078809 0 0 0 0 0 0 0 0 0.0769648604731866 0 0.0966439613508288 0.115322190335623 0 0 0 0 0 0 0 0 0 0 0 0 0 0
"12" 0 0.418605772006689 0 0 0 0 0 0 0 0 0 0 0 0 0 0 0 0 0.213465168337536 0.198887745942352 0 0 0 0 0 0 0 0 0 0 0 0 0 0 0 0 0 0 0 0 0 0 0 0 0 0 0 0 0 0 0 0 0 0 0 0 0 0 0 0 0 0 0 0 0 0 0 0.144032218702343 0 0 0 0.200742067777107 0 0 0 0 0 0 0 0 0 0 0 0
"13" 0.174198327678595 0 0 0 0 0 0 0 0 0 0 0 0 0 0 0 0 0 0 0 0 0.0638637956953602 0 0 0 0.107193160051793 0 0 0 0 0 0.128591454802785 0 0 0.0490687438548975 0 0 0 0 0 0 0 0 0 0.116644268749144 0 0 0 0 0 0 0 0 0 0 0 0 0 0 0.12254205531322 0 0 0 0 0 0.0634494786099504 0.0456554512649217 0 0 0 0 0 0 0 0 0 0 0 0 0 0 0 0 0
"14" 0 0 0 0 0 0 0 0 0 0.0672765135622413 0 0 0 0 0 0 0.0414449308773845 0 0 0 0.0804737689715355 0.0842318324861305 0 0 0 0 0.0605338041560504 0 0 0.0790522775687814 0 0 0 0 0 0 0 0 0 0 0.059681985538788 0 0.0811806189030699 0 0 0 0 0.0393746153974472 0.0560898487971298 0.0568792112362598 0 0 0 0 0 0.0535176728221713 0 0.0508470502043544 0 0 0 0.0432411782818193 0 0.0847748294194372 0 0.0725552193747929 0 0 0 0.102943032256666 0.0553076450089556 0 0.0419784314233735 0 0.081184764694497 0 0 0 0 0 0 0.0302023581288675 0 0
"15" 0 0 0 0 0 0 0 0 0 0 0 0 0 0 0 0 0 0 0 0 0 0 0 0 0 0 0 0 0.085438372241304 0 0 0 0 0 0 0 0 0 0.14451765496676 0 0 0.0863420351812188 0 0 0 0 0 0 0 0 0 0 0 0 0 0 0.0650753571363231 0 0 0 0 0 0 0 0 0 0 0 0 0 0 0 0 0 0 0 0 0 0 0.0651800733643543 0.0855104550393677 0 0 0.106297615148844
"16" 0 0 0 0.0892230455782047 0 0 0 0 0 0.070543066035096 0 0 0 0 0 0 0.0705769564368609 0 0 0 0 0 0 0 0 0 0.0635439232782737 0 0 0.0622696464579645 0 0 0 0 0 0 0 0 0.0928836630244676 0 0.0633599870859443 0 0 0 0 0 0 0 0.0565941213038366 0.0619505607850932 0 0 0 0 0 0 0.0671519373709239 0 0 0 0 0.0513008881351151 0 0 0 0 0 0 0 0 0.060635754776193 0 0.0531745114391821 0.100723262637058 0 0 0 0 0 0.0633410416859957 0 0.0609666404396382 0 0
"17" 0 0 0.125362147274885 0.0936585010690301 0 0 0 0 0 0.0780581463592154 0 0 0 0.0629317291687507 0 0.0608465230032123 0 0 0 0 0 0 0 0 0 0 0 0 0 0 0 0 0 0 0 0 0 0 0 0 0.0660781434461243 0 0.0722211476226699 0 0 0 0.106108877910839 0.0596155233257535 0.0525666075488438 0.056908994880842 0 0 0 0 0 0 0 0 0 0 0 0.0504079549082407 0 0.0846514125529284 0 0 0 0 0 0 0.0701186438066438 0 0.0611418542130441 0.0898251793493098 0 0 0 0 0 0 0 0.0589378915895379 0 0
"18" 0 0 0 0 0 0 0 0.0698746937504601 0.0644730386963908 0 0 0 0 0 0 0 0 0 0 0 0 0 0 0 0.151431312446154 0 0.0623602836671785 0 0.0791592330207644 0.0689066934458018 0 0 0 0 0 0 0 0 0 0.0618167900706547 0 0.0542355652409901 0 0 0 0 0 0 0.0508199896025584 0.0649451369436523 0 0.0682381179607459 0 0 0 0 0.0640117555373648 0 0 0 0 0.0591535506921441 0 0 0.060777783224721 0 0 0 0 0 0 0 0 0 0 0 0.118375210834832 0.0852790276631127 0 0.0387983853630532 0 0 0 0
"19" 0 0.452496728030863 0 0 0 0 0 0 0 0 0 0.197957640008824 0 0 0 0 0 0 0 0.236659062272526 0 0 0 0 0 0 0 0 0 0 0 0 0 0 0 0 0 0 0 0 0 0 0 0 0 0 0 0 0 0 0 0 0 0 0 0 0 0 0 0 0 0 0 0 0 0 0 0 0 0 0 0.128074055534456 0 0 0 0 0 0 0 0 0.117568837194108 0 0 0
"20" 0 0 0 0 0 0 0 0 0 0 0 0.216605610107827 0 0 0 0 0 0 0.191823077996461 0 0 0 0 0 0 0 0 0 0 0 0 0 0 0 0 0 0 0 0 0 0 0 0 0 0 0 0 0 0 0 0 0 0 0 0 0 0 0 0 0 0 0 0 0 0 0 0 0.146221811451873 0 0 0 0.267162380354526 0 0 0 0 0 0 0 0 0.141597660162877 0 0 0
"21" 0 0 0 0 0 0 0 0 0 0 0 0 0 0.0394488289335974 0 0 0 0 0 0 0 0.0601270575553728 0 0 0 0 0.0427161805943451 0 0 0.0704960621347691 0 0 0 0 0 0 0 0 0 0 0 0 0 0 0 0 0 0.0344038221864442 0.0637155812073692 0.0434617670294403 0 0 0 0 0 0.0704748298634597 0 0 0.0665721712982717 0 0 0.0463809263947982 0 0 0 0.0431933109756314 0 0 0 0 0.0832977901752117 0 0.02549809166205 0 0.0577897548664501 0 0 0 0 0 0 0.0654712375005735 0 0
"22" 0 0 0 0 0 0 0 0 0 0 0 0 0.103370626873876 0.0324365887682204 0 0 0 0 0 0 0.0476654653148452 0 0 0 0 0.100289630814095 0.0615610887356159 0.081626806877435 0 0 0 0 0 0 0.102375634850356 0 0 0 0 0 0 0 0 0 0 0 0 0 0 0 0 0 0 0 0 0.0648383981762324 0 0 0.0951185286664423 0.101495716922915 0 0 0 0 0 0.0629490935984296 0.0945486372308786 0 0 0 0 0 0 0 0.063538744444129 0 0 0 0 0 0 0 0 0
"23" 0 0 0 0 0 0 0 0.073795085994112 0.0785137240079054 0 0 0 0 0 0 0 0 0 0 0 0 0 0 0 0 0 0 0 0.0804400547608718 0 0.108352167207788 0 0 0 0 0 0 0 0 0.0543697915836538 0 0 0 0 0 0 0 0 0 0 0 0.081118717765111 0 0 0 0 0 0 0 0 0.269535174978007 0 0 0 0.068679947620864 0 0 0.127974391876692 0 0 0 0 0 0 0 0 0 0.109017458304113 0 0 0 0 0 0
"24" 0 0 0 0 0 0 0 0 0 0 0 0 0 0 0 0 0 0 0 0 0 0 0 0 0 0 0 0 0 0 0 0 0 0 0 0 0 0.160659754620439 0 0 0 0 0 0 0 0 0 0 0 0 0 0 0 0 0 0 0 0 0 0 0 0 0 0 0 0 0 0 0 0 0 0 0 0 0 0 0 0 0 0 0 0 0.21568628388771 0
"25" 0 0 0 0 0 0 0 0 0 0 0 0 0 0 0 0 0 0.0672719173003456 0 0 0 0 0 0 0 0 0 0.12725404063024 0 0 0 0 0 0 0 0 0 0 0 0.0887590190556168 0 0 0 0 0 0 0 0 0 0 0 0.0741714904246026 0.0925982058947424 0 0 0 0 0 0 0 0 0 0 0 0.0943447984875715 0 0 0 0 0 0 0 0 0 0 0 0.0844661946417376 0 0 0 0 0 0 0
"26" 0 0 0 0 0 0 0 0 0 0 0 0 0.0974581629075979 0 0 0 0 0 0 0 0 0.102831051783514 0 0 0 0 0 0.134836431731579 0 0 0 0 0 0 0.0743316486394024 0 0 0 0 0 0 0 0 0 0 0 0 0 0 0 0 0 0.138546520131394 0 0 0.0494085213576532 0 0 0.113696293229671 0.0894822401644246 0 0 0 0 0 0.076188991221477 0.077345029586932 0 0 0 0 0 0 0 0 0 0 0 0 0 0 0 0 0
"27" 0 0 0 0 0 0 0 0 0 0 0 0 0 0.0491915907064138 0 0.071350465575746 0 0.0725079261550087 0 0 0.0709221989620232 0.0687314099240126 0 0 0 0 0 0 0 0.0683942543259814 0 0 0 0 0 0 0 0 0 0 0 0 0 0 0 0 0 0.0742547883941482 0.0515813872071963 0.0652835215152696 0 0 0 0 0 0.0479628085894665 0.0702029761964974 0 0.0665302771994974 0 0 0.0588364118587763 0 0 0 0.112316752816073 0 0 0 0 0.0602625732038565 0 0.0480250806193045 0 0.0700857547500815 0 0 0 0 0 0 0.0484598252162086 0 0
"28" 0 0 0 0 0 0 0 0 0 0 0 0 0 0 0 0 0 0 0 0 0 0.103643599017956 0 0 0.136380934353212 0.0928347957339536 0 0 0 0 0 0 0 0 0.124668683809925 0 0 0 0 0 0 0 0 0 0 0 0 0 0 0 0 0 0.0914179270842684 0 0 0.075251335550446 0 0 0.076326158591333 0.0947858630413004 0 0 0 0 0 0 0 0 0 0 0 0 0 0 0 0 0.0859413820504555 0 0 0 0 0 0 0
"29" 0 0 0 0 0 0 0 0.0800147085226289 0.0953918819339714 0 0 0 0 0 0.148879113805753 0 0 0.0786275059099994 0 0 0 0 0.115354068644145 0 0 0 0 0 0 0.070381601632729 0 0 0 0 0 0 0 0 0 0.0950951301356418 0 0.0579397849209078 0 0 0 0 0 0 0 0 0 0.0642340831194143 0 0 0 0 0.0567738866812326 0 0 0 0 0 0 0 0.110258213422313 0 0 0 0 0 0 0 0 0 0 0 0 0.08109605142364 0 0.0374062607444419 0.101745301048725 0 0 0
"30" 0 0 0 0 0 0 0 0 0 0 0 0 0 0.0391877424407381 0 0.045352845007629 0 0.0631865072325938 0 0 0.0757078610571696 0 0 0 0 0 0.0591073716543164 0 0.0844706838968711 0 0 0 0 0 0 0 0 0 0 0 0 0.0502302461996642 0 0 0 0 0 0 0.0547432803569072 0.0567647425007855 0 0.0706872721939113 0 0 0 0.0661613431301992 0.0665218870162269 0 0 0 0 0.0556289931262217 0 0 0 0 0 0 0 0 0 0 0 0 0.068685214493228 0 0 0 0 0.0479821858064884 0 0.046088606898022 0 0
"31" 0 0 0 0 0 0 0 0 0.0833561866165239 0 0 0 0 0 0 0 0 0 0 0 0 0 0.10733458600915 0 0 0 0 0 0 0 0 0 0 0 0 0 0 0 0 0 0 0 0 0 0 0 0 0 0 0 0 0 0 0 0 0 0 0 0 0 0.351003732898586 0 0 0 0.0656916214393518 0 0 0.120190575943244 0 0 0 0 0 0 0 0 0 0 0 0 0 0 0 0
"32" 0.101468767071284 0 0 0 0 0 0 0 0 0 0.0646123983339506 0 0.11797537979018 0 0 0 0 0 0 0 0 0 0 0 0 0 0 0 0 0 0 0 0 0 0.0836002788258481 0 0 0 0 0 0 0 0 0 0.13597502387589 0 0 0 0 0 0 0 0 0 0 0 0 0 0 0 0 0 0 0 0 0 0.0841802072707757 0 0.134359287925745 0 0 0 0 0 0 0 0 0 0 0 0 0 0 0
"33" 0 0 0 0.157370158023677 0 0 0.157326824453304 0 0 0 0 0 0 0 0 0 0 0 0 0 0 0 0 0 0 0 0 0 0 0 0 0 0 0.285281923860213 0 0.11280444009553 0.185877368016826 0 0 0 0 0 0 0.170561682004678 0 0.148838928145569 0 0 0 0 0 0 0 0.160194098819573 0 0 0 0 0 0 0 0 0 0 0 0 0 0 0 0 0 0 0 0 0 0 0 0 0.151626644623864 0 0 0 0 0
"34" 0 0 0.0933550110365197 0 0 0 0 0 0 0 0 0 0 0 0 0 0 0 0 0 0 0 0 0 0 0 0 0 0 0 0 0 0.126614293900363 0 0 0 0 0 0 0 0 0 0 0 0 0 0.12456707759722 0 0 0 0 0 0 0.143666563573317 0 0 0 0 0 0 0 0 0 0 0 0 0 0 0 0 0 0 0 0 0 0 0 0 0 0 0 0 0 0
"35" 0 0 0 0 0 0 0 0 0 0 0 0 0.119002449859761 0 0 0 0 0 0 0 0 0.0642537575767335 0 0 0 0.0992005136183698 0 0.132237828294138 0 0 0 0.153751455691423 0 0 0 0 0 0 0 0 0 0 0 0 0 0 0 0 0 0 0 0 0 0 0 0.0591995993916719 0 0.103459555252257 0.0614305351720808 0.0593535340608529 0 0 0 0 0 0.07552840126472 0.0626473459075748 0 0 0 0 0 0 0 0.0534214978330347 0 0 0 0 0 0 0 0 0
"36" 0 0 0 0 0 0 0.16566621929386 0 0 0 0 0 0 0 0 0 0 0 0 0 0 0 0 0 0 0 0 0 0 0 0 0 0.135748944263989 0 0 0 0.136378447984819 0 0 0 0 0 0 0.176744763318038 0 0.176501083141401 0 0 0 0 0 0 0 0 0 0 0 0 0 0 0 0 0.169129483038292 0 0 0 0 0 0 0 0 0 0 0 0 0 0 0 0.191981795099903 0 0 0 0 0
"37" 0 0 0 0 0 0 0 0 0 0 0 0 0 0 0 0 0 0 0 0 0 0 0 0 0 0 0 0 0 0 0 0 0.13194105334254 0 0 0.107428874802565 0 0 0 0 0 0 0 0.200628842088121 0 0.186874805095521 0 0 0 0 0 0 0 0.152015616685866 0 0 0 0 0 0 0 0 0 0 0 0 0 0 0 0 0 0 0 0 0 0 0 0 0.114601206173243 0 0 0 0 0
"38" 0 0 0 0 0 0.123391009686623 0.124441986578195 0 0 0 0 0 0 0 0 0 0 0 0 0 0 0 0 0.402287372052868 0 0 0 0 0 0 0 0 0 0 0 0 0 0 0.151275671909974 0 0 0 0 0 0 0 0 0 0 0 0 0 0 0 0 0 0 0 0 0 0 0 0 0 0 0 0 0 0 0 0 0 0 0 0 0.163999253415771 0 0 0 0 0 0 0.152508665876277 0.172123210903774
"39" 0 0 0 0 0 0.160126815387249 0 0 0 0 0 0 0 0 0.119425687782547 0.0440648600458013 0 0 0 0 0 0 0 0 0 0 0 0 0 0 0 0 0 0 0 0 0 0.149861855558 0 0 0 0 0 0 0 0 0 0 0 0 0 0 0 0 0 0 0 0 0 0 0 0 0 0 0 0 0 0 0 0 0 0 0 0 0 0 0 0 0 0.0570935609138939 0.0773910221136756 0 0 0.119716712008772
"40" 0 0 0 0 0 0 0 0.111233530665235 0.0872042032790983 0 0 0 0 0 0 0 0 0.0631112811452071 0 0 0 0 0.106411487608564 0 0.130851536132294 0 0 0 0.0718950122266069 0 0 0 0 0 0 0 0 0 0 0 0 0.0676897654087557 0 0 0 0 0 0 0 0 0 0.0457004869352189 0 0 0 0 0.054780626834866 0 0 0 0 0 0 0 0.0835363914307377 0 0 0 0 0 0 0 0 0 0 0 0.125767211416321 0.117844706675234 0 0 0 0 0 0
"41" 0 0 0.111195358316218 0.0764589107230559 0 0 0 0 0 0.0699321693084587 0 0 0 0.0390930283943768 0 0.0470751039867893 0.0427998922760634 0 0 0 0 0 0 0 0 0 0 0 0 0 0 0 0 0 0 0 0 0 0 0 0 0 0.0640771018907119 0 0 0 0.128224221971685 0.0450451510132816 0 0 0 0 0 0 0 0 0 0 0 0 0 0 0 0.095235728082223 0 0 0 0 0 0 0.0581941352803935 0 0.0495110227266552 0.0494236321877537 0 0 0 0 0 0 0 0.0639799467119389 0 0
"42" 0 0 0 0 0 0 0 0.0620622774544888 0.0900941566860834 0 0 0 0 0 0.114312215128388 0 0 0.0743858773434347 0 0 0 0 0 0 0 0 0 0 0.0753989487884736 0.072917194717551 0 0 0 0 0 0 0 0 0 0.0810085224654181 0 0 0 0 0 0 0 0 0.0442272797233539 0.0590237895835129 0 0.0723535088712556 0 0 0 0 0.0357642173996965 0 0 0 0 0.0650100934676468 0 0 0.0824087916334368 0 0 0 0 0 0 0 0 0 0 0 0 0.10843134252225 0 0.0408795589408146 0 0 0 0
"43" 0 0 0.121602746717725 0 0 0 0 0 0 0.0738911247427975 0 0 0 0.0622746017292838 0 0 0.064419376994231 0 0 0 0 0 0 0 0 0 0 0 0 0 0 0 0 0 0 0 0 0 0 0 0.0669469102113128 0 0 0 0 0 0.127027730497147 0.0462368837776174 0 0 0 0 0 0 0.127415354277113 0 0 0.0883245844829834 0 0 0 0 0 0.131218188575909 0 0 0 0 0 0.106241377339514 0 0 0.0471571793463892 0 0 0 0 0 0 0 0 0 0 0
"44" 0 0 0 0 0 0 0 0 0 0 0 0 0 0 0 0 0 0 0 0 0 0 0 0 0 0 0 0 0 0 0 0 0.14041426539262 0 0 0.120285731387155 0.122045851730271 0 0 0 0 0 0 0 0 0.166047073746693 0 0 0 0 0 0 0 0 0 0 0 0 0 0 0 0 0.189887277730171 0 0 0 0 0 0 0 0 0 0 0 0 0 0 0 0.157923468933229 0 0 0 0 0
"45" 0.145251280785124 0 0 0 0 0 0 0 0 0 0.108499667035372 0 0.10263146299661 0 0 0 0 0 0 0 0 0 0 0 0 0 0 0 0 0 0 0.140699239732249 0 0 0 0 0 0 0 0 0 0 0 0 0 0 0 0 0 0 0 0 0 0 0.126919050386482 0 0 0.106434964471763 0 0 0 0 0 0 0 0 0.0882936000599391 0 0.0756519342683907 0 0 0 0 0 0 0 0 0 0 0 0 0 0 0
"46" 0 0 0 0 0 0 0 0 0 0 0 0 0 0 0 0 0 0 0 0 0 0 0 0 0 0 0 0 0 0 0 0 0.0639404837645903 0 0 0.209071076616327 0.123031150552427 0 0 0 0 0 0 0.161655594420526 0 0 0 0 0 0 0 0 0 0.158849156701897 0 0 0 0 0 0 0 0 0 0 0 0 0 0 0 0 0 0 0 0 0 0 0 0 0.132313497438248 0 0 0 0 0
"47" 0 0 0.112413321484635 0 0 0 0 0 0 0.054537038219454 0 0 0 0 0 0 0.0603941354056369 0 0 0 0 0 0 0 0 0 0 0 0 0 0 0 0 0.315286319844267 0 0 0 0 0 0 0.0701249795305531 0 0.0974102637059002 0 0 0 0 0 0 0 0 0 0 0.232457225352679 0 0 0 0 0 0 0 0 0 0.107807715710751 0 0 0 0 0 0 0 0 0.0442620834283648 0 0 0 0 0 0 0 0 0 0 0
"48" 0 0 0 0 0 0 0 0 0 0.0673615874153661 0 0 0 0.0384461271122248 0 0 0.0610603022787001 0 0 0 0.0533724858051931 0 0 0 0 0 0.068804269635827 0 0 0 0 0 0 0 0 0 0 0 0 0 0.0751311317736714 0 0.0777903830634483 0 0 0 0 0 0.0558361505090247 0.043826951042031 0 0 0 0 0.12894927832444 0.048413891301852 0 0.0897408941623527 0 0 0 0.0595007705856717 0 0.0785851371159978 0 0.0677813669939096 0 0 0 0.111906585490848 0.0620958037479463 0 0.0575155487474101 0 0.0649583117153812 0 0 0 0 0 0 0.0369025444961334 0 0
"49" 0 0 0 0 0 0 0 0 0 0 0 0 0 0.0580730767195051 0 0.087246326469102 0.0355480598367395 0.0632901055417097 0 0 0.0402382547069867 0 0 0 0 0 0.0469574932939082 0 0 0.0389713533489811 0 0 0 0 0 0 0 0 0 0 0 0.0744037350495893 0 0 0 0 0 0.0508957897522377 0 0.0592366151706562 0 0 0 0 0 0.0607557308443041 0.0647847638702176 0 0 0 0 0.0702218908614674 0 0 0 0 0 0 0 0 0.0831531933239797 0 0.0442087560033121 0.123182409624646 0.0565870630603561 0 0 0 0 0.0486719018621032 0 0.0499856897755058 0 0
"50" 0 0 0 0 0 0 0 0 0 0 0 0 0 0.0449183477137023 0 0.0747546373805929 0.0787938855179144 0.0739068525713996 0 0 0.0599220437856925 0 0 0 0 0 0.070956406221621 0 0 0.0541489063512424 0 0 0 0 0 0 0 0 0 0 0 0.0662691886935812 0 0 0 0 0 0.0521278676046482 0.04722461789218 0 0 0 0 0 0 0.0816976928381813 0.0661311270683722 0 0 0 0 0.057751287004295 0 0 0 0 0 0 0 0 0.0719451084230305 0 0.0371950337910561 0.0857372934125744 0.0726030033394642 0 0 0 0 0.0371185291072112 0 0.0645378642871408 0 0
"51" 0 0 0 0 0.838416839537478 0 0 0 0 0 0 0 0 0 0 0 0 0 0 0 0 0 0 0 0 0 0 0 0 0 0 0 0 0 0 0 0 0 0 0 0 0 0 0 0 0 0 0 0 0 0 0 0.130656919916313 0 0 0 0 0 0 0 0 0 0 0 0 0 0 0 0 0 0 0 0 0 0 0 0 0 0 0 0 0 0 0
"52" 0 0 0 0 0 0 0 0.0778460385946458 0.0859672175946559 0 0 0 0 0 0 0 0 0.0662748087119969 0 0 0 0 0.0755678095753513 0 0.114516120907997 0 0 0 0.0697440725572104 0.074306837635871 0 0 0 0 0 0 0 0 0 0.0680174632610616 0 0.0832557819614248 0 0 0 0 0 0 0 0 0 0 0 0 0 0 0.0595473755434668 0 0 0 0 0 0 0 0.0828402412685265 0 0 0 0 0 0 0 0 0 0 0 0.0975834977014958 0.0967423865301758 0 0.0531749180415 0 0 0 0
"53" 0 0 0 0 0 0 0 0 0 0 0 0 0 0 0 0 0 0 0 0 0 0 0 0 0.116979146524571 0.0752644442064948 0 0.0858630409233565 0 0 0 0 0 0 0 0 0 0 0 0 0 0 0 0 0 0 0 0 0 0 0.441753135276909 0 0 0 0 0 0 0 0.0942681247201797 0.115083557622915 0 0 0 0 0 0 0 0 0 0 0 0 0 0 0 0 0.120795036864721 0 0 0 0 0 0 0
"54" 0 0 0.0961958412728643 0 0 0 0 0 0 0 0 0 0 0 0 0 0 0 0 0 0 0 0 0 0 0 0 0 0 0 0 0 0.0992324934172204 0.207742548761927 0 0 0.175380642787534 0 0 0 0 0 0 0 0 0.160645838471719 0.0793844783100859 0 0 0 0 0 0 0 0 0 0 0 0 0 0 0 0 0 0 0 0 0 0 0 0 0 0 0 0 0 0 0 0 0 0 0 0 0
"55" 0.115421226978784 0 0 0 0 0 0 0 0 0 0.168238911842583 0 0 0 0 0 0 0 0 0 0 0 0 0 0 0 0 0 0 0 0 0 0 0 0 0 0 0 0 0 0 0 0.0655051826518963 0 0.0817402866000958 0 0 0.0662552523966997 0 0 0 0 0 0 0 0 0 0.0617276697755368 0 0 0 0 0 0 0 0 0 0 0.125369476177229 0.0721149348327104 0 0 0 0 0 0 0 0 0 0 0 0 0 0
"56" 0 0 0 0 0 0 0 0 0 0 0 0 0 0.0609665758942992 0 0 0 0 0 0 0.0561843890348338 0.0762379978260409 0 0 0 0.106961997393283 0.048959493095029 0.120093964103348 0 0.0565182359864947 0 0 0 0 0.0942577350066446 0 0 0 0 0 0 0 0 0 0 0 0 0.0432357881468847 0.043425996385658 0.0459551929092696 0 0 0 0 0 0 0 0 0.037142581611578 0 0 0.0561859229591146 0 0 0 0.0554168288146005 0.0533201747848802 0 0 0 0 0 0 0 0.0729867200522357 0 0 0 0 0 0 0.0561106393458059 0 0
"57" 0 0 0 0 0 0 0 0.0798837348552055 0 0 0 0 0 0 0.203472327697962 0.0518102386781532 0 0.0631956686783595 0 0 0 0 0 0 0 0 0.0593000643819882 0 0.0966283740698783 0.0611562159981099 0 0 0 0 0 0 0 0 0 0.0999599096622219 0 0.0758814436136977 0 0 0 0 0 0 0.078513662594317 0.051616340495883 0 0.0717414839802827 0 0 0 0 0 0 0 0 0 0.0411073234385148 0 0 0 0 0 0 0 0 0 0 0 0 0 0 0 0.0655616786669877 0 0.0738482649694071 0 0.0474151953346887 0 0
"58" 0.140468799186533 0 0 0 0 0 0 0 0 0 0.127141198047983 0 0 0.0436377718225196 0 0 0 0 0 0 0 0 0 0 0 0 0 0 0 0 0 0 0 0 0.0758449449350153 0 0 0 0 0 0 0 0.0806879482949887 0 0.108136533204522 0 0 0.0580562292440812 0 0 0 0 0 0 0.125587537488147 0 0 0 0 0 0 0 0 0 0 0.0756981303668055 0.0734512040928684 0 0.163636308099312 0.136272571750005 0 0 0 0 0.0738347485153849 0 0 0 0 0 0 0 0 0
"59" 0 0 0 0 0 0 0 0 0 0 0 0 0 0 0 0 0 0 0 0 0.0689622575766189 0.078081742756436 0 0 0 0.108925587035306 0.0618838406762531 0.132320417614897 0 0 0 0 0 0 0.0683785769779357 0 0 0 0 0 0 0 0 0 0 0 0 0 0 0 0 0 0.159016099158271 0 0 0.0594864327535663 0 0 0 0.103533359387542 0 0 0 0 0 0.0496625844004308 0.0737219567907791 0 0 0 0 0 0 0 0.0456537002893282 0 0 0 0 0 0 0 0 0
"60" 0 0 0 0 0 0 0 0 0 0 0 0 0.130268204744551 0 0 0 0 0 0 0 0 0.0883898456158882 0 0 0 0.0994160783241609 0 0.0811809737267994 0 0 0 0 0 0 0.0618649573810905 0 0 0 0 0 0 0 0 0 0 0 0 0 0 0 0 0 0.197028031101676 0 0 0 0 0 0.0871833499163994 0 0 0 0 0 0 0.0777209389646665 0.0811838798452358 0 0 0 0 0 0 0 0 0 0 0 0 0 0 0 0 0
"61" 0 0 0 0 0 0 0 0 0.0648947035365661 0 0 0 0 0 0 0 0 0 0 0 0 0 0.0846708863942944 0 0 0 0 0 0 0 0.236507546624144 0 0 0 0 0 0 0 0 0 0 0 0 0 0 0 0 0 0 0 0 0 0 0 0 0 0 0 0 0 0 0 0 0 0.0762569280590945 0 0 0 0 0 0 0 0 0 0 0 0 0 0 0 0 0 0 0
"62" 0 0 0 0 0 0 0 0 0 0 0 0 0 0.046927098932266 0 0.06401977150561 0.045688500300197 0.0694127995300733 0 0 0.0624571550534673 0 0 0 0 0 0.0616415539703126 0 0 0.0622219668023492 0 0 0 0 0 0 0 0 0 0 0 0.0519358546700211 0 0 0 0 0 0.0280076817462744 0.0541111282804605 0.0557558445738344 0 0 0 0 0 0.0740566759758211 0.0631111695059466 0 0 0 0 0 0 0 0 0 0 0 0 0 0.0452244846384932 0 0.0556643540091344 0.0986910743285943 0.0525447217790223 0 0 0 0 0.0651481745526111 0 0.0459854577622424 0 0
"63" 0 0 0 0 0 0.125474398409361 0.175759826685657 0 0 0 0 0 0 0 0 0 0 0 0 0 0 0 0 0 0 0 0 0 0 0 0 0 0 0 0 0.204746201343464 0 0 0 0 0 0 0 0.190641674865959 0 0 0 0 0 0 0 0 0 0 0 0 0 0 0 0 0 0 0 0 0 0 0 0 0 0 0 0 0 0 0 0.208311497931245 0 0 0.180261618082122 0 0 0 0 0
"64" 0 0 0.12569620388703 0 0 0 0 0 0 0.076543204637908 0 0 0 0.0450683550808984 0 0 0.0595598785185494 0 0 0 0 0 0 0 0 0 0 0 0 0 0 0 0 0 0 0 0 0 0 0 0.0697375203809573 0 0.1160586348751 0 0 0 0.0982651038350813 0.0409023527135231 0 0 0 0 0 0 0 0 0 0 0 0 0 0 0 0 0 0 0 0 0 0.0651355701135642 0.0894867673914604 0 0.0445951115148788 0 0 0 0 0 0 0 0 0 0 0
"65" 0 0 0 0 0 0 0 0.0843962173352083 0.0621475210569055 0 0 0 0 0 0 0 0 0.0529880707204905 0 0 0 0 0.0850804701932894 0 0.122047035716425 0 0 0 0.0757134470167909 0 0.226003972980248 0 0 0 0 0 0 0 0 0.0785515476657009 0 0.0684999182518662 0 0 0 0 0 0 0 0 0 0.0742199709083941 0 0 0 0 0 0 0 0 0.31487110001219 0 0 0 0 0 0 0 0 0 0 0 0 0 0 0 0.111660446757314 0.0672206732186526 0 0 0 0 0 0
"66" 0 0 0 0 0 0 0 0 0 0 0 0 0.095962626595309 0.0434846720693498 0 0 0 0 0 0 0.0608904468562812 0.0826388754049182 0 0 0 0.0884158158212951 0.0533602123692818 0 0 0 0 0 0 0 0.0884074097864888 0 0 0 0 0 0 0 0 0 0 0 0 0.0539345092660065 0 0 0 0 0 0 0 0.072469651756771 0 0.0667789803424971 0.0896029710449315 0.146426070145207 0 0 0 0 0 0 0.0669438432009738 0 0 0 0 0 0 0 0.079446584422498 0 0 0 0 0 0 0 0 0
"67" 0.118324344151862 0 0 0 0 0 0 0 0 0 0.0921402305006396 0 0.0967533920112408 0 0 0 0 0 0 0 0 0.0791838001224848 0 0 0 0.102552286447761 0 0 0 0 0 0.144334820109932 0 0 0.0538756222777558 0 0 0 0 0 0 0 0 0 0.152278529314104 0 0 0 0 0 0 0 0 0 0 0.0578903210198529 0 0.0556292958471956 0.0746505941890926 0.0684926167937309 0 0 0 0 0 0.057294753306155 0 0 0.121310700158223 0 0 0 0 0 0 0 0 0 0 0 0 0 0 0
"68" 0 0 0 0 0 0 0 0 0.0958670223278872 0 0 0.206420421104138 0 0 0 0 0 0 0 0.194354157729116 0 0 0.0637771058504375 0 0 0 0 0 0 0 0.238558342752423 0 0 0 0 0 0 0 0 0 0 0 0 0 0 0 0 0 0 0 0 0 0 0 0 0 0 0 0 0 0 0 0 0 0 0 0 0 0 0 0 0.173371242165973 0 0 0 0 0 0 0 0 0 0 0 0
"69" 0.122261765420939 0 0 0 0 0 0 0 0 0 0.0836298841922841 0 0 0 0 0 0 0 0 0 0 0 0 0 0 0 0 0 0 0 0 0.143378488610137 0 0 0 0 0 0 0 0 0 0 0 0 0.118711289819856 0 0 0 0 0 0 0 0 0 0.106170763485294 0 0 0.0688133654656173 0 0 0 0 0 0 0 0 0.0822523322853262 0 0 0.102490111368308 0 0 0 0 0 0 0 0 0 0 0 0 0 0
"70" 0 0 0 0 0 0 0 0 0 0 0.175010232071925 0 0 0.0250578838509855 0 0 0 0 0 0 0 0 0 0 0 0 0 0 0 0 0 0 0 0 0 0 0 0 0 0 0 0 0.0607159697822181 0 0 0 0 0.049919931030414 0 0 0 0 0 0 0.164464459072877 0 0 0.0818640618724863 0 0 0 0 0 0.0848070989113941 0 0 0 0 0.140503259247745 0 0 0 0.0483208971600167 0 0.0685082206219016 0 0 0 0 0 0 0 0 0
"71" 0 0 0 0.0993447636742485 0 0 0 0 0 0.0694608059967005 0 0 0 0.0578079491658096 0 0.0628662566645718 0.0513721870584719 0 0 0 0.0766683180758681 0 0 0 0 0 0.0552390452199851 0 0 0 0 0 0 0 0 0 0 0 0 0 0.0807335980077344 0 0 0 0 0 0 0.0396756455956239 0.056857255367977 0.052108407916556 0 0 0 0 0 0 0 0 0 0 0 0.0651233710318141 0 0.0840638227860356 0 0 0 0 0 0 0 0 0.0485667878019571 0.102433941725807 0 0 0 0 0 0 0 0.055079770336035 0 0
"72" 0 0 0 0 0 0 0 0 0 0 0 0.186019497286022 0 0 0 0 0 0 0.251196753710858 0.237568919321711 0 0 0 0 0 0 0 0 0 0 0 0 0 0 0 0 0 0 0 0 0 0 0 0 0 0 0 0 0 0 0 0 0 0 0 0 0 0 0 0 0 0 0 0 0 0 0 0.160523120892765 0 0 0 0 0 0 0 0 0 0 0 0 0.133061872341812 0 0 0
"73" 0 0 0.149571813324898 0.1062389924626 0 0 0 0 0 0.0857718613976553 0 0 0 0.0455539258941769 0 0.0543395822231757 0.0657219806852253 0 0 0 0.0414028689770858 0 0 0 0 0 0.0502468196426981 0 0 0 0 0 0 0 0 0 0 0 0 0 0.0831774635487629 0 0.0828391345989296 0 0 0 0.112916966874068 0.0460707120855146 0.0491614375721552 0.0321230392692461 0 0 0 0 0 0 0 0 0 0 0 0.0622141126570855 0 0.0691059556256616 0 0 0 0 0 0.0990502495581659 0.0420076124965055 0 0 0.117963891940518 0.0894643624980482 0 0 0 0 0 0 0.069606246740108 0 0
"74" 0 0 0 0.0934764857558597 0 0 0 0 0 0.108273801626408 0 0 0 0 0 0.0604417739041003 0.055472548583794 0 0 0 0 0 0 0 0 0 0 0 0 0 0 0 0 0 0 0 0 0 0 0 0.0827706490930644 0 0 0 0 0 0 0 0.0630286312727366 0.0256389501695646 0 0 0 0 0 0 0 0 0 0 0 0.0392008923947037 0 0 0 0 0 0 0 0 0.0509469735067377 0 0.0522619219944793 0 0 0 0 0 0 0 0 0.0493195260672181 0 0
"75" 0 0 0 0 0 0 0 0 0 0 0 0 0 0.0416917496903857 0 0 0 0 0 0 0.0602788890528768 0.0784130426211723 0 0 0 0 0.0554209571877271 0 0 0.0462062938124109 0 0 0 0 0.0922949084101185 0 0 0 0 0 0 0 0 0 0 0 0 0.0644481198215619 0.0625423554516717 0.0602831111924304 0 0 0 0 0 0.0462484626693636 0 0.0688370520946976 0.0539466829067279 0 0 0.0454389972081063 0 0 0 0.0716026936635468 0 0 0 0.0912955419829353 0 0 0.0528731879284189 0 0 0 0 0 0 0 0 0.0449422291309674 0 0
"76" 0 0 0 0 0 0.126030041486696 0.094363734162639 0 0 0 0 0 0 0 0 0 0 0 0 0 0 0 0 0 0 0 0 0 0 0 0 0 0 0 0 0 0 0.103343645387359 0 0 0 0 0 0 0 0 0 0 0 0 0 0 0 0 0 0 0 0 0 0 0 0 0.155118675543856 0 0 0 0 0 0 0 0 0 0 0 0 0 0 0 0 0 0 0 0.190688129760426 0
"77" 0 0 0 0 0 0 0 0.0869744390775766 0.0866842599119444 0 0 0 0 0 0 0 0 0.0652150450939435 0 0 0 0 0 0 0.153837866802283 0 0 0.114054573985235 0 0 0 0 0 0 0 0 0 0 0 0.0813620298386141 0 0 0 0 0 0 0 0 0 0 0 0.0730739104106064 0.141620479269243 0 0 0 0 0 0 0 0 0 0 0 0.0587822792921397 0 0 0 0 0 0 0 0 0 0 0 0 0.0716566048107452 0 0 0 0 0 0
"78" 0 0 0 0 0 0 0 0.0843355376204536 0.0774636099011665 0 0 0 0 0 0 0 0 0.0674145786010455 0 0 0 0 0.125175093394984 0 0 0 0 0 0.0802168093953426 0 0 0 0 0 0 0 0 0 0 0.074184223929609 0 0.0566443968294231 0 0 0 0 0 0 0 0 0 0.0587137920987266 0 0 0 0 0.0464493261531163 0 0 0 0 0 0 0 0.0691878829287905 0 0 0 0 0 0 0 0 0 0 0 0.102712017154819 0 0 0.0570159875775782 0 0 0 0
"79" 0 0 0 0 0 0 0.150812651795741 0 0 0 0 0 0 0 0 0 0 0 0 0 0 0 0 0 0 0 0 0 0 0 0 0 0.125245358636213 0 0 0.12805953293722 0.181280953451203 0 0 0 0 0 0 0.147702315476197 0 0.156166249781713 0 0 0 0 0 0 0 0 0 0 0 0 0 0 0 0 0.176142823981863 0 0 0 0 0 0 0 0 0 0 0 0 0 0 0 0 0 0 0 0 0
"80" 0 0 0 0 0 0 0 0.0714244596599612 0 0 0 0 0 0 0.181794036164734 0.0594980194157971 0 0.0658852959685401 0 0 0 0 0 0 0 0 0 0 0.0678562134593334 0.0688662018195031 0 0 0 0 0 0 0 0 0.153652089870699 0 0 0.0687009822590297 0 0 0 0 0 0 0.0617832452011382 0.0465921052840298 0 0.066671945573296 0 0 0 0 0.0670699243815418 0 0 0 0 0.0590312049909131 0 0 0 0 0 0 0 0 0 0 0 0 0 0 0 0.0889784854547791 0 0 0.112692388664633 0.056628803164422 0 0.13253680290373
"81" 0 0 0 0 0 0 0 0.0866508572330108 0 0 0 0 0 0 0.169833933259835 0 0 0 0.18134108367657 0.218440925717181 0 0 0 0 0 0 0 0 0.0619929153758716 0 0 0 0 0 0 0 0 0 0.155047228176081 0 0 0 0 0 0 0 0 0 0 0 0 0 0 0 0 0 0 0 0 0 0 0 0 0 0 0 0 0 0 0 0 0.201734686573761 0 0 0 0 0 0 0 0.0545466154311285 0 0 0 0.157259076390815
"82" 0 0 0 0 0 0 0 0 0 0.0537912592068262 0 0 0 0.0601128124611261 0 0.0502208194096797 0.0774867125067661 0 0 0 0.0443023283627515 0 0 0 0 0 0.0470421996293789 0 0 0.0458622266245534 0 0 0 0 0 0 0 0 0 0 0.0808878756621949 0 0 0 0 0 0 0.0473698159136256 0.061723548123428 0.0460901154017587 0 0 0 0 0 0.0598274435119524 0.0727992614579916 0 0 0 0 0.0554279278161101 0 0 0 0 0 0 0 0 0.052804364673233 0 0.0511475450588994 0.0981933820768864 0.0852243423180629 0 0 0 0 0.0815565066801339 0 0 0 0
"83" 0 0 0 0 0 0.159304184922063 0 0 0 0 0 0 0 0 0 0 0 0 0 0 0 0 0 0.550055661943547 0 0 0 0 0 0 0 0 0 0 0 0 0 0.14858777772277 0 0 0 0 0 0 0 0 0 0 0 0 0 0 0 0 0 0 0 0 0 0 0 0 0 0 0 0 0 0 0 0 0 0 0 0 0 0.221000370776029 0 0 0 0 0 0 0 0.0988042880515191
"84" 0 0 0 0 0 0.172751409973243 0 0 0 0 0 0 0 0 0.163782330264235 0 0 0 0 0 0 0 0 0 0 0 0 0 0 0 0 0 0 0 0 0 0 0.14636971961751 0.106128279434352 0 0 0 0 0 0 0 0 0 0 0 0 0 0 0 0 0 0 0 0 0 0 0 0 0 0 0 0 0 0 0 0 0 0 0 0 0 0 0 0 0.0797084602951833 0.0844278120521362 0 0.198687246904547 0
