"V1" "V2" "V3" "V4" "V5" "V6" "V7" "V8" "V9" "V10" "V11" "V12" "V13" "V14" "V15" "V16" "V17" "V18" "V19" "V20" "V21"
"1" 0 0 0 0 0 0 0 0 0 0 0 0 0.294943428849954 0 0.256518623167656 0.363994838882841 0 0.260920383564077 0 0 0.197480023392195
"2" 0 0 0.151471396577576 0.246437969276047 0 0 0 0 0 0 0.161680023224243 0 0 0 0 0 0 0 0.260398157422445 0 0
"3" 0 0.347440858806582 0 0.165528118618421 0 0 0 0 0.192209868123827 0 0 0 0 0 0.211608279140943 0 0.226376320991067 0.200370302130596 0 0 0
"4" 0 0.229641427439253 0.219645239814272 0 0 0 0.351339596570148 0 0 0.200996904848004 0 0 0 0 0 0.211594792260298 0 0 0 0 0
"5" 0 0 0 0 0 0 0 0 0.170619225046175 0.233076810614098 0 0 0 0 0 0 0 0 0 0 0
"6" 0 0 0 0 0 0 0 0 0.16988724969543 0 0 0 0 0 0 0 0 0 0 0 0
"7" 0 0 0 0.189307694048397 0 0 0 0 0 0 0 0 0.329965386823947 0 0 0 0 0.180380217174564 0 0 0
"8" 0 0 0 0 0 0 0 0 0 0.241517274723431 0.126479086913826 0 0 0 0 0 0 0 0 0 0.160328274481268
"9" 0 0 0.150611809344009 0 0.393201415189831 0.94324737781412 0 0 0 0 0.192312875294187 0 0 0 0.257916246502057 0 0.177981748391271 0 0 0 0
"10" 0 0 0 0.181242291493256 0.438970632399346 0 0 0.296298024937703 0 0 0 0.387215683518827 0 0 0 0 0 0 0 0.394578702564646 0
"11" 0 0.26914289743024 0 0 0 0 0 0.303746104581483 0.161716738988282 0 0 0 0 0 0 0.30333507092173 0.286167794735034 0 0.259913402933745 0 0
"12" 0 0 0 0 0 0 0 0 0 0.210928160131631 0 0 0 0 0 0 0 0 0 0 0.192475739803852
"13" 0.226501903506985 0 0 0 0 0 0.459234530138858 0 0 0 0 0 0 0 0 0 0 0.183403475043313 0 0 0
"14" 0 0 0 0 0 0 0 0 0 0 0 0 0 0 0 0 0 0 0 0.435216145009291 0
"15" 0.244927666471247 0 0.110600409852066 0 0 0 0 0 0.234946099689957 0 0 0 0 0 0 0 0 0 0 0 0.221344682604617
"16" 0.163061975618848 0 0 0.230821959768661 0 0 0 0 0 0 0.210109545019305 0 0 0 0 0 0 0.217057166667098 0 0 0
"17" 0 0 0.121563722772817 0 0 0 0 0 0.196834133221402 0 0.132988101360752 0 0 0 0 0 0 0 0.244833990831787 0 0
"18" 0.230372303017356 0 0.13776721501205 0 0 0 0.435209452140631 0 0 0 0 0 0.340733650676831 0 0 0.269504993135382 0 0 0 0 0
"19" 0 0.244103931484159 0 0 0 0 0 0 0 0 0.205123960979793 0 0 0 0 0 0.321057627002741 0 0 0 0.151169280922805
"20" 0 0 0 0 0 0 0 0 0 0.219275532709138 0 0 0 0.945737809924357 0 0 0 0 0 0 0.143616322821324
"21" 0.205873752248365 0 0 0 0 0 0 0.383360390000621 0 0 0 0.350310687759262 0 0 0.241964367011072 0 0 0 0.233143666526311 0.41194959644411 0
