"V1" "V2" "V3" "V4" "V5" "V6" "V7" "V8" "V9" "V10" "V11" "V12" "V13" "V14" "V15" "V16" "V17" "V18" "V19" "V20" "V21" "V22" "V23" "V24" "V25" "V26" "V27" "V28" "V29" "V30" "V31" "V32" "V33" "V34" "V35" "V36" "V37" "V38" "V39" "V40" "V41" "V42" "V43" "V44" "V45" "V46" "V47" "V48" "V49" "V50" "V51" "V52" "V53" "V54" "V55" "V56" "V57" "V58" "V59" "V60" "V61" "V62" "V63" "V64" "V65" "V66" "V67" "V68" "V69" "V70" "V71" "V72" "V73" "V74" "V75" "V76" "V77" "V78" "V79" "V80" "V81" "V82" "V83" "V84"
"1" 0 0 0 0 0 0 0 0 0 0 0 0 0 0 0 0 0 0 0 0.115025768869705 0 0 0 0 0 0 0 0 0 0 0 0 0 0 0 0 0 0 0 0 0 0 0 0.156373639786832 0 0 0 0 0 0.290705530363918 0 0 0 0 0 0 0 0 0 0.182910917783778 0 0 0.117241138331537 0 0 0 0 0 0 0 0 0 0 0 0 0 0 0 0 0 0 0 0 0
"2" 0 0 0 0 0 0 0 0 0 0 0 0 0 0 0 0 0 0 0 0 0 0 0 0 0 0 0 0 0 0 0 0 0 0 0 0 0 0 0 0 0 0 0 0.188396660684179 0 0 0.274413647679661 0 0 0 0 0 0 0 0 0 0.217485344344546 0 0 0 0 0 0.0844768275530691 0 0 0 0 0 0 0 0 0 0 0 0 0 0 0 0 0 0 0 0 0
"3" 0 0 0 0 0 0 0 0.114142153947222 0 0 0 0 0 0 0 0.48308978382076 0 0 0 0 0 0 0 0 0 0.135425131477612 0 0 0 0 0 0 0 0 0 0 0 0 0 0 0 0 0 0 0 0 0 0 0 0 0 0 0 0 0 0 0 0 0 0 0 0 0 0 0 0 0 0 0 0 0 0 0 0 0.118487063082304 0 0 0 0 0 0 0 0 0
"4" 0 0 0 0 0 0 0 0 0 0 0 0 1.17354121925133 0 0 0 0 0 0 0 0 0 0 0 0 0 0 0 0 0 0 0 0 0.408674288066503 0 0.213596549717 0 0 0 0 0 0 0 0 0 0 0 0 0 0 0 0 0 0 0 0 0 0 0 0 0 0 0 0 0 0 0 0 0.353893378045135 0 0 0 0 0 0.142241183294359 0.245489606469088 0 0.320447348798765 0 0 0 0.230825996004923 0 0
"5" 0 0 0 0 0 0 0 0 0 0.112034522735362 0 0 0 0 0 0 0 0 0 0 0 0 0 0 0.228535888408615 0 0 0 0 0 0 0 0 0 0.220573167854094 0 0 0 0 0 0 0.231457720621712 0 0 0 0 0 0 0 0 0 0 0 0.167572092457736 0 0 0 0 0.198710133587812 0 0 0 0 0 0 0 0 0 0 0 0 0 0 0.165244696289841 0 0 0 0 0 0 0 0 0 0
"6" 0 0 0 0 0 0 0 0 0 0 0 0 0 0 0 0 0 0 0 0 0 0.171324284785756 0 0.242975377680632 0 0 0 0 0 0 0 0 0 0 0 0 0 0 0 0 0 0 0 0 0.124666184402913 0 0 0 0 0 0 0 0 0.189796224987787 0 0 0 0 0 0 0 0.0887471493417821 0 0 0 0 0 0.466570374810967 0 0.0807294952758398 0 0 0 0 0 0 0 0 0 0.156771771617843 0.162353688422747 0 0 0
"7" 0 0 0 0 0 0 0 0 0 0.0822537609064367 0 0 0 0 0 0 0 0 0 0 0 0 0 0 0 0 0 0 0 0 0 0 0 0 0 0 0 0 0 0 0 0 0 0 0.200817529647957 0.276776542291477 0 0 0 0 0 0 0 0 0 0 0 0 0 0 0.155985699631652 0 0 0 0 0 0 0 0 0 0 0 0 0 0 0 0 0 0 0 0 0 0 0
"8" 0 0 0.322906087361693 0 0 0 0 0 0 0.0544746185374168 0 0.30057342607134 0 0 0 0 0 0 0 0 0 0 0 0 0 0 0 0 0 0 0 0 0 0 0 0.282465798634002 0 0 0 0 0 0 0 0 0 0 0 0 0 0 0 0 0.269865664797354 0 0 0 0 0 0 0 0 0 0 0 0.13601699737761 0 0 0 0 0 0 0 0 0 0 0 0 0 0 0 0 0 0 0
"9" 0 0 0 0 0 0 0 0 0 0 0 0 0 0 0 0 0.515213696008185 0 0 0 0 0 0 0 0 0 0 0 0 0 0.287373203791071 0 0 0 0 0 0 0 0 0 0 0 0 0 0 0 0 0 0 0 0 0 0 0 0 0 0 0 0.22277577622782 0 0 0 0 0 0 0 0 0 0 0 0 0 0 0 0 0 0 0 0 0 0 0 0 0
"10" 0 0 0 0 0.179580487547732 0 0.164960022272279 0.17001643044211 0 0 0.112415984770871 0 0 0 0 0 0 0 0 0 0 0.153290573453502 0 0 0 0 0 0 0 0 0 0 0 0 0 0 0.278310031096559 0 0.185491916924015 0 0 0 0 0 0 0 0 0 0 0.193558317137149 0.262141847860981 0 0 0 0 0 0 0 0 0 0 0 0 0 0 0 0 0 0 0 0 0 0 0 0 0 0 0 0 0 0 0 0 0
"11" 0 0 0 0 0 0 0 0 0 0.0663213264070684 0 0 0 0 0 0 0 0 0 0 0 0 0 0 0 0 0 0 0 0 0 0 0 0 0 0 0 0 0 0.123331734559438 0 0.219370606996615 0 0 0 0 0 0 0 0 0 0 0 0 0 0 0 0 0 0 0 0 0 0 0 0 0 0 0 0.0756163140940708 0 0 0 0.279726397040568 0 0 0 0 0 0 0 0 0 0
"12" 0 0 0 0 0 0 0 0.125171273861016 0 0 0 0 0 0 0 0 0 0 0 0.136443017026253 0 0 0 0 0 0 0 0 0 0 0 0 0 0 0 0 0 0 0 0 0 0 0 0 0 0 0 0 0 0 0.177065274401538 0 0 0 0 0 0 0 0 0 0 0 0 0 0 0 0 0 0 0 0 0 0 0 0 0 0 0 0 0 0 0 0 0
"13" 0 0 0 0.144582662223009 0 0 0 0 0 0 0 0 0 0 0 0 0 0 0 0 0 0 0 0 0 0 0 0 0 0 0 0 0 0 0 0 0 0 0 0 0 0 0 0 0 0 0 0 0 0 0 0 0 0 0 0 0 0 0 0 0 0 0 0 0 0 0 0 0 0 0 0 0 0 0 0 0 0 0 0 0 0 0 0
"14" 0 0 0 0 0 0 0 0 0 0 0 0 0 0 0 0 0 0 0 0 0 0 0 0 0 0 0 0 0 0 0 0 0 0 0 0 0.182079832569766 0 0 0 0 0 0 0 0 0 0 0.351071392593368 0 0 0 0 0 0 0 0 0 0.130795157299382 0 0 0 0.144944628953228 0 0 0 0 0 0 0 0 0 0 0 0 0 0 0 0 0 0 0 0 0 0
"15" 0 0 0 0 0 0 0 0 0 0 0 0 0 0 0 0 0 0 0 0 0 0 0 0 0 0 0 0.152973336728501 0 0 0 0 0 0 0 0 0 0 0 0 0 0 0 0 0 0 0 0 0 0 0 0 0 0 0 0 0 0.213526311494046 0.166974541372472 0 0 0 0 0 0.120756651729395 0 0 0 0 0 0 0 0 0 0 0 0 0 0 0 0 0 0 0
"16" 0 0 0.265572490623462 0 0 0 0 0 0 0 0 0 0 0 0 0 0 0 0 0 0 0 0 0 0 0 0 0 0 0 0 0 0 0 0 0 0 0 0 0 0 0 0 0 0 0 0 0 0 0 0 0 0 0 0 0 0 0 0 0 0 0 0 0.32340825643037 0 0 0 0 0 0 0 0 0 0 0 0 0 0 0 0 0 0 0 0
"17" 0 0 0 0 0 0 0 0 0.401231182363942 0 0 0 0 0 0 0 0 0 0 0 0 0 0 0 0 0 0 0 0 0 0 0 0 0 0 0 0 0 0 0 0 0 0 0 0 0 0 0 0 0 0 0 0 0 0 0 0 0 0 0.23843702368642 0 0 0 0 0 0 0 0 0 0 0 0 0 0 0 0 0 0 0 0 0 0 0 0
"18" 0 0 0 0 0 0 0 0 0 0 0 0 0 0 0 0 0 0 0.267991196105615 0 0 0 0 0 0 0 0 0 0 0 0 0 0 0 0 0 0 0.223402402819829 0 0.113503394463729 0 0.268797565285666 0 0 0 0 0 0 0 0 0.210551041927284 0 0 0 0 0 0 0 0 0 0 0 0 0 0 0 0 0.304127229123102 0 0 0 0 0 0 0 0 0 0 0 0 0 0 0 0
"19" 0 0 0 0 0 0 0 0 0 0 0 0 0 0 0 0 0 0.151160410948229 0 0 0 0.0854002575094861 0 0 0 0 0 0 0 0 0 0 0 0.29554874533905 0 0 0 0 0 0 0 0 0 0 0 0 0 0 0 0 0 0 0 0 0 0 0 0 0 0 0 0 0 0 0 0 0 0 0 0 0 0 0 0 0 0 0 0 0 0 0 0 0 0
"20" 0.145076933214636 0 0 0 0 0 0 0 0 0 0 0.345972781072449 0 0 0 0 0 0 0 0 0 0 0 0 0 0 0 0.133347623448662 0.179709763037558 0 0 0 0 0 0 0 0 0 0 0 0 0 0 0 0 0 0 0 0 0 0 0 0 0.187976150799758 0 0 0 0 0 0 0.17407895506351 0 0 0 0.163078296524735 0 0 0 0 0 0.18864852852654 0 0 0 0 0 0 0 0.21025578333627 0 0 0 0 0
"21" 0 0 0 0 0 0 0 0 0 0 0 0 0 0 0 0 0 0 0 0 0 0 0 0 0 0 0 0 0 0 0 0 0 0 0 0 0 0 0 0 0 0 0 0 0 0 0 0 0 0 0 0 0 0 0 0 0 0 0 0 0 0 0.0851813793134148 0 0 0 0 0 0 0 0.0793803070569585 0.131751192726836 0 0 0 0 0 0 0 0 0 0 0 0
"22" 0 0 0 0 0 0.109346847812398 0 0 0 0.0884362979067977 0 0 0 0 0 0 0 0 0.275896341310441 0 0 0 0 0 0 0 0 0 0 0 0 0 0 0 0 0 0 0 0 0 0 0 0 0 0 0 0 0 0 0 0 0 0 0 0 0.092350750709713 0 0 0 0.26460204380153 0 0 0 0 0 0 0 0 0 0 0 0.160801409280575 0 0 0 0 0 0.345905638499919 0 0 0 0 0 0
"23" 0 0 0 0 0 0 0 0 0 0 0 0 0 0 0 0 0 0 0 0 0 0 0 0 0 0 0 0 0 0 0 0 0.240903137435051 0 0 0 0 0 0 0.124753408647404 0 0 0 0 0 0 0 0 0 0 0 0 0 0 0 0 0 0 0 0 0 0 0 0 0 0 0 0 0 0 0 0.180532950428748 0 0.306504918128214 0 0 0 0.255889804713482 0 0 0 0 0 0
"24" 0 0 0 0 0 0.132654147687448 0 0 0 0 0 0 0 0 0 0 0 0 0 0 0 0 0 0 0 0 0 0.063183496589415 0 0 0 0 0 0 0 0 0 0 0 0 0 0 0 0.187656593214148 0 0 0 0 0 0 0 0 0 0 0 0 0 0 0 0 0 0 0 0 0 0 0 0 0 0 0 0 0 0 0 0 0 0 0 0 0 0 0 0
"25" 0 0 0 0 0.131704271586763 0 0 0 0 0 0 0 0 0 0 0 0 0 0 0 0 0 0 0 0 0 0 0 0 0 0 0 0 0 0 0.149281425320257 0 0 0 0 0 0 0 0 0 0 0.216335647575092 0 0 0 0 0 0 0 0 0 0 0 0 0 0 0 0 0 0 0 0 0 0 0 0.184236810596559 0 0 0 0 0 0 0 0 0 0.0883534164181491 0 0 0
"26" 0 0 0.256450958856214 0 0 0 0 0 0 0 0 0 0 0 0 0 0 0 0 0 0 0 0 0 0 0 0 0 0 0 0 0 0 0 0 0 0 0 0 0 0 0 0 0 0.168439945059336 0 0 0 0.18308909394446 0 0 0.618132851234023 0 0 0 0 0 0 0 0 0 0.113092296072716 0 0 0 0.220468407647534 0 0 0 0 0 0 0 0 0 0 0 0 0 0 0 0 0 0.284507749392494
"27" 0 0 0 0 0 0 0 0 0 0 0 0 0 0 0 0 0 0 0 0 0 0 0 0 0 0 0 0 0 0 0 0 0 0 0 0 0 0 0 0 0 0 0 0 0 0 0 0 0 0 0 0 0 0 0.410480634459955 0 0 0 0 0 0 0 0 0 0 0 0 0 0 0 0 0 0 0 0 0 0 0 0 0 0.11842113583248 0 0 0
"28" 0 0 0 0 0 0 0 0 0 0 0 0 0 0 0.212011183448196 0 0 0 0 0.094864914591316 0 0 0 0.288816069439385 0 0 0 0 0 0 0 0 0 0 0 0 0 0 0 0 0 0 0 0 0 0 0 0 0 0 0 0 0 0 0 0 0 0 0 0.173561661900022 0.194374721269339 0 0 0 0.0887406296555789 0 0 0 0 0 0 0 0 0 0 0 0 0 0 0 0 0.191603415492826 0.321325893903046 0
"29" 0 0 0 0 0 0 0 0 0 0 0 0 0 0 0 0 0 0 0 0.142674301827918 0 0 0 0 0 0 0 0 0 0 0 0 0 0 0 0 0 0 0 0 0 0 0 0 0 0.248154869793284 0 0 0 0 0 0 0 0 0 0 0 0.114761830402961 0 0 0 0 0 0 0 0 0 0 0 0.0920019833688425 0 0 0 0.254724072887542 0.149883521634258 0 0 0 0 0 0 0 0 0
"30" 0 0 0 0 0 0 0 0 0 0 0 0 0 0 0 0 0 0 0 0 0 0 0 0 0 0 0 0 0 0 0 0 0 0 0 0 0 0 0 0 0 0 0.297772651219257 0 0 0 0 0 0 0 0 0 0 0 0 0 0 0 0 0 0 0 0 0 0 0 0 0 0 0 0 0 0.15196502076225 0 0 0 0 0 0 0 0 0.25303810486952 0 0.230684232477017
"31" 0 0 0 0 0 0 0 0 0.431423984971377 0 0 0 0 0 0 0 0 0 0 0 0 0 0 0 0 0 0 0 0 0 0 0 0 0 0 0 0 0.284471745929761 0.164058208838324 0 0 0 0 0 0 0 0 0 0 0 0 0 0 0 0 0 0 0 0 0 0 0 0 0 0 0 0 0 0 0 0 0 0 0 0 0 0 0 0 0 0 0 0 0
"32" 0 0 0 0 0 0 0 0 0 0 0 0 0 0 0 0 0 0 0 0 0 0 0 0 0 0 0 0 0 0 0 0 0 0 0 0 0 0 0 0 0 0 0 0 0 0 0 0 0 0 0 0 0 0 0 0 0 0 0 0 0 0 0 0 0 0.176000057735847 0 0 0 0 0 0 0 0 0 0 0 0 0 0.151273570073469 0 0 0 0
"33" 0 0 0 0 0 0 0 0 0 0 0 0 0 0 0 0 0 0 0 0 0 0 0.205016837007647 0 0 0 0 0 0 0 0 0 0 0 0 0 0 0 0.146785317628024 0 0.210510758832288 0 0 0 0 0 0 0 0 0 0 0 0 0 0 0 0 0 0 0 0 0 0 0 0 0 0 0 0 0.0718941292756237 0 0 0 0 0 0 0 0 0 0 0 0 0 0
"34" 0 0 0 0.118971127136728 0 0 0 0 0 0 0 0 0 0 0 0 0 0 0.291799371204784 0 0 0 0 0 0 0 0 0 0 0 0 0 0 0 0 0 0 0 0 0 0 0 0 0 0 0 0 0 0 0 0 0 0 0 0 0 0 0 0 0 0 0 0 0 0 0 0 0 0 0 0 0 0 0 0 0 0 0 0 0 0 0.23858195881194 0 0
"35" 0 0 0 0 0.144283586424938 0 0 0 0 0 0 0 0 0 0 0 0 0 0 0 0 0 0 0 0 0 0 0 0 0 0 0 0 0 0 0 0 0.250669848724919 0 0 0 0 0 0 0 0 0 0 0 0 0 0 0 0 0 0 0.231853943608498 0 0 0 0 0.0996836810231767 0 0 0 0 0 0 0 0 0 0.189363568213635 0 0 0 0 0 0 0 0 0 0 0 0
"36" 0 0 0 0.152785436955645 0 0 0 0.181766500372492 0 0 0 0 0 0 0 0 0 0 0 0 0 0 0 0 0.173996540370394 0 0 0 0 0 0 0 0 0 0 0 0 0 0 0.102704598974033 0 0 0 0 0 0 0 0 0 0 0 0 0 0 0.433801385775078 0 0 0 0 0 0 0 0 0 0 0 0 0 0 0 0 0 0 0 0 0 0 0 0 0 0 0 0 0
"37" 0 0 0 0 0 0 0 0 0 0.085889046243703 0 0 0 0.25707233011535 0 0 0 0 0 0 0 0 0 0 0 0 0 0 0 0 0 0 0 0 0 0 0 0 0 0 0 0 0 0 0 0 0 0 0 0 0 0 0 0 0 0 0 0 0 0 0 0 0 0 0 0 0 0 0 0.114558177333549 0 0 0 0 0 0.14210362672423 0 0 0 0 0 0 0 0
"38" 0 0 0 0 0 0 0 0 0 0 0 0 0 0 0 0 0 0.139351261891496 0 0 0 0 0 0 0 0 0 0 0 0 0.390817472955916 0 0 0 0.186231419051765 0 0 0 0 0 0 0 0 0 0 0 0 0 0 0 0 0 0 0 0 0 0 0 0 0 0 0 0 0.259357759646402 0 0 0 0 0 0 0 0 0 0 0 0 0 0 0 0 0.176549316516325 0 0 0
"39" 0 0 0 0 0 0 0 0 0 0.147707010383085 0 0 0 0 0 0 0 0 0 0 0 0 0 0 0 0 0 0 0 0 0.312411402613328 0 0.281781664774489 0 0 0 0 0 0 0 0 0 0 0 0 0 0 0 0 0 0 0 0 0 0 0 0 0 0 0 0 0 0 0 0 0 0 0 0.291202849234606 0.0994683311050203 0 0 0 0 0.153978743125844 0 0 0 0 0.115935984940187 0 0 0 0
"40" 0 0 0 0 0 0 0 0 0 0 0.217698255912642 0 0 0 0 0 0 0.120198758075418 0 0 0 0 0.20278989328344 0 0 0 0 0 0 0 0 0 0 0 0 0.148599232102189 0 0 0 0 0.160349132119607 0 0 0 0 0 0 0 0.209616936155999 0 0 0 0 0 0 0 0 0.121983748552577 0 0 0 0 0 0 0 0 0 0 0 0 0 0 0 0 0 0.176139586764885 0 0 0 0 0 0 0 0
"41" 0 0 0 0 0 0 0 0 0 0 0 0 0 0 0 0 0 0 0 0 0 0 0 0 0 0 0 0 0 0 0 0 0.318814028275355 0 0 0 0 0 0 0.14422810907693 0 0 0 0 0 0 0.308191327843184 0 0 0 0 0 0 0 0 0 0.29688880685391 0 0 0 0 0 0 0 0.13906294972929 0 0 0 0 0 0 0 0 0 0 0 0 0 0 0 0 0 0 0
"42" 0 0 0 0 0.1765952538789 0 0 0 0 0 0.259823981780917 0 0 0 0 0 0 0.179456971142312 0 0 0 0 0 0 0 0 0 0 0 0 0 0 0 0 0 0 0 0 0 0 0 0 0 0 0 0 0 0 0 0 0 0 0 0 0 0.120808365503225 0 0 0 0 0 0 0 0 0 0 0 0 0 0 0 0 0 0 0 0 0 0 0 0 0 0 0 0
"43" 0 0 0 0 0 0 0 0 0 0 0 0 0 0 0 0 0 0 0 0 0 0 0 0 0 0 0 0 0 0.218152032130666 0 0 0 0 0 0 0 0 0 0 0 0 0 0 0 0 0 0 0 0 0 0 0 0 0 0 0 0 0 0 0 0 0 0 0 0 0 0 0 0.0866902236784978 0 0 0 0 0 0 0 0 0 0 0.0966480202357158 0 0 0
"44" 0.168396537930676 0.251278956091764 0 0 0 0 0 0 0 0 0 0 0 0 0 0 0 0 0 0 0 0 0 0.319337247671371 0 0 0 0 0 0 0 0 0 0 0 0 0 0 0 0 0 0 0 0 0 0 0 0 0 0 0 0 0.240608868026624 0 0 0 0 0 0 0 0 0 0 0 0 0.227133939435325 0 0 0 0 0 0 0 0 0 0 0 0 0 0.172639912830223 0 0 0 0
"45" 0 0 0 0 0 0.130971662182582 0.330194641319951 0 0 0 0 0 0 0 0 0 0 0 0 0 0 0 0 0 0 0.137819137730232 0 0 0 0 0 0 0 0 0 0 0 0 0 0 0 0 0 0 0 0 0 0 0 0 0 0 0 0 0 0 0 0 0 0 0 0 0 0.215862770727667 0 0 0 0 0 0 0.19290478601107 0 0 0 0 0 0 0.186230072750781 0 0 0 0 0 0
"46" 0 0 0 0 0 0 0.226890704767455 0 0 0 0 0 0 0 0 0 0 0 0 0 0 0 0 0 0 0 0 0 0.166294148364613 0 0 0 0 0 0 0 0 0 0 0 0 0 0 0 0 0 0 0 0 0 0 0 0 0 0 0 0 0 0 0 0.174344763158544 0 0.0912024063643598 0 0 0 0 0 0 0 0 0 0 0 0 0 0 0 0 0 0 0 0 0
"47" 0 0.339397280106039 0 0 0 0 0 0 0 0 0 0 0 0 0 0 0 0 0 0 0 0 0 0 0.220351816911703 0 0 0 0 0 0 0 0 0 0 0 0 0 0 0 0.162951975199532 0 0 0 0 0 0 0 0 0 0 0 0 0 0 0 0 0 0 0 0 0 0 0 0 0 0 0 0 0 0 0 0 0 0 0 0 0 0 0.107052943681597 0 0 0 0
"48" 0 0 0 0 0 0 0 0 0 0 0 0 0 0.20688418605261 0 0 0 0 0 0 0 0 0 0 0 0 0 0 0 0 0 0 0 0 0 0 0 0 0 0 0 0 0 0 0 0 0 0 0 0 0 0 0 0 0 0 0 0.149215576347935 0 0 0 0 0 0.218847163024219 0 0 0 0 0 0 0 0 0 0 0 0 0 0 0 0 0 0 0 0
"49" 0 0 0 0 0 0 0 0 0 0 0 0 0 0 0 0 0 0 0 0 0 0 0 0 0 0.170459442896263 0 0 0 0 0 0 0 0 0 0 0 0 0 0.159237263173035 0 0 0 0 0 0 0 0 0 0 0 0 0 0 0 0 0 0 0 0 0 0 0.0811800254945384 0 0 0 0.487401672402735 0 0 0 0 0 0 0 0.0956690424734185 0 0 0 0 0 0 0 0 0
"50" 0.197148357454358 0 0 0 0 0 0 0 0 0.083849369849359 0 0 0 0 0 0 0 0 0 0 0 0 0 0 0 0 0 0 0 0 0 0 0 0 0 0 0 0 0 0 0 0 0 0 0 0 0 0 0 0 0 0 0 0.134831658397092 0.34983287512255 0 0 0 0 0 0 0 0 0 0 0 0 0 0 0 0 0 0 0 0 0 0 0 0 0 0 0 0 0
"51" 0 0 0 0 0 0 0 0 0 0.116172390461826 0 0.341763627440742 0 0 0 0 0 0.162861428644131 0 0 0 0 0 0 0 0 0 0 0 0 0 0 0 0 0 0 0 0 0 0 0 0 0 0 0 0 0 0 0 0 0 0 0 0 0 0.0977250237249803 0 0 0 0.204414903195516 0 0 0 0 0 0 0 0 0 0 0 0 0 0 0 0 0 0 0 0 0 0 0 0
"52" 0 0 0 0 0 0 0 0 0 0 0 0 0 0 0 0 0 0 0 0 0 0 0 0 0 0.133197126415101 0 0 0 0 0 0 0 0 0 0 0 0 0 0 0 0 0 0 0 0 0 0 0 0 0 0 0 0 0 0 0 0 0 0 0 0 0 0 0 0 0 0 0.149368900984011 0 0 0 0 0 0 0 0 0 0 0 0 0 0 0
"53" 0 0 0 0 0 0 0 0.192786769818697 0 0 0 0 0 0 0 0 0 0 0 0 0 0 0 0 0 0 0 0 0 0 0 0 0 0 0 0 0 0 0 0 0 0 0 0.186510691573982 0 0 0 0 0 0 0 0 0 0 0 0 0 0 0 0 0 0.149492444934225 0 0 0 0 0 0 0 0 0 0 0 0 0 0.18474279301874 0 0 0 0 0 0 0 0
"54" 0 0 0 0 0.164063160407322 0.0999095865733371 0 0 0 0 0 0 0 0 0 0 0 0 0 0.103609955600939 0 0 0 0 0 0 0 0 0 0 0 0 0 0 0 0 0 0 0 0 0 0 0 0 0 0 0 0 0 0.157517488190535 0 0 0 0 0 0.126959653898031 0 0 0 0 0 0 0.0789796167368982 0 0 0 0 0 0 0 0 0 0 0 0 0 0 0 0 0 0 0 0 0
"55" 0 0 0 0 0 0 0 0 0 0 0 0 0 0 0 0 0 0 0 0 0 0 0 0 0 0 0.443111641692341 0 0 0 0 0 0 0 0 0.210559878516334 0 0 0 0 0 0 0 0 0 0 0 0 0 0.233933488032549 0 0 0 0 0 0 0 0 0 0 0 0 0 0 0 0 0 0 0 0 0 0 0 0 0 0 0 0 0 0 0 0 0 0
"56" 0 0 0 0 0 0 0 0 0 0 0 0 0 0 0 0 0 0 0 0 0 0.111313504743723 0 0 0 0 0 0 0 0 0 0 0 0 0 0 0 0 0 0 0 0.161741002396269 0 0 0 0 0 0 0 0 0.211863915043865 0 0 0.257892576655136 0 0 0 0 0.186993698370432 0 0 0.0986574583142758 0 0 0.0998649487778921 0 0 0 0 0 0 0 0 0 0 0 0 0 0.222655022594478 0 0 0 0 0
"57" 0 0.38044738456023 0 0 0 0 0 0 0 0 0 0 0 0 0 0 0 0 0 0 0 0 0 0 0 0 0 0 0 0 0 0 0 0 0.199429528941681 0 0 0 0 0 0.235739320617552 0 0 0 0 0 0 0 0 0 0 0 0 0 0 0 0 0.0941277000119617 0 0 0 0 0 0 0 0 0 0 0 0 0 0 0 0 0 0 0 0 0 0 0 0 0 0
"58" 0 0 0 0 0 0 0 0 0 0 0 0 0 0.228297492326438 0.261718836272614 0 0 0 0 0 0 0 0 0 0 0 0 0 0.191214721189965 0 0 0 0 0 0 0 0 0 0 0.108164403562707 0 0 0 0 0 0 0 0.246911189812295 0 0 0 0 0 0 0 0 0.316974723465126 0 0 0 0 0 0 0 0 0 0 0 0 0 0 0 0 0 0 0 0 0 0.225237569008906 0 0 0 0 0
"59" 0 0 0 0 0.10638481333976 0 0 0 0.45096097077731 0 0 0 0 0 0.274184594394785 0 0 0 0 0 0 0 0 0 0 0 0 0 0 0 0 0 0 0 0 0 0 0 0 0 0 0 0 0 0 0 0 0 0 0 0 0 0 0 0 0.156329902333303 0 0 0 0 0 0 0 0 0 0 0 0 0 0.105344260211095 0 0 0 0 0 0 0.235659877360561 0 0 0 0 0 0 0
"60" 0.137475106973255 0 0 0 0 0 0 0 0 0 0 0 0 0 0 0 0.439950590605724 0 0 0 0 0.176840224031455 0 0 0 0 0 0.133244954079899 0 0 0 0 0 0 0 0 0 0 0 0 0 0 0 0 0 0 0 0 0 0 0.272685809726314 0 0 0 0 0 0 0 0 0 0 0 0 0 0 0 0 0 0 0 0 0 0 0 0 0 0 0 0 0 0 0 0 0
"61" 0 0 0 0 0 0 0.235382730853211 0 0 0 0 0 0 0 0 0 0 0 0 0.079773846583147 0 0 0 0 0 0 0 0.0940324052699374 0 0 0 0 0 0 0 0 0 0 0 0 0 0 0 0 0 0.275442257339587 0 0 0 0 0 0 0 0 0 0 0 0 0 0 0 0 0 0 0 0 0 0 0 0 0 0 0 0 0 0 0 0 0 0 0.117927512581302 0 0 0.233881118008843
"62" 0 0 0 0 0 0.0647097700973136 0 0 0 0 0 0 0 0.262050524997278 0 0 0 0 0 0 0 0 0 0 0 0.132501173117696 0 0 0 0 0 0 0 0 0.119669032417915 0 0 0 0 0 0 0 0 0 0 0 0 0 0 0 0 0 0.386428021139615 0 0 0.0968141934904385 0 0 0 0 0 0 0 0 0 0 0 0.296111100743641 0 0 0 0.130414822626263 0.275155836548414 0 0 0 0 0 0 0 0 0 0 0
"63" 0.144479459466726 0.220775931903322 0 0 0 0 0 0 0 0 0 0 0 0 0 0 0 0 0 0 0.410937296930007 0 0 0 0 0 0 0 0 0 0 0 0 0 0 0 0 0 0 0 0 0 0 0 0 0.216308683027783 0 0 0.201320225441311 0 0 0 0 0.137041842491538 0 0 0 0 0 0 0 0 0 0 0 0 0.523226220243176 0 0.252408874669442 0.0876954717708804 0 0 0 0 0 0 0 0 0 0 0.125967459461023 0 0 0
"64" 0 0 0 0 0 0 0 0 0 0 0 0 0 0 0 0.473835292134652 0 0 0 0 0 0 0 0 0 0 0 0 0 0 0 0 0 0 0 0 0 0.280138356606117 0 0 0 0 0 0 0.201477382601421 0 0 0.355068126672244 0 0 0 0 0 0 0 0 0 0 0 0 0 0 0 0 0 0 0 0 0 0 0 0 0 0 0 0 0 0 0 0 0 0 0 0
"65" 0 0 0 0 0 0 0 0.182586957204405 0 0 0 0 0 0 0.240207958319057 0 0 0 0 0.0887003356948619 0 0 0 0 0 0 0 0.111293624575535 0 0 0 0 0 0 0 0 0 0 0 0 0.23262077237347 0 0 0 0 0 0 0 0 0 0 0 0 0 0 0.112650740071786 0 0 0 0 0 0 0 0 0 0 0 0 0 0.0857747407220754 0 0 0 0 0 0.142992954169372 0 0 0 0 0 0 0 0
"66" 0 0 0 0 0 0 0 0 0 0 0 0 0 0 0 0 0 0 0 0 0 0 0 0 0 0.154739321982128 0 0 0 0 0 0.540518461854959 0 0 0 0 0 0 0 0 0 0 0 0.133534822679028 0 0 0 0 0 0 0 0 0 0 0 0 0 0 0 0 0 0 0 0 0 0 0 0 0 0 0 0.160474967418038 0 0 0 0 0 0 0 0 0 0 0 0
"67" 0 0 0 0 0 0 0 0 0 0 0 0 0 0 0 0 0 0 0 0 0 0 0 0 0 0 0 0 0 0 0 0 0 0 0 0 0 0 0 0 0 0 0 0 0 0 0 0 0.207045920322377 0 0 0 0 0 0 0 0 0 0 0 0 0 0.0958487269658532 0 0 0 0 0 0 0 0 0 0 0 0 0 0 0 0 0 0 0 0 0
"68" 0 0 0 0 0 0.122635033598978 0 0 0 0 0 0 0 0 0 0 0 0.191271456899909 0 0 0 0 0 0 0 0 0 0 0 0 0 0 0 0 0 0 0 0 0 0 0 0 0 0 0 0 0 0 0 0 0 0 0 0 0 0 0 0 0 0 0 0.0863590599685621 0 0 0 0 0 0 0 0 0 0 0 0 0 0 0 0 0 0 0 0 0 0
"69" 0 0 0 0.165619763031305 0 0 0 0 0 0 0 0 0 0 0 0 0 0 0 0 0 0 0 0 0 0 0 0 0 0 0 0 0 0 0 0 0 0 0.157982013262715 0 0 0 0 0 0 0 0 0 0 0 0 0.332662287807802 0 0 0 0 0 0 0 0 0 0 0.0925488554437064 0 0 0 0 0 0 0 0 0 0 0 0 0 0 0 0 0 0 0 0 0
"70" 0 0 0 0 0 0.0839326016878112 0 0 0 0 0.233463836351046 0 0 0 0 0 0 0 0 0 0 0 0 0 0 0 0 0 0.202985727928778 0 0 0 0.220071773227376 0 0 0 0.237821556044706 0 0.122193353702337 0 0 0 0.320754175557862 0 0 0 0 0 0 0 0 0 0 0 0 0 0 0 0.126224111022519 0 0 0 0.119018913873642 0 0.115818995756337 0 0 0 0 0 0 0 0 0 0 0 0.205806903273947 0 0.2242104427419 0 0 0 0 0
"71" 0 0 0 0 0 0 0 0 0 0 0 0 0 0 0 0 0 0 0 0.095114758014527 0.343438601882542 0 0 0 0.144792489451496 0 0 0 0 0 0 0 0 0 0 0 0 0 0 0 0 0 0 0 0.216672339584013 0 0 0 0 0 0 0 0 0 0 0 0 0 0 0 0 0 0 0 0 0 0 0 0 0 0 0 0 0 0.094180676884615 0 0.298903818911635 0 0 0 0 0 0 0
"72" 0 0 0 0 0 0 0 0 0 0 0 0 0 0 0 0 0 0 0 0 0.379130552862014 0.1279120373591 0.172350111344961 0 0 0 0 0 0 0 0 0 0 0 0.228844460281809 0 0 0 0 0 0 0 0 0 0 0 0 0 0 0 0 0 0 0 0 0 0 0 0 0 0 0.121472880244726 0 0 0 0.251649471770042 0 0 0 0 0 0 0 0 0 0 0 0 0 0 0 0 0.33891073199322 0
"73" 0 0 0 0 0 0 0 0 0 0 0 0 0 0 0 0 0 0 0 0 0 0 0 0 0 0 0 0 0 0.293591503351873 0 0 0 0 0 0 0 0 0 0 0 0 0 0 0 0 0 0 0 0 0 0 0 0 0 0 0 0 0 0 0 0.0970916443072929 0 0 0 0 0 0 0 0 0 0 0 0 0.106193724652806 0.157022816448485 0 0 0 0 0 0 0 0
"74" 0 0 0 0 0.131396943738337 0 0 0 0 0 0.193329756754086 0 0 0 0 0 0 0 0 0 0 0 0.246152126949662 0 0 0 0 0 0.214774343595675 0 0 0 0 0 0 0 0 0 0 0 0 0 0 0 0 0 0 0 0 0 0 0 0 0 0 0 0 0 0 0 0 0 0 0 0 0 0 0 0 0 0 0 0 0 0 0 0 0 0 0 0 0 0 0
"75" 0 0 0.202376184914629 0.098475517482536 0 0 0 0 0 0 0 0 0 0 0 0 0 0 0 0 0 0 0 0 0 0 0 0 0.17455645616232 0 0 0 0 0 0 0 0 0 0.11446879867676 0 0 0 0 0 0 0 0 0 0.169052424010632 0 0 0 0 0 0 0 0 0 0 0 0 0 0 0 0 0 0 0 0 0 0.145597491314507 0 0.255033378632775 0 0 0 0.131949930204628 0 0 0 0 0 0 0
"76" 0 0 0 0.130256047536024 0 0 0 0 0 0 0 0 0 0 0 0 0 0 0 0 0 0 0 0 0 0 0 0 0 0 0 0 0 0 0 0 0.220383858064954 0 0 0.149546823965746 0 0 0 0 0 0 0 0 0 0 0 0 0.263755376250652 0 0 0 0 0 0 0 0 0 0 0 0.178673181322208 0 0 0 0 0 0 0 0.292748250430016 0 0 0 0 0 0 0 0 0 0 0
"77" 0 0 0 0 0 0 0 0 0 0 0 0 0 0 0 0 0 0 0 0 0 0 0 0 0 0 0 0 0 0 0 0 0 0 0 0 0 0 0 0 0 0 0 0 0 0 0 0 0 0 0 0 0 0 0 0 0 0 0.205056658225297 0 0 0 0 0 0 0 0 0 0 0.101798553316261 0.166184422688421 0 0 0 0.138495366285595 0 0 0 0 0 0 0 0 0
"78" 0 0 0 0.119901646803332 0 0 0 0 0 0 0 0 0 0 0 0 0 0 0 0 0 0.14294890001664 0.257625806466598 0 0 0 0 0 0 0 0 0 0 0 0 0 0 0 0 0 0 0 0 0 0.181535986881623 0 0 0 0 0 0 0 0 0 0 0 0 0 0 0 0 0 0 0 0 0 0 0 0 0 0 0 0 0 0 0 0 0 0 0 0 0 0 0
"79" 0 0 0 0 0 0 0 0 0 0 0 0 0 0 0 0 0 0 0 0.0837004667198015 0 0 0 0 0 0 0 0 0 0 0 0 0 0 0 0 0 0 0 0 0 0 0 0 0 0 0 0 0 0 0 0 0 0 0 0.0991454213750828 0 0.177822194135318 0 0 0 0 0 0 0 0 0 0 0 0.0818284851107361 0 0 0 0 0 0 0 0 0 0.177442370028228 0 0 0 0
"80" 0 0 0 0 0 0.0860727655655722 0 0 0 0 0 0 0 0 0 0 0 0 0 0 0 0 0 0 0 0 0 0 0 0 0 0.354373561979371 0 0 0 0 0 0 0.145734419011218 0 0 0 0 0.176679502942591 0 0 0.333289033698018 0 0 0 0 0 0 0 0 0 0 0 0 0 0 0 0 0 0 0 0 0 0 0 0 0 0 0 0 0 0 0 0.219555379993757 0 0 0 0 0
"81" 0 0 0 0 0 0.131792624919966 0 0 0 0 0 0 0 0 0 0 0 0 0 0 0 0 0 0 0.262800122762934 0 0.523146192485688 0 0 0 0 0 0 0 0 0 0 0.140549593483197 0 0 0 0 0.394757236112153 0 0 0 0 0 0 0 0 0 0 0 0 0 0 0 0 0 0.200170326844198 0 0.117335864836089 0 0 0 0 0 0 0 0 0 0 0 0 0 0 0 0 0 0 0 0 0
"82" 0 0 0 0.135070107401646 0 0 0 0 0 0 0 0 0 0 0 0 0 0 0 0 0 0 0 0 0 0 0 0.165242388754677 0 0.171159150833736 0 0 0 0.362505253721576 0 0 0 0 0 0 0 0 0 0 0 0 0 0 0 0 0 0 0 0 0 0 0 0 0 0 0 0 0 0 0 0 0 0 0 0 0 0 0 0 0 0 0 0 0 0 0 0 0 0
"83" 0 0 0 0 0 0 0 0 0 0 0 0 0 0 0 0 0 0 0 0 0 0 0 0 0 0 0 0.108798972534198 0 0 0 0 0 0 0 0 0 0 0 0 0 0 0 0 0 0 0 0 0 0 0 0 0 0 0 0 0 0 0 0 0 0 0 0 0 0 0 0 0 0 0 0.146711512154962 0 0 0 0 0 0 0 0 0 0 0 0.30513779729652
"84" 0 0 0 0 0 0 0 0 0 0 0 0 0 0 0 0 0 0 0 0 0 0 0 0 0 0.11855025023926 0 0 0 0.290147464857757 0 0 0 0 0 0 0 0 0 0 0 0 0 0 0 0 0 0 0 0 0 0 0 0 0 0 0 0 0 0 0.142334264230084 0 0 0 0 0 0 0 0 0 0 0 0 0 0 0 0 0 0 0 0 0 0.287074977156931 0
