"V1" "V2" "V3" "V4" "V5" "V6" "V7" "V8" "V9" "V10" "V11" "V12" "V13" "V14" "V15" "V16" "V17" "V18" "V19" "V20" "V21" "V22" "V23" "V24" "V25" "V26" "V27" "V28" "V29" "V30" "V31" "V32" "V33" "V34" "V35" "V36" "V37" "V38" "V39" "V40" "V41" "V42"
"1" 0 0 0 0 0 0 0 0 0 0 0 0 0 0 0 0 0 0.199812437192963 0 0.127740859723067 0 0 0 0 0 0 0 0 0 0 0 0 0 0 0 0 0.196895088508747 0 0 0 0 0
"2" 0 0 0 0 0 0 0 0 0 0 0 0 0 0 0 0 0 0 0 0 0 0 0.182891756165184 0 0 0 0 0.276763583296852 0 0.171478022840089 0 0 0 0 0 0 0.162343502025523 0 0 0.14643667147546 0 0
"3" 0 0 0 0 0 0 0.126488083084247 0 0 0 0 0 0 0 0 0 0 0 0 0.0808841381239471 0 0 0 0 0.143252972841221 0.156850905879157 0 0 0 0 0 0 0 0 0 0 0 0 0 0 0 0
"4" 0 0 0 0 0 0 0 0 0 0 0 0 0 0 0 0 0 0 0 0 0 0.18536813883956 0 0 0 0 0 0 0.107306109946877 0 0 0 0 0 0 0.354304403169149 0 0.185261413498608 0 0 0 0
"5" 0 0 0 0 0 0 0.111925683626287 0 0 0.120358267540067 0.0886327561072978 0 0 0 0 0 0.405490525518741 0 0 0 0 0 0 0 0 0 0 0 0 0 0 0 0.133980581662509 0 0 0 0 0 0 0 0 0
"6" 0 0 0 0 0 0 0 0 0.127330694905702 0 0 0 0 0 0 0.214358998000278 0 0 0 0 0 0 0 0 0 0 0 0 0.114412871349639 0 0 0 0 0 0 0 0 0 0 0 0 0
"7" 0 0 0.192042888453349 0 0.237294756243947 0 0 0 0.124232027061232 0 0.105038595575987 0 0.157880867887729 0 0 0 0 0 0 0.0926245855064134 0.224099511073626 0 0 0 0 0 0 0 0 0 0 0 0 0 0 0 0 0 0 0 0 0
"8" 0 0 0 0 0 0 0 0 0 0 0 0 0.218814401230469 0 0.336087894602398 0 0 0 0 0 0 0 0 0.195866570105204 0 0.104857755066422 0.158831661836524 0 0 0 0 0 0 0 0 0.36610348779953 0 0 0 0.102448644817291 0 0
"9" 0 0 0 0 0 0.21001377659291 0.195458124441745 0 0 0 0 0 0.174087867084562 0.210727752219657 0 0 0 0.158262451948066 0 0 0 0 0 0 0 0.12852965250762 0 0 0.129205679600745 0 0 0 0 0 0 0 0 0 0.259257224276963 0 0 0
"10" 0 0 0 0 0.260367764741567 0 0 0 0 0 0 0 0 0 0 0 0 0 0 0 0 0 0 0 0.18711528185678 0 0.151654139238853 0 0 0 0.298962192794647 0 0 0.233447072245614 0 0.431963351979409 0.112808531898883 0 0 0 0.261463480539195 0
"11" 0 0 0 0 0.149679872580746 0 0.159741255061213 0 0 0 0 0 0.0947818052204736 0.169668208848745 0 0 0 0 0 0 0.274220404917433 0 0 0 0 0.107201432594035 0 0 0 0 0.176857592956303 0 0 0.179511229443585 0.358433579006914 0 0 0.283915371791804 0.0963485699419767 0 0 0
"12" 0 0 0 0 0 0 0 0 0 0 0 0 0 0 0 0 0 0 0 0 0 0 0 0 0 0.148480726594865 0 0 0 0.196400758271128 0 0 0.190998650101913 0 0 0 0 0 0 0 0 0.139332685541863
"13" 0 0 0 0 0 0 0.137358818343051 0.146293431447804 0.16788370165532 0 0.0967631746662669 0 0 0 0 0 0 0 0 0 0 0 0 0 0 0 0 0 0 0 0 0 0 0 0 0 0 0.270456063072242 0 0 0 0
"14" 0 0 0 0 0 0 0 0 0.0644975295448597 0 0.104735745775128 0 0 0 0 0.270011754289406 0.242883892975756 0 0.364340938547673 0 0 0 0 0 0 0 0 0 0 0 0 0 0 0 0 0 0 0 0 0 0 0
"15" 0 0 0 0 0 0 0 0.160644293468408 0 0 0 0 0 0 0 0 0 0 0 0 0 0.166144240020623 0 0 0 0 0 0 0 0 0 0.182087494289342 0 0 0 0 0 0 0 0.122908761448971 0 0
"16" 0 0 0 0 0 0.346005147027466 0 0 0 0 0 0 0 0.206059960104851 0 0 0 0 0 0.122931864103905 0 0 0 0 0 0 0 0 0 0 0 0.165197243203158 0 0 0 0 0 0 0 0 0 0
"17" 0 0 0 0 0.168722145797339 0 0 0 0 0 0 0 0 0.182119838831145 0 0 0 0 0 0 0 0.227327888656492 0 0 0 0 0 0 0 0 0 0 0 0 0 0 0 0 0 0.143637566730531 0 0
"18" 0.228799780512484 0 0 0 0 0 0 0 0.131476782499881 0 0 0 0 0 0 0 0 0 0.28148677565573 0 0 0.232990750565708 0 0 0 0 0 0 0.133269784316134 0 0 0 0 0 0 0 0 0 0 0 0 0.11395271105208
"19" 0 0 0 0 0 0 0 0 0 0 0 0 0 0.296424568486181 0 0 0 0.223978405706408 0 0 0 0 0 0 0 0 0 0 0 0 0 0 0 0 0 0 0 0 0 0 0 0.112316605073771
"20" 0.289163207649116 0 0.175335586225578 0 0 0 0.141383049015602 0 0 0 0 0 0 0 0 0.194302129465444 0 0 0 0 0 0 0 0 0 0.143369182168537 0.151850622269721 0 0 0 0 0 0 0 0 0 0 0 0.245579433238799 0 0 0.106609181069247
"21" 0 0 0 0 0 0 0.120045429447907 0 0 0 0.0931469360822851 0 0 0 0 0 0 0 0 0 0 0 0 0 0.126239830217463 0 0 0 0 0 0 0.133645326750907 0 0 0 0 0 0 0 0 0 0
"22" 0 0 0 0.220707665343619 0 0 0 0 0 0 0 0 0 0 0.167428891293713 0 0.212081124071762 0.183112048815013 0 0 0 0 0 0 0 0 0.171996447403349 0 0 0 0 0 0 0 0 0 0 0 0 0 0 0
"23" 0 0.125583913679166 0 0 0 0 0 0 0 0 0 0 0 0 0 0 0 0 0 0 0 0 0 0 0.140552118296636 0.134962653255926 0 0 0 0 0 0 0 0 0 0 0 0 0 0 0 0.110030762793392
"24" 0 0 0 0 0 0 0 0.168784796753582 0 0 0 0 0 0 0 0 0 0 0 0 0 0 0 0 0 0 0 0 0.0463017283746199 0 0 0 0 0 0.504152739458586 0 0 0 0 0.12241001034636 0 0
"25" 0 0 0.311034272762481 0 0 0 0 0 0 0.136060952791937 0 0 0 0 0 0 0 0 0 0 0.263404494651957 0 0.248181936365799 0 0 0 0 0 0 0 0 0.143058181574013 0.102095845300395 0 0 0 0 0 0 0 0 0.138537615911517
"26" 0 0 0.241400800109984 0 0 0 0 0.178177631042146 0.103449883848486 0 0.0878300483818091 0.285713983606002 0 0 0 0 0 0 0 0.113863082544776 0 0 0.279795375841602 0 0 0 0 0 0.081350322323526 0 0 0 0 0 0 0 0 0 0 0 0 0
"27" 0 0 0 0 0 0 0 0.118032198452158 0 0.109330275413066 0 0 0 0 0 0 0 0 0 0.143155139921944 0 0.263751839874833 0 0 0 0 0 0 0 0 0.353306410721051 0 0 0 0 0 0.207767430267543 0 0 0 0 0.136455151411191
"28" 0 0.195366677508204 0 0 0 0 0 0 0 0 0 0 0 0 0 0 0 0 0 0 0 0 0 0 0 0 0 0 0.0858918228354197 0 0 0 0 0 0 0 0 0.254401322118583 0 0.118189993211321 0 0
"29" 0 0 0 0.249583232314019 0 0.259010644358451 0 0 0.112793780054937 0 0 0 0 0 0 0 0 0.103434248330929 0 0 0 0 0 0.264494125255488 0 0.14513913145782 0 0.182781606113814 0 0 0 0 0.119504907111951 0 0 0 0 0 0.289200575428813 0 0.43998935567711 0
"30" 0 0.152759319026621 0 0 0 0 0 0 0 0 0 0.360412336894217 0 0 0 0 0 0 0 0 0 0 0 0 0 0 0 0 0 0 0 0 0.150723903458511 0.188315292175597 0 0 0 0 0.184484802888103 0 0 0
"31" 0 0 0 0 0 0 0 0 0 0.127092462142895 0.0783649917927764 0 0 0 0 0 0 0 0 0 0 0 0 0 0 0 0.126206128434545 0 0 0 0 0.161704562013092 0 0 0 0 0 0 0 0 0 0
"32" 0 0 0 0 0 0 0 0 0 0 0 0 0 0 0.316709127269667 0.371102636911151 0 0 0 0 0.218219416303932 0 0 0 0.130150482074256 0 0 0 0 0 0.28792825928824 0 0 0.163206968289069 0 0 0 0 0 0 0 0
"33" 0 0 0 0 0.167262013824304 0 0 0 0 0 0 0.190547586723459 0 0 0 0 0 0 0 0 0 0 0 0 0.174106459394747 0 0 0 0.13561559060509 0.21000245428121 0 0 0 0.210019084190129 0 0 0 0 0 0.0917320497230767 0 0
"34" 0 0 0 0 0 0 0 0 0 0.0841842039546093 0.0848019547296109 0 0 0 0 0 0 0 0 0 0 0 0 0 0 0 0 0 0 0.182229750774659 0 0.144965808837365 0.107800743665121 0 0 0 0 0 0 0 0 0
"35" 0 0 0 0 0 0 0 0 0 0 0.095596418518157 0 0 0 0 0 0 0 0 0 0 0 0 0.199136232513143 0 0 0 0 0 0 0 0 0 0 0 0 0 0 0 0 0 0
"36" 0 0 0 0.230443559866246 0 0 0 0.148597305619327 0 0.113228139263668 0 0 0 0 0 0 0 0 0 0 0 0 0 0 0 0 0 0 0 0 0 0 0 0 0 0 0 0 0 0 0 0
"37" 0.392891220782711 0.21188672854567 0 0 0 0 0 0 0 0.140627338943479 0 0 0 0 0 0 0 0 0 0 0 0 0 0 0 0 0.1711055213184 0 0 0 0 0 0 0 0 0 0 0 0 0 0 0.0762552857661416
"38" 0 0 0 0.186126881236907 0 0 0 0 0 0 0.0905736992092272 0 0.191305505447114 0 0 0 0 0 0 0 0 0 0 0 0 0 0 0.209134966036571 0 0 0 0 0 0 0 0 0 0 0 0 0 0
"39" 0 0 0 0 0 0 0 0 0.157882939197781 0 0.112804267880856 0 0 0 0 0 0 0 0 0.176683349689803 0 0 0 0 0 0 0 0 0.140377424589685 0.195049586290096 0 0 0 0 0 0 0 0 0 0 0 0
"40" 0 0.153820537012367 0 0 0 0 0 0.119212304145603 0 0 0 0 0 0 0.234052718950271 0 0.282516906656749 0 0 0 0 0 0 0.212491392188261 0 0 0 0.313521180858964 0 0 0 0 0.139859288982395 0 0 0 0 0 0 0 0 0
"41" 0 0 0 0 0 0 0 0 0 0.167895546389448 0 0 0 0 0 0 0 0 0 0 0 0 0 0 0 0 0 0 0.124439190870884 0 0 0 0 0 0 0 0 0 0 0 0 0.0900318692405054
"42" 0 0 0 0 0 0 0 0 0 0 0 0.282321111557821 0 0 0 0 0 0.117776454006273 0.287881599847994 0.150492868631865 0 0 0.150135911654265 0 0.195539231744611 0 0.0589755013752713 0 0 0 0 0 0 0 0 0 0.203505705095578 0 0 0 0.367687822252212 0
