"V1" "V2" "V3" "V4" "V5" "V6" "V7" "V8" "V9" "V10" "V11" "V12" "V13" "V14" "V15" "V16" "V17" "V18" "V19" "V20" "V21" "V22" "V23" "V24" "V25" "V26" "V27" "V28" "V29" "V30" "V31" "V32" "V33" "V34" "V35" "V36" "V37" "V38" "V39" "V40" "V41" "V42"
"1" 0 0.067183723179978 0 0 0 0 0 0 0.102692948114328 0 0 0 0 0 0 0 0.119324309506109 0 0 0 0 0 0 0 0.125693763762956 0 0.0690330616289426 0 0 0 0.0893948725712465 0 0 0 0 0.0606778255244121 0.185903957965094 0 0.18369080391111 0 0 0
"2" 0.0791863489857504 0 0 0 0 0.15133652955666 0 0 0.124202409291133 0 0 0 0 0 0 0 0.0848633144326642 0.0675327422129059 0 0 0 0 0 0.0458626718765589 0.12254391008669 0 0.0646468275134846 0.0612259574818263 0 0.0775903104072056 0.102308554021808 0 0.0310641003381827 0 0 0.0797300392214684 0 0 0 0 0 0
"3" 0 0 0 0 0.171974150853373 0 0 0 0 0 0 0.157409131143385 0 0.0894581134989988 0.079819684472557 0 0 0 0 0 0 0.0969679161498813 0 0 0 0 0 0 0 0 0 0 0.0550498066673729 0.0895817044666346 0 0.0620683875700415 0 0 0 0.152424029269544 0 0
"4" 0 0 0 0 0 0 0 0.122127842555851 0 0 0.0931060724428337 0 0.119746681841435 0 0.0642160554666917 0.119163547796066 0 0 0.159412281500169 0.167185822679447 0.0602870693858822 0 0 0 0 0 0 0 0.180771063449528 0 0 0.0844106048420618 0 0 0.161574797446513 0 0 0 0 0 0 0
"5" 0 0 0.0939468202314642 0 0 0 0.511728311675046 0 0 0 0 0.165848006038737 0 0 0 0 0 0 0 0 0 0.0876069906178098 0 0 0 0 0 0 0 0 0 0 0 0.110615353584813 0 0 0 0 0 0.179661074497462 0 0
"6" 0 0.055184342753665 0 0 0 0 0 0 0.11268466613738 0 0 0 0 0 0 0 0 0.0873817767608468 0 0 0 0 0 0.0533285546192159 0.120019179554969 0 0.0549425522993845 0.0735140032973149 0 0 0.0691055789395703 0 0 0 0 0 0 0 0 0 0 0
"7" 0 0 0 0 0.19172936369193 0 0 0 0 0 0 0.19491765280688 0 0 0 0 0 0 0 0 0 0 0 0 0 0 0 0 0 0 0 0 0 0 0 0 0 0 0 0 0 0
"8" 0 0 0 0.0902253114332866 0 0 0 0 0 0 0 0 0.148440324874212 0 0 0.134651814757218 0 0 0.103091862042363 0.111304908268955 0.0870291667121188 0 0 0 0 0 0 0 0.116094212420868 0 0 0 0 0 0.122242222343835 0 0 0 0 0 0 0
"9" 0.129763157381172 0.0730086862018911 0 0 0 0.165821341827622 0 0 0 0 0 0 0 0 0 0 0.111057056345386 0 0 0 0 0 0 0 0.131977949022766 0 0.0907708419074838 0 0 0 0.109869058610217 0 0 0 0 0.0666186179136327 0.143502678948642 0 0.198691304749404 0 0 0
"10" 0 0 0 0 0 0 0 0 0 0 0 0 0 0 0 0 0 0.049064437310326 0 0 0 0 0.0724950420466804 0.0564374416156848 0 0.108952008302182 0 0.0549432898419237 0 0 0 0 0 0 0 0 0 0.0744872491971923 0 0 0 0.0953858802450714
"11" 0 0 0 0.110728020880144 0 0 0 0 0 0 0 0 0 0.0768933358680763 0.0439803650732915 0 0 0.030325309397009 0 0 0.0710899371171708 0.111631489819331 0.0944245498644808 0.0656822137186953 0 0 0 0.0420532703141451 0 0.0842560530644623 0 0.0645460998924035 0.0625837896157396 0.0970739786985882 0 0 0 0.0889277791899367 0 0 0.0621694014248057 0
"12" 0 0 0.118096727307319 0 0.152373334858824 0 0.428452453366756 0 0 0 0 0 0 0 0 0 0 0 0 0 0 0.0733123877646495 0 0 0 0 0 0 0 0 0 0 0 0.132277574682679 0 0 0 0 0 0 0 0
"13" 0 0 0 0.117376867303904 0 0 0 0.0949370672021224 0 0 0 0 0 0 0 0.140478982743407 0 0 0.161063085931259 0.112550412615499 0.0677644006952552 0 0 0 0 0 0 0 0.124456992449406 0 0 0 0 0 0.186425700865881 0 0 0 0 0 0 0
"14" 0 0 0.11447919605899 0 0 0 0 0 0 0 0.0775152790445113 0 0 0 0.0495255029348383 0 0 0 0 0 0 0.0978355469921157 0 0.0575113960988166 0 0 0 0 0 0.0768211316527012 0 0.0685224850024955 0.0479777509098943 0.105966921039207 0 0.0469280759644703 0 0 0 0 0.0928014075825054 0
"15" 0 0 0.121799432835177 0.0827800951941459 0 0 0 0 0 0 0.0937615449021181 0 0 0.0892096554418193 0 0 0 0.0655597884342966 0 0 0.0718074705120808 0.116648517239011 0.0884544489408371 0.0556113931688425 0 0 0 0.0760554103404257 0 0.0771362346409904 0 0.0706889124350672 0.0685204419582014 0.109106402821588 0 0 0 0.0827649630107059 0 0 0.0638363542376673 0
"16" 0 0 0 0.0852273790542712 0 0 0 0.127919851226522 0 0 0 0 0.130596082988354 0 0 0 0 0 0.142288131944163 0.164547822235128 0.102510145190336 0 0 0 0 0 0 0 0.124567626572485 0 0 0 0 0 0.12270684193971 0 0 0 0 0 0 0
"17" 0.103681675615354 0.0747457906680302 0 0 0 0 0 0 0.107503421506062 0 0 0 0 0 0 0 0 0 0 0 0 0 0 0 0.107788297024496 0 0.0535600971888655 0 0 0 0.0987075895366438 0 0 0 0 0.0642316168126039 0.0916351598220504 0 0.213718924211492 0.136766668674817 0 0
"18" 0 0.0655126387494319 0 0 0 0.119187638215189 0 0 0 0.172786528746426 0.0619781566028167 0 0 0 0.0843375488080526 0 0 0 0 0 0 0 0.0670555038036573 0.0412919035727637 0.0999618389260762 0.124160823785462 0.0849159686704052 0.0563024613619561 0 0.0636295098325406 0 0.0539263674764715 0.0538605263710208 0 0 0 0 0.0670438474658063 0 0 0.0474525119155155 0.143471675707001
"19" 0 0 0 0.0592510683267977 0 0 0 0.128786483423575 0 0 0 0 0.0867517223489467 0 0 0.156560635211666 0 0 0 0.115649439640643 0.0677436256208207 0 0 0 0 0 0 0 0.142246544698339 0 0 0 0 0 0.145643140184573 0 0 0 0 0 0 0
"20" 0 0 0 0.0999879077730144 0 0 0 0.149744683591847 0 0 0 0 0.0623105640889205 0 0 0.0724964794525092 0 0 0.114308580175327 0 0.0716721752610344 0 0 0 0 0 0 0 0.143113474331103 0 0 0 0 0 0.0844793759546049 0 0 0 0 0 0 0
"21" 0 0 0 0.116481284838778 0 0 0 0.0961506189799069 0 0 0.0705454037698501 0 0.0911334198566276 0 0.0681192437632992 0.129749257403672 0 0 0.173588002059644 0.166958952000389 0 0 0.0584884833667252 0 0 0 0 0 0.0843382090446745 0 0 0.0639322709510069 0 0 0 0 0 0.0742105283683162 0 0 0.0663429581326543 0
"22" 0 0 0.0645742919378398 0 0.123257008697682 0 0 0 0 0 0.0509838855132644 0.141065705821254 0 0.112714071129933 0.0901799766472848 0 0 0 0 0 0 0 0 0 0 0 0 0 0 0 0 0.0737008842207415 0.0553787676518273 0.115420647546155 0 0.065759190382141 0 0 0 0.177939879797116 0 0
"23" 0 0 0 0 0 0 0 0 0 0.118323472920245 0.0519112029972847 0 0 0 0.0679150619408927 0 0 0.0638115687223435 0 0 0.0818403088905681 0 0 0.0661261659979508 0 0.0956335459231998 0 0.0541037004839469 0 0.0714632559903442 0 0.0620664963458124 0.0500401650425811 0 0 0 0 0.06179530967097 0 0 0.0470821027607193 0.120665657896964
"24" 0 0.0682775611587597 0 0 0 0.0807094278942094 0 0 0 0.16099966029053 0.0416838333657431 0 0 0.0918052799554744 0.0455294572842144 0 0 0.0692426977103566 0 0 0 0 0.082341809253031 0 0 0.135439562175677 0.0734858930036785 0.0354026810678425 0 0.0627894097763767 0 0.0900272827764277 0.0716363091060626 0 0 0 0 0.0842214120007095 0 0 0.0581912748491035 0.0934247695074469
"25" 0.127474324329236 0.0716787178654351 0 0 0 0.118286809833168 0 0 0.0648872285061823 0 0 0 0 0 0 0 0.104604033698809 0.0578607365762816 0 0 0 0 0 0 0 0 0.051888852406666 0.0514430813961766 0 0 0.102892323016842 0 0 0 0 0 0 0 0 0 0 0
"26" 0 0 0 0 0 0 0 0 0 0.118995817069978 0 0 0 0 0 0 0 0.0472585414559178 0 0 0 0 0.109769296888086 0.0478003723900025 0 0 0 0.0422087301734207 0 0.0746442586898882 0 0 0.0397795938037076 0 0 0 0 0.0538970051539034 0 0 0.0650568608069809 0.178469645950954
"27" 0.126374341291074 0.112867525534753 0 0 0 0.115400890580385 0 0 0.0959316275977586 0 0 0 0 0 0 0 0.108259644777233 0.0581674790776938 0 0 0 0 0 0.0711191969240959 0.120867215666031 0 0 0.0614041186050451 0 0.0601777720430666 0.117564276987365 0 0.0433130727325742 0 0 0.0706047230927545 0 0 0 0 0 0
"28" 0 0.0708151034646867 0 0 0 0.13803847719186 0 0 0 0.12320418102875 0.0691407525303811 0 0 0 0.0681907634802506 0 0 0.0865181683403089 0 0 0 0 0.0588094741114166 0.0463854128397049 0.0986106886725911 0.134519034931895 0.093281575765976 0 0 0.0539103687091065 0 0.078225280451724 0.0717027736613415 0 0 0 0 0.0710108939232508 0 0 0.0624963567402559 0.126663006576796
"29" 0 0 0 0.0870433200559787 0 0 0 0.113772186198166 0 0 0 0 0.103790702253509 0 0 0.0926667012696546 0 0 0.161717994589846 0.128580484434375 0.0958617745231973 0 0 0 0 0 0 0 0 0 0 0 0 0 0.132869729438783 0 0 0 0 0 0 0
"30" 0 0.0907428944614126 0 0 0 0 0 0 0 0 0.0599426991203314 0 0 0.0708658950818174 0.0741815598850112 0 0 0.0746808198318663 0 0 0 0 0.0607159557559749 0.0561903380276696 0 0.107574467195949 0.0792490732428446 0.0723401273156783 0 0 0 0.0636339991240223 0.0463663677678648 0 0 0.0707096267077192 0 0.0480456757685501 0 0 0.071674045873918 0
"31" 0.0887092064015871 0.0981003909848263 0 0 0 0.109122423266993 0 0 0.162310504521962 0 0 0 0 0 0 0 0.0905006454471513 0 0 0 0 0 0 0 0.132155719000876 0 0.0913186581872314 0 0 0 0 0 0.0525368775177571 0 0 0.0675864173816282 0.113497429680321 0 0 0 0 0
"32" 0 0 0 0.0760771177727373 0 0 0 0 0 0 0.0515625709658874 0 0 0.0758878432923508 0.0559694695839856 0 0 0.0630846990452228 0 0 0.0860535149318604 0.102671057012159 0.0511875783036664 0.0654071212362889 0 0 0 0.0505045511543128 0 0.07425061446355 0 0 0.0434045729890913 0 0 0 0 0.0755448415632424 0 0 0.0878291674763045 0
"33" 0 0.0683166361813732 0.0991898437716919 0 0 0 0 0 0 0 0.061889430059914 0 0 0.0865506171720211 0.0629407889562914 0 0 0.0572981191773015 0 0 0 0.0954204810490483 0.0954956212201702 0.0632420191425633 0 0.11050065711886 0.0680587786201268 0.0572533115557317 0 0.0740547173825914 0.110220825583548 0.0902208465905019 0 0 0 0.0728502366323582 0 0.0963053710109857 0 0 0.0827911368589995 0
"34" 0 0 0.110286188307574 0 0.0885313427892191 0 0 0 0 0 0.0584586848865761 0.270217824425185 0 0.069341307260948 0.0740220232185907 0 0 0 0 0 0 0.101632973502341 0 0 0 0 0 0 0 0 0 0 0 0 0 0 0 0 0 0.163787842302705 0 0
"35" 0 0 0 0.0732323324631955 0 0 0 0.134113955989031 0 0 0 0 0.0961509401326707 0 0 0.145642263687371 0 0 0.111514112675978 0.111739211198063 0 0 0 0 0 0 0 0 0.149533453743555 0 0 0 0 0 0 0 0 0 0 0 0 0
"36" 0.0949013763750006 0.0456627963770094 0.11658051919539 0 0 0 0 0 0.100627842414009 0 0 0 0 0.0906940096755987 0 0 0.109215353208651 0 0 0 0 0.106775500982234 0 0 0 0 0.078323720500645 0 0 0.0764528600496485 0.0457307275189335 0 0.0603150047202128 0 0 0 0.156656396737804 0 0.247000451213433 0.120934774623234 0 0
"37" 0.0627718384746689 0 0 0 0 0 0 0 0.12937885769745 0 0 0 0 0 0 0 0.119257681860084 0 0 0 0 0 0 0 0 0 0 0 0 0 0.101141357256639 0 0 0 0 0.0613895275883544 0 0 0.236334318802213 0 0 0
"38" 0 0 0 0 0 0 0 0 0 0.15807093735414 0.0346938834367195 0 0 0 0.045411350042892 0 0 0.0675924562738023 0 0 0.0744644106279597 0 0.0848503000756579 0.0600409257212336 0 0.102739689417374 0 0.0611115514612177 0 0.0806165733421301 0 0.0645683870886186 0.0672765484935917 0 0 0 0 0 0 0 0.0847612428074282 0.155289294124218
"39" 0.133070480411194 0 0 0 0 0 0 0 0.0998818862225486 0 0 0 0 0 0 0 0.101979581614404 0 0 0 0 0 0 0 0 0 0 0 0 0 0 0 0 0 0 0.0680665367630759 0.120652030026684 0 0 0 0 0
"40" 0 0 0.0983470991730958 0 0.190538404462304 0 0 0 0 0 0 0 0 0 0 0 0.0902539669863702 0 0 0 0 0.119635617531717 0 0 0 0 0 0 0 0 0 0 0 0.111563975625865 0 0.0832410354465658 0 0 0 0 0 0
"41" 0 0 0 0 0 0 0 0 0 0 0.0698365033301417 0 0 0.0889973798083193 0.0648608273068202 0 0 0.054219646936593 0 0 0.071648599566926 0 0.049857704054605 0.0643265247514164 0 0.0754984899601464 0 0.0664708901994975 0 0.104171451918846 0 0.106380224943433 0.0357088564058877 0 0 0 0 0.0828253049011533 0 0 0 0.126531688939792
"42" 0 0 0 0 0 0 0 0 0 0.151665236200115 0 0 0 0 0 0 0 0.0327694532275395 0 0 0 0 0.0459180892318789 0.0520044468406487 0 0.0803545059568216 0 0.036090560233907 0 0 0 0 0 0 0 0 0 0.0646451702309868 0 0 0.0538085893388393 0
