"V1" "V2" "V3" "V4" "V5" "V6" "V7" "V8" "V9" "V10" "V11" "V12" "V13" "V14" "V15" "V16" "V17" "V18" "V19" "V20" "V21"
"1" 0 0 0 0 0 0 0 0 0.086253724195003 0.22970445757092 0.0932998295981996 0 0.237088023784506 0 0 0.196779821853953 0 0 0 0 0
"2" 0 0 0 0 0.0852710290910712 0.152918403705148 0.107017857531487 0.0873986820937366 0 0 0 0.0933835842605976 0 0 0.0828845526532291 0 0.0883247598007373 0 0.0699004351998967 0.0726375582700048 0.0831916943053259
"3" 0 0 0 0.151909072470516 0.0904236738296065 0 0.0756688267341867 0.0569403577429842 0 0 0 0.0787054996301735 0 0.0777448088963941 0.0771463383396574 0 0 0.276422311704124 0 0 0
"4" 0 0 0.107789184831284 0 0.0881822182539064 0 0.0851308815641628 0 0 0 0 0.0556546111294044 0 0.0469002730361185 0.0981578156828455 0 0 0 0 0.0733477447892678 0
"5" 0 0.0702611739797647 0.153722302703778 0.181631288843484 0 0.157232091010805 0.116160396782763 0.0565745370087778 0 0 0 0.0469892248733909 0 0.0593004360147439 0.0400228672557829 0 0.068745862008761 0 0.0832282463921387 0.0993902489105552 0.0371946589651744
"6" 0 0.0878154904143071 0 0 0.0805238035155744 0 0.0893076657132258 0 0 0 0 0 0 0 0.0572606037332591 0 0.0733807733315936 0 0.0873142180576633 0.0695068279601492 0.0897979160265479
"7" 0 0.07565372055493 0.111265745637535 0.146953159987431 0.0863102729216723 0.096172305172785 0 0.0523790599213029 0 0 0 0.0731712564302528 0 0.0780245045588098 0.0865231571507556 0 0.0745147380625892 0 0.0970693610244974 0.063700675539695 0.0740384954027339
"8" 0 0.0797859680303205 0.0980739762824576 0 0.0834642149459854 0 0.0758410220283075 0 0.108322593431645 0.216304741035267 0.083118830743942 0.0600927197440712 0 0.0731251914225192 0.0780984046633586 0.275365199419081 0.0774367646677395 0.189695980865758 0.0836609248344702 0.0785316061947413 0.0643582993695889
"9" 0.210442673788545 0 0 0 0 0 0 0.0678786738832704 0 0.210103001819524 0.120324881726352 0 0.288305803699468 0 0 0.205208329578505 0 0 0.0661792941388894 0 0.0873560263138881
"10" 0.180272492568867 0 0 0 0 0 0 0.0640585839177939 0.140668986791849 0 0 0 0 0.0743781284215874 0 0 0 0.296262479612688 0 0 0
"11" 0.211967572248089 0 0 0 0 0 0 0.0479570370523011 0.151395235542892 0 0 0.0752983586084494 0.287492111779778 0.0570545591030973 0 0.199702107993546 0.0785218088497143 0 0.0780503979742704 0.100621849957358 0.0785130619373799
"12" 0 0.113623387783549 0.167649102811395 0.124718975718453 0.0622438518060963 0 0.0784680820069433 0.052304468876107 0 0 0.0948401804084245 0 0 0.0829135152145537 0.0780732964606637 0 0.0832442157036993 0 0.0830952102925985 0.0780175973204044 0.0837982967995394
"13" 0.125711298382395 0 0 0 0 0 0 0 0.130721775771531 0 0.109661464034573 0 0 0 0 0.177502807178769 0 0 0 0 0
"14" 0 0 0.11052572949978 0.116330546880612 0.0700771574913713 0 0.0668425291104835 0.0473639290702054 0 0.178327856280127 0.0901356388499566 0.092038817474325 0 0 0.0828906297971856 0 0.0673374738378976 0.266943341663134 0.0820168195583026 0.0999266594246613 0.0610002996412248
"15" 0 0.12943003592313 0.121678373401685 0.123330964889286 0.106097057998437 0.092879299686028 0.081794950458996 0.078502185454604 0 0 0 0.101143396953091 0 0.0557322022967591 0 0 0.0948699517585137 0 0.0841836644415132 0.0505400814465952 0.0728182391080676
"16" 0.241084141203821 0 0 0 0 0 0 0.0792995139344885 0.0913210721135339 0 0.0975071871454823 0 0.183408638563012 0 0 0 0 0 0 0 0
"17" 0 0.120580156811712 0 0 0.0633152922696992 0.065213207373914 0.0479590762980283 0.0776167619082982 0 0 0.0835461532988599 0.0793826379364467 0 0.0597059109997942 0.0376378503221793 0 0 0 0.114294712426658 0.0649331432701123 0.0631250317808366
"18" 0 0 0.088393110678109 0 0 0 0 0.081519764739149 0 0.168931191795637 0 0 0 0.0720919952905153 0 0 0 0 0 0 0
"19" 0 0.108711873497374 0 0 0.111046209833452 0.142043390692667 0.0649727421293219 0.0543284618395361 0.115828837478462 0 0.0898436631621467 0.0830709899468884 0 0.0929864408759626 0.0811048796029824 0 0.092489008216342 0 0 0.0367067228208231 0.0612752664988962
"20" 0 0.126923963965241 0 0.189859867162346 0.0507439610976122 0.13571029837115 0.0788268539355068 0.0573790573925382 0 0 0.102384260359734 0.0855256984149444 0 0.0639935079446267 0.0650214026534251 0 0.0947727337719606 0 0.0753966521399673 0 0.0626226007655693
"21" 0 0.127061286512114 0 0 0.0704791472898694 0.106301903190669 0.0790075183047038 0.0722094710743776 0.0716414246243751 0 0.0781583271849438 0.0666154079752247 0 0.0736550603881352 0.0548077004743842 0 0.0856927930726384 0 0.0365871575149435 0.0716088535631219 0
