"V1" "V2" "V3" "V4" "V5" "V6" "V7" "V8" "V9" "V10" "V11" "V12" "V13" "V14" "V15" "V16" "V17" "V18" "V19" "V20" "V21" "V22" "V23" "V24" "V25" "V26" "V27" "V28" "V29" "V30" "V31" "V32" "V33" "V34" "V35" "V36" "V37" "V38" "V39" "V40" "V41" "V42"
"1" 0 0.291037638872845 0.0678512478462546 0.293579860470368 0 0 0 0.172329629025553 0 0 0 0 0 0 0 0.147425768207605 0 0 0 0 0 0 0 0.206827555719816 0 0 0.0784273630183041 0 0 0.158673933488268 0 0 0 0 0 0 0 0.122675149893971 0 0 0 0
"2" 0.1475131199726 0 0 0 0 0.277571179796542 0 0.142529878060023 0 0 0 0 0 0 0 0 0 0 0.122649776773395 0 0 0 0 0 0 0 0 0 0 0 0 0 0 0 0 0 0 0 0 0 0 0
"3" 0.136286093167366 0 0 0 0 0 0 0 0.190354194312961 0 0.141671308409182 0 0 0 0 0.142837974536175 0 0 0 0.178232769938171 0 0 0 0 0 0 0 0 0 0 0 0.198507870562753 0.0928858329849717 0.144260552183225 0 0.144764471695351 0 0 0.176351325592931 0.208298071887522 0 0
"4" 0.134565050584256 0 0 0 0.08051832995854 0 0 0 0 0 0 0 0 0 0 0 0 0 0 0.121905239956283 0 0 0 0 0 0 0 0 0 0 0 0 0 0 0 0 0 0.141032763186923 0 0 0 0.369029234111625
"5" 0 0 0 0.207857281384301 0 0 0 0 0 0.239157723949983 0 0 0.150087329446832 0 0 0 0 0 0.0747904716023942 0 0 0 0 0.21613563860877 0 0 0.121125775314709 0 0 0 0 0.172503028576854 0.0709837010581333 0 0 0 0 0 0 0 0 0
"6" 0 0.2570035689116 0 0 0 0 0 0 0 0 0 0 0 0 0 0 0 0 0.116007931937961 0 0.462396745288584 0 0 0 0 0 0.0629962574478731 0 0 0 0 0 0 0 0 0 0 0 0 0 0 0
"7" 0 0 0 0 0 0 0 0 0 0 0 0 0 0 0 0 0 0 0 0 0 0.12795223407753 0 0 0 0 0.103630890510121 0 0 0 0.258216696983288 0 0.104291600228302 0 0 0 0 0 0 0 0 0
"8" 0.0844744208736455 0.239599026730029 0 0 0 0 0 0 0 0 0 0 0.167889061235786 0 0 0 0 0 0 0 0.551185012961339 0 0 0 0.118435990735874 0 0.0684582836639839 0.178288477277023 0 0 0 0 0 0 0 0 0 0 0 0 0 0
"9" 0 0 0.0698201419493055 0 0 0 0 0 0 0 0.125579358240418 0 0 0 0.248206474354647 0 0 0 0 0 0 0 0 0 0 0.181582298632395 0.103646007977907 0.195931055413677 0 0.213667532503828 0 0 0 0 0 0 0 0 0 0 0 0
"10" 0 0 0 0 0.160670546749548 0 0 0 0 0 0.143923536072119 0 0 0 0 0 0 0 0 0 0 0 0 0 0 0 0 0 0 0 0.223343515988012 0 0 0 1.00921665807722 0 0 0 0 0 0 0
"11" 0 0 0.0909286612362845 0 0 0 0 0 0.122295315054691 0.286800222821479 0 0 0 0 0 0 0 0 0 0 0 0.148258367732212 0 0 0.106615259202522 0 0 0 0 0 0 0 0 0.1256420789206 0 0.216010339933845 0 0 0 0 0 0
"12" 0 0 0 0 0 0 0 0 0 0 0 0 0 0 0 0.140871556456501 0 0 0 0 0 0 0 0.168544823956017 0 0 0 0 0 0 0 0 0.074249319106732 0 0 0 0 0 0 0 0 0
"13" 0 0 0 0 0.134954428137102 0 0 0.130296325769619 0 0 0 0 0 0.167171776148162 0.266190109221486 0 0 0 0 0 0 0 0 0 0.0968641366752374 0 0 0 0.228776266840107 0 0 0 0 0 0 0 0 0 0 0 0 0
"14" 0 0 0 0 0 0 0 0 0 0 0 0 0.163208820588312 0 0 0 0.180227832086815 0 0 0 0 0.13355394283068 0 0 0 0 0.0822930460401797 0 0 0 0 0 0.0948711634018589 0 0 0 0.0832514564672253 0 0 0 0 0
"15" 0 0 0 0 0 0 0 0 0.200199038984338 0 0 0 0.201881071209645 0 0 0 0 0.410290690995331 0 0 0 0 0 0 0 0 0 0 0 0 0 0.14152674499722 0 0 0 0 0 0 0 0 0 0
"16" 0.0957209598064781 0 0.0862006113218865 0 0 0 0 0 0 0 0 0.40840113625964 0 0 0 0 0 0 0 0 0 0.14441181361932 0 0 0 0 0.105088583991033 0 0 0 0 0 0.0996464625662349 0 0 0 0 0 0 0.103648839854757 0 0
"17" 0 0 0 0 0 0 0 0 0 0 0 0 0 0.184089233434754 0 0 0 0 0 0.161137836601877 0 0.102447326663778 0 0 0.133476736880085 0 0 0 0 0.167822291986725 0.257114103202889 0 0.0648284331001822 0 0 0 0 0 0 0 0 0
"18" 0 0 0 0 0 0 0 0 0 0 0 0 0 0 0.254721009747782 0 0 0 0.0982187131167156 0 0 0 0 0 0.0831612728771857 0 0 0 0 0 0 0 0 0 0 0 0 0 0 0 0 0
"19" 0 0.246881016839427 0 0 0.103532766067184 0.262386245007665 0 0 0 0 0 0 0 0 0 0 0 0.289611965567434 0 0 0 0.109851500904938 0 0 0 0 0 0 0 0.126559827426778 0 0 0.09872065813213 0 0 0 0 0.138982498082746 0.19262068704879 0 0 0
"20" 0 0 0.101483661403643 0.229316056343571 0 0 0 0 0 0 0 0 0 0 0 0 0.189213214227141 0 0 0 0 0 0 0 0 0 0.0566858809677516 0 0 0 0 0 0 0 0 0.226206722774391 0.148126030794782 0.203991466547233 0 0 0 0
"21" 0 0 0 0 0 0.124588160462811 0 0.127822436855499 0 0 0 0 0 0 0 0 0 0 0 0 0 0 0 0 0 0 0 0 0 0 0 0 0 0 0 0 0 0 0 0 0 0
"22" 0 0 0 0 0 0 0.176325628740433 0 0 0 0.125015422630087 0 0 0.188903729660552 0 0.16360464091413 0.12891832816434 0 0.120046587688105 0 0 0 0 0 0 0 0 0 0 0 0 0 0 0 0 0 0 0 0.246625453232279 0.24507823216839 0 0
"23" 0 0 0 0 0 0 0 0 0 0 0 0 0 0 0 0 0 0 0 0 0 0 0 0 0 0 0 0 0 0 0 0 0 0.118377336219157 0 0 0 0 0 0 0 0
"24" 0.0999501814205371 0 0 0 0.163434013244698 0 0 0 0 0 0 0.29019245970686 0 0 0 0 0 0 0 0 0 0 0 0 0 0 0 0.11005235345788 0 0 0 0 0.110870126618173 0 0 0 0 0 0 0 0 0
"25" 0 0 0 0 0 0 0 0.140406945866117 0 0 0.172522941686814 0 0.13529171005648 0 0 0 0.179742805969147 0.368097068432996 0 0 0 0 0 0 0 0 0.093795770066296 0 0 0 0 0.215325518626482 0 0 0 0 0 0 0 0 0.613553776320243 0
"26" 0 0 0 0 0 0 0 0 0.0917014975508873 0 0 0 0 0 0 0 0 0 0 0 0 0 0 0 0 0 0 0 0.186024874850624 0 0 0.138087654155289 0.0727272761181152 0.17468695188397 0 0 0 0 0 0 0 0
"27" 0.109396911617476 0 0 0 0.103012559015753 0.250400250616234 0.267920575998192 0.137387810601155 0.155542710809417 0 0 0 0 0.178486975650569 0 0.103282176973273 0 0 0 0.133872200096887 0 0 0 0 0.141695101594811 0 0 0.148054230252903 0.16891037933422 0 0 0 0 0.159855159953785 0 0 0 0 0 0 0 0
"28" 0 0 0 0 0 0 0 0.169523944742379 0.148533481564712 0 0 0 0 0 0 0 0 0 0 0 0 0 0 0.259558392832217 0 0 0.0743659967139871 0 0 0 0 0 0.0768788697837186 0.126882326540538 0 0 0 0 0 0 0 0
"29" 0 0 0 0 0 0 0 0 0 0 0 0 0.172860802466203 0 0 0 0 0 0 0 0 0 0 0 0 0.194718248753322 0.0684937308208338 0 0 0 0 0 0 0 0 0.183942977767756 0 0.191111701045015 0 0 0 0
"30" 0.059846632552166 0 0 0 0 0 0 0 0.164507682375991 0 0 0 0 0 0 0 0.128287874089638 0 0.0904153186432103 0 0 0 0 0 0 0 0 0 0 0 0 0 0 0 0 0 0.182328870591678 0.116177615430392 0 0 0 0
"31" 0 0 0 0 0 0 0.361054811874284 0 0 0.327505188042327 0 0 0 0 0 0 0.105421309509509 0 0 0 0 0 0 0 0 0 0 0 0 0 0 0 0 0 0 0 0 0 0 0 0.402640417523773 0
"32" 0 0 0.109452317386425 0 0.107816571603818 0 0 0 0 0 0 0 0 0 0.237228222701638 0 0 0 0 0 0 0 0 0 0.134301624801046 0.197452653678416 0 0 0 0 0 0 0 0 0 0 0 0 0 0 0 0
"33" 0 0 0.0974686507757635 0 0.124614549861658 0 0.293639974310987 0 0 0 0 0.325688189093421 0 0.145958413177834 0 0.196008841258598 0.198873143797708 0 0.0796028290013086 0 0 0 0 0.258529600648542 0 0.1650140909506 0 0.176308519586522 0 0 0 0 0 0 0 0 0.11141498227308 0 0 0 0 0
"34" 0 0 0.0912604730390355 0 0 0 0 0 0 0 0.164654628655035 0 0 0 0 0 0 0 0 0 0 0 0.769430915439263 0 0 0.217347353886096 0.0838566615923498 0.148729250763954 0 0 0 0 0 0 0 0.240807731195993 0 0 0 0.146151737572856 0 0
"35" 0 0 0 0 0 0 0 0 0 0.249558680734123 0 0 0 0 0 0 0 0 0 0 0 0 0 0 0 0 0 0 0 0 0 0 0 0 0 0 0 0 0 0 0 0
"36" 0 0 0.0731062379859865 0 0 0 0 0 0 0 0.14075905673508 0 0 0 0 0 0 0 0 0.127364398565895 0 0 0 0 0 0 0 0 0.19403634635254 0 0 0 0 0.150173783032396 0 0 0.179172309830948 0 0 0 0 0
"37" 0 0 0 0 0 0 0 0 0 0 0 0 0 0.183570877656995 0 0 0 0 0 0.104882585690995 0 0 0 0 0 0 0 0 0 0.170359003230412 0 0 0.0913625458163032 0 0 0.159312485317709 0 0 0.236394490274103 0 0 0
"38" 0.102484657677102 0 0 0.246410034062378 0 0 0 0 0 0 0 0 0 0 0 0 0 0 0.0878363176065046 0.176367748996306 0 0 0 0 0 0 0 0 0.173114418308711 0.126785707437133 0 0 0 0 0 0 0 0 0.257817633867032 0 0 0
"39" 0 0 0.0921753627879851 0 0 0 0 0 0 0 0 0 0 0 0 0 0 0 0.0713178113997576 0 0 0.112147143660254 0 0 0 0 0 0 0 0 0 0 0 0 0 0 0.193282595081743 0.174354721971523 0 0 0 0
"40" 0 0 0.101402146554132 0 0 0 0 0 0 0 0 0 0 0 0 0.137427432828589 0 0 0 0 0 0.109552462999645 0 0 0 0 0 0 0 0 0 0 0 0.105636607915287 0 0 0 0 0 0 0 0.39279617042919
"41" 0 0 0 0 0 0 0 0 0 0 0 0 0 0 0 0 0 0 0 0 0 0 0 0 0.108445431838192 0 0 0 0 0 0.280898711057716 0 0 0 0 0 0 0 0 0 0 0
"42" 0 0 0 0.238017305632021 0 0 0 0 0 0 0 0 0 0 0 0 0 0 0 0 0 0 0 0 0 0 0 0 0 0 0 0 0 0 0 0 0 0 0 0.157814096184742 0 0
