"V1" "V2" "V3" "V4" "V5" "V6" "V7" "V8" "V9" "V10" "V11" "V12" "V13" "V14" "V15" "V16" "V17" "V18" "V19" "V20" "V21"
"1" 0 0 0 0 0 0 0.134037206602234 0.26622970906221 0.134102103962229 0 0 0 0.225577898604735 0.165437117875887 0 0 0 0.112223045997302 0 0 0.114826416862012
"2" 0 0 0 0 0.252555231253139 0 0.208770908498039 0 0 0.213947580678892 0 0 0 0 0 0 0 0 0 0.141600803833431 0
"3" 0 0 0 0 0.119242229418403 0.185176775064965 0 0 0 0 0 0 0 0.195309389119329 0 0 0 0.135878917595923 0.29677227783171 0.156539445712225 0
"4" 0 0 0 0 0 0 0 0 0 0.327400861285758 0.489326449279671 0.185776697816409 0 0 0 0 0 0 0.29445138961215 0.200561530392026 0
"5" 0 0.220568830491224 0.1924435679383 0 0 0 0 0 0.157071663141046 0 0 0.180103707952964 0 0 0 0 0 0 0 0 0
"6" 0 0 0.180389309260458 0 0 0 0.167998682553216 0 0 0.295197245552433 0 0 0 0.154231845775264 0 0 0 0 0 0 0
"7" 0.146189712384019 0.237666789982186 0 0 0 0.298338221137451 0 0 0 0 0 0.115233109512222 0 0 0 0 0 0 0.281060983979202 0 0.116337995925762
"8" 0.178740427702372 0 0 0 0 0 0 0 0 0 0 0 0 0 0 0.140810390207339 0 0.13513389414866 0 0 0
"9" 0.139215584410393 0 0 0 0.20322164648438 0 0 0 0 0 0 0.17926718807456 0 0 0 0 0.241966507465161 0.0865707412688376 0 0.128819758689161 0
"10" 0 0.273893294840675 0 0.210053727596696 0 0.324652605766477 0 0 0 0 0 0 0 0 0 0 0 0 0 0 0.2275618726217
"11" 0 0 0 0.22033438384759 0 0 0 0 0 0 0 0 0 0.0975640269096926 0 0 0 0 0 0 0
"12" 0 0 0 0.213203501391728 0.318578904207222 0 0.0879117386302807 0 0.204702630297458 0 0 0 0 0 0 0 0.222943875617442 0.108467348468979 0 0 0
"13" 0.161826234220278 0 0 0 0 0 0 0 0 0 0 0 0 0 0 0.167236351207687 0.308999626006892 0.131865843659646 0 0 0
"14" 0.171862580742373 0 0.136917300860067 0 0 0.301891844391457 0 0 0 0 0.568696436664813 0 0 0 0 0 0 0.129410501837383 0 0.157229577293366 0
"15" 0 0 0 0 0 0 0 0 0 0 0 0 0 0 0 0 0 0 0 0.150061202028303 0
"16" 0 0 0 0 0 0 0 0.374658772007212 0 0 0 0 0.2678986783856 0 0 0 0 0.1579470721162 0.249411412102305 0 0.172498563660672
"17" 0 0 0 0 0 0 0 0 0.145779631999106 0 0 0.136731590311951 0.222895209483307 0 0 0 0 0 0 0 0.212147496479348
"18" 0.184659325738541 0 0.164696432867216 0 0 0 0 0.229145229707057 0.188144334559952 0 0 0.116741305419207 0.313461792419892 0.185305044709881 0 0.139028160044379 0 0 0 0 0
"19" 0 0 0.21847878321884 0.191127266338688 0 0 0.141211512975424 0 0 0 0 0 0 0 0 0.239663936881654 0 0 0 0 0
"20" 0 0.294463513329479 0.20148328051951 0.21136077606741 0 0 0 0 0.110888948716383 0 0 0 0 0.234001498312337 0.768171997295947 0 0 0 0 0 0.170299756270781
"21" 0.175009421875587 0 0 0 0 0 0.165024833295619 0 0 0.170021493258902 0 0 0 0 0 0.13919748187218 0.204805214016902 0 0 0.169061623491741 0
