"V1" "V2" "V3" "V4" "V5" "V6" "V7" "V8" "V9" "V10" "V11" "V12" "V13" "V14" "V15" "V16" "V17" "V18" "V19" "V20" "V21"
"1" 0 0.2787593715578 0 0 0 0 0 0 0 0 0 0 0 0 0 0 0 0 0 0 0
"2" 1.09643357886534 0 0.341485125871958 0 0 0 0 0 0.399694071981831 0 0 0 0 0 0 0 0 0 0 0 0
"3" 0 0.323935468886912 0 0.951649742863227 0 0.315391018698314 0 0 0 0 0 0 0 0 0 0 0 0 0 0 0
"4" 0 0 0.323769116011401 0 0 0 0 0 0 0 0 0 0 0 0 0 0 0 0 0 0
"5" 0 0 0 0 0 0.411897899364675 0 0 0 0 0 0 0 0 0 0 0 0 0 0 0
"6" 0 0 0.314682001746187 0 1.00816566235861 0 0 0.292377905362625 0 0 0 0 0 0 0 0 0 0 0 0 0
"7" 0 0 0 0 0 0 0 0.249156562389688 0 0 0 0 0 0 0 0 0 0 0 0 0
"8" 0 0 0 0 0 0.201419640277082 1.04710197166055 0 0 1.21978858680499 0.345740117798638 0 0 0 0 0 0 0 0 0 0
"9" 0 0.434550288536092 0 0 0 0 0 0 0 0 0 0.964308954239944 0 0.37341520056518 0 0 0 0 0 0 0
"10" 0 0 0 0 0 0 0 0.243528770206575 0 0 0 0 0 0 0 0 0 0 0 0 0
"11" 0 0 0 0 0 0 0 0.212246597349457 0 0 0 0 0.814316865880994 0 0 0.363947744180912 0 0 0 0 0
"12" 0 0 0 0 0 0 0 0 0.270225792595181 0 0 0 0 0 0 0 0 0 0 0 0
"13" 0 0 0 0 0 0 0 0 0 0 0.363028020151198 0 0 0 0 0 0 0 0 0 0
"14" 0 0 0 0 0 0 0 0 0.405823128690353 0 0 0 0 0 0.823146814394422 0 0.3402446790707 0 0 0 0
"15" 0 0 0 0 0 0 0 0 0 0 0 0 0 0.32593997998015 0 0 0 0 0 0 0
"16" 0 0 0 0 0 0 0 0 0 0 0.247179373113816 0 0 0 0 0 0 1.30103640433732 0 1.0596142222481 0
"17" 0 0 0 0 0 0 0 0 0 0 0 0 0 0.3144751986077 0 0 0 0 1.20680032249288 0 1.05589376963956
"18" 0 0 0 0 0 0 0 0 0 0 0 0 0 0 0 0.427516794096802 0 0 0 0 0
"19" 0 0 0 0 0 0 0 0 0 0 0 0 0 0 0 0 0.304127034046254 0 0 0 0
"20" 0 0 0 0 0 0 0 0 0 0 0 0 0 0 0 0.256023902383562 0 0 0 0 0
"21" 0 0 0 0 0 0 0 0 0 0 0 0 0 0 0 0 0.208109473502233 0 0 0 0
