"V1" "V2" "V3" "V4" "V5" "V6" "V7" "V8" "V9" "V10" "V11" "V12" "V13" "V14" "V15" "V16" "V17" "V18" "V19" "V20" "V21"
"1" 0 0 0 0.112200877436625 0 0 0 0 0.0979901237084058 0.0677814794515564 0.0912203436335286 0.112526327436693 0.0990250125809578 0.0726519264878924 0 0 0.16887266710606 0.13610550096301 0.0607905285710454 0.0838332265193238 0
"2" 0 0 0.121611424407411 0 0.0824479921052508 0.0957722842664715 0.101286246572542 0.190647006941001 0 0 0 0 0 0.0941983773655958 0 0 0 0 0 0 0
"3" 0 0.105116270141822 0 0 0.0823124276733841 0.110644519166713 0 0.18525371243047 0.100841342072398 0 0 0.103804410719901 0 0.0644985622844017 0 0 0 0 0.0394532645635325 0 0
"4" 0.0879465271011757 0 0 0 0 0 0 0 0.0924205735791911 0.0439647943679039 0.0808224339267018 0.147489128511837 0 0.0751921232579593 0 0 0.109316596177994 0.078131770927107 0.0583448245457382 0.0917356447680542 0
"5" 0 0.126021455182281 0.14862113558328 0 0 0.120335475641083 0.0577055732370106 0.210124677155878 0.0687727036052053 0.0788536770428571 0.0915618693566476 0 0.0827019883209401 0.0780878761667293 0.107634763500816 0.144358316981698 0 0 0.065752094104757 0 0.106339079193732
"6" 0 0.162295277951626 0.129248359199978 0 0.0783441651738866 0 0.142264541273865 0.24257440011057 0 0 0 0 0 0.103726698113072 0.13712862920851 0 0 0 0.0563690579690701 0 0.0999835429658509
"7" 0 0.156250193143662 0 0 0.0775893413939618 0.114785725291909 0 0.148073795800111 0 0.0645217960897629 0 0 0.125211988448259 0 0.122149866065741 0.130152104214823 0 0 0.0879881581818358 0 0.156088412032703
"8" 0 0.143276209725706 0.153594899404188 0 0.0743649284356166 0.0804413937942909 0.0807775422033797 0 0 0 0 0 0 0.0885248291907692 0 0 0 0 0 0 0
"9" 0.103899926175928 0 0.166229463299618 0.0875993806903413 0.0658271654075307 0 0 0 0 0.0973214588017572 0.0674412938029322 0.117824750584164 0.0740677669641668 0.0795587305589455 0 0 0 0.0636470435163132 0.052177552095495 0.103924771225638 0
"10" 0.0392629433862666 0 0 0.109169261712715 0.0807580950900242 0 0.135831761965512 0 0.104768821205131 0 0.0916567290915756 0 0.102339952805342 0 0.115513391274919 0.151208499765994 0.16635575738013 0.10251924897968 0.0589379558515017 0.118590471652805 0.124076059183964
"11" 0.0726334451326676 0 0 0.0863274264121276 0.0823140862984978 0 0 0 0.0652287249097235 0.0643613590735937 0 0.135554736478568 0.0673095890290435 0.0597835553964709 0 0 0.20680922439017 0.109613517808618 0.0708507444390014 0.101786376914665 0
"12" 0.0861448332356591 0 0.106219990687469 0.0863081903061519 0 0 0 0 0.0697761519475119 0 0.0916649084754396 0 0 0.0738812141160221 0 0 0 0.0836010772572156 0.0587192827457977 0.0857259781721473 0
"13" 0.0999579285677457 0 0 0 0.072145302544966 0 0.0894806205498904 0 0.0503565849293011 0.0623147574872073 0.0859590814026323 0 0 0 0.112454660876919 0.166883115458141 0 0 0.0705181802518289 0 0.149200690033795
"14" 0.0709156584692563 0.138669756568215 0.170393674801622 0.103779080529283 0.0698584639637898 0.0949116620929396 0 0.132854420348021 0.0739453223694704 0 0.0812682657077966 0.0891249249416106 0 0 0 0 0 0.109151835799787 0.0569493806589193 0.128385151763101 0
"15" 0 0 0 0 0.0801399903555685 0.148601003214904 0.0466394618739445 0 0 0.0567672881569365 0 0 0.117065161018396 0 0 0.15791252733952 0 0 0.0766947260879388 0 0.10776144988231
"16" 0 0 0 0 0.0658369606778425 0 0.113454198607975 0 0 0.0673319053695555 0 0 0.0992580344275661 0 0.100596873265896 0 0 0 0.0510081330758442 0 0.0942103114437396
"17" 0.108836526374209 0 0 0.0976512325677469 0 0 0 0 0 0.0796701227643423 0.0863146111466133 0 0 0 0 0 0 0.102168003934436 0 0.126988806481531 0
"18" 0.0831048140064382 0 0 0.0995316094047211 0 0 0 0 0.127260823278385 0.0806148610246662 0.0551163781146238 0.0864331596387607 0 0.0697814178367461 0 0 0.1695510429458 0 0.0785535485143102 0.114862935210412 0
"19" 0.0671549249122244 0 0.120870492221061 0.072867046672852 0.0387776922347905 0.0709686298504977 0.0632650302123341 0 0.100943005033295 0.0626640107616447 0.0789320816352538 0.0858238566047889 0.0839874208580348 0.0882666271237421 0.110682054679192 0.189015672440636 0 0.128491981138964 0 0.135563334571279 0.0632686999190222
"20" 0.0641611615794897 0 0 0.128130743620063 0 0 0 0 0.0777268014409671 0.0678848398542291 0.0843015254950925 0.0941364539812491 0 0.0712136618675128 0 0 0.155409881832632 0.0736563789147463 0.0550691297491503 0 0
"21" 0 0 0 0 0.0539095183147403 0.11915112951109 0.129163306827836 0 0 0.0447166202751463 0 0 0.0976376875967688 0 0.169898025083633 0.138480911396948 0 0 0.0405974850527193 0 0
