"V1" "V2" "V3" "V4" "V5" "V6" "V7" "V8" "V9" "V10" "V11" "V12" "V13" "V14" "V15" "V16" "V17" "V18" "V19" "V20" "V21" "V22" "V23" "V24" "V25" "V26" "V27" "V28" "V29" "V30" "V31" "V32" "V33" "V34" "V35" "V36" "V37" "V38" "V39" "V40" "V41" "V42" "V43" "V44" "V45" "V46" "V47" "V48" "V49" "V50" "V51" "V52" "V53" "V54" "V55" "V56" "V57" "V58" "V59" "V60" "V61" "V62" "V63" "V64" "V65" "V66" "V67" "V68" "V69" "V70" "V71" "V72" "V73" "V74" "V75" "V76" "V77" "V78" "V79" "V80" "V81" "V82" "V83" "V84"
"1" 0 0 0.162638346983228 0 0 0 0 0 0 0 0 0 0 0 0 0 0 0 0 0 0 0 0 0 0.0704605674473972 0 0 0 0.0801394169095763 0 0 0 0 0 0 0 0 0 0 0 0 0 0 0 0 0.0939827508589173 0 0 0 0 0 0 0 0 0 0 0 0.068975443382809 0.0816925024340562 0 0 0.0357163976393206 0 0 0 0 0 0 0.182054060592781 0 0 0 0.144607208949338 0 0 0 0 0 0 0 0 0 0.0765069383090083 0
"2" 0 0 0 0 0 0.17973345361167 0 0 0 0 0 0 0 0 0 0 0 0 0 0 0 0 0 0 0 0 0 0 0 0 0 0 0 0 0 0 0 0 0.122207709926143 0 0 0 0 0 0 0 0 0 0 0 0 0 0 0.0842904997252265 0 0.0988649162193094 0 0 0 0 0 0 0 0.198545062615731 0 0.171288706487047 0 0 0 0 0.145902303029003 0 0 0 0 0 0 0 0 0 0 0 0 0
"3" 0.118050014436352 0 0 0 0 0 0 0 0 0 0 0 0 0 0 0 0 0 0 0 0 0 0 0 0.0722766682625218 0 0 0 0 0 0 0 0 0 0 0 0 0 0 0 0 0 0 0 0 0.0612142400665906 0 0 0 0 0 0 0 0 0 0 0 0 0.0739996636786134 0 0 0 0 0 0 0 0 0 0.133684645812495 0 0 0 0.0797203545636995 0 0 0 0 0 0 0 0 0 0.107134701371764 0
"4" 0 0 0 0 0 0 0 0 0 0 0 0 0 0 0.133864922919485 0 0 0 0 0 0 0 0.136341102405505 0.177187053232774 0 0 0 0.120915715368035 0 0 0 0 0 0 0 0 0 0 0 0 0 0 0 0 0 0 0 0 0 0 0 0 0 0 0 0 0.136251257893618 0 0 0 0 0 0.17749936496268 0 0 0 0 0 0 0.0740683722295045 0 0 0 0 0 0 0 0 0 0 0 0 0 0.208468693789104
"5" 0 0 0 0 0 0 0 0 0 0 0 0.0649983644332759 0 0.0689717033745144 0 0 0 0.0821662011648487 0 0 0 0 0 0 0 0 0 0 0 0 0 0.0775208942745657 0 0 0 0 0 0 0 0 0.0928388379437008 0 0.146805504169801 0 0.0494748780740386 0 0 0 0 0 0 0 0 0 0 0 0 0 0 0 0.0697570792482391 0 0 0 0 0 0 0.092705181427421 0 0 0 0.0584627292835904 0 0 0 0 0 0 0.124981459888987 0 0 0 0 0
"6" 0 0.163709206244658 0 0 0 0 0 0 0 0 0 0 0 0 0 0 0 0 0 0 0 0 0 0 0 0 0 0 0 0 0 0 0 0 0 0 0 0 0.181138632917378 0 0 0 0 0 0 0 0 0 0 0 0 0 0 0 0 0 0 0 0 0.103195585776898 0 0 0 0.236900613141248 0 0.161879258403951 0 0 0 0 0 0 0 0 0.143227525060038 0 0 0 0 0 0 0 0 0
"7" 0 0 0 0 0 0 0 0 0 0 0.134897303924336 0 0.181121144748549 0 0 0 0 0 0 0 0 0 0 0 0 0.18899182273512 0 0 0 0 0 0 0 0 0 0 0 0 0 0 0 0 0 0.169609225229398 0 0 0 0 0 0 0 0 0 0 0 0 0 0 0 0 0 0 0 0 0.0789120193649072 0 0 0 0 0 0 0 0 0.259522923976142 0 0.129084948368878 0 0 0 0 0 0 0 0
"8" 0 0 0 0 0 0 0 0 0.0788885128051066 0 0 0 0 0 0 0.0642343236165407 0 0 0.075252938501319 0 0 0.0401761118060876 0 0 0 0 0 0 0 0 0 0 0.148617462884568 0 0 0 0 0 0 0 0 0 0 0 0 0 0.0423767651005162 0 0 0 0 0 0.0945381090726813 0 0 0 0 0 0 0 0 0 0 0 0 0 0 0 0 0 0 0 0.142992594565636 0 0 0 0.102686675863587 0 0 0 0 0 0.0761000261990198 0
"9" 0 0 0 0 0 0 0 0.102306718077831 0 0 0 0.0558579376945342 0 0 0 0.06128651390415 0.044368358360182 0 0.0787432142284554 0 0 0.0553760210028295 0 0 0 0 0 0 0 0 0.0764660804779294 0 0.146145925934842 0 0 0 0.062617389311078 0 0 0 0 0.0900541053233892 0 0 0 0 0.0481107115619695 0 0 0 0 0 0.0786744539457979 0 0 0 0 0 0 0 0 0 0 0 0 0 0 0 0 0 0 0 0.131426114665795 0 0 0 0.0821364418782699 0 0 0 0 0 0.0657293722845169 0
"10" 0 0 0 0 0 0 0 0 0 0 0 0 0 0 0 0 0 0 0 0 0 0 0 0 0 0 0 0 0 0 0 0 0 0 0.217024801155821 0 0 0 0 0 0 0 0 0 0 0 0 0 0.252832402858407 0 0.179760588604733 0 0 0 0.135702284626864 0 0 0 0 0 0 0 0 0 0 0 0 0 0 0 0 0 0 0 0 0 0 0.255328757694447 0 0 0 0 0 0
"11" 0 0 0 0 0 0 0.125114083364456 0 0 0 0 0 0.204328638092479 0 0 0 0 0 0 0 0 0 0 0 0 0.14869857446541 0 0 0 0 0 0 0 0 0 0 0 0 0 0 0 0 0 0.16374306215452 0 0 0 0 0 0 0 0 0 0 0 0 0 0 0 0 0 0 0 0 0.105560906386278 0 0 0 0 0 0 0 0 0 0 0.175113870574387 0 0 0.131277835357162 0 0 0 0 0
"12" 0 0 0 0 0.102381645411109 0 0 0 0.0691933566834665 0 0 0 0 0.0532272851572321 0 0.0690339479139667 0.0456465261446066 0 0.0835329504949191 0 0 0.0641913468377693 0 0 0 0 0 0 0.0645519887527533 0 0.0508387299824616 0.0687533391948097 0 0 0 0 0.0446596942424649 0 0 0 0 0 0 0 0.0579074471847783 0 0.0482892385018154 0 0 0 0 0 0 0 0 0 0 0.0889705561450269 0 0 0.052850295323567 0.0610494067971371 0 0 0 0 0 0 0 0 0 0.0690299541717463 0 0 0 0 0 0 0 0 0 0 0 0
"13" 0 0 0 0 0 0 0.162706450413157 0 0 0 0.117260670468554 0 0 0 0 0 0 0 0 0 0 0 0 0 0 0.175000147314479 0 0 0 0 0 0 0 0 0 0 0 0 0 0 0 0 0 0.113438822732439 0 0 0 0 0 0 0 0 0 0 0 0 0 0 0 0 0 0 0 0 0.0788668021765915 0 0 0 0 0 0 0 0 0.257881039697955 0 0 0 0 0 0 0 0 0 0
"14" 0 0 0 0 0.0992832835922956 0 0 0 0 0 0 0.0551138017236514 0 0 0 0.05563392358394 0.071807450044864 0.119036819013839 0 0 0 0 0 0 0 0 0 0 0 0.0625443932060111 0.0601935405095896 0.106607225653215 0 0 0 0 0.064373788187009 0 0 0 0.0990692292676352 0 0.135890860526859 0 0.0555807333665417 0 0 0 0 0 0 0 0 0 0 0 0 0 0 0 0.0629920593573213 0 0 0 0 0 0 0.0844545725812028 0 0.0576795259872041 0 0.0753995291012113 0 0 0 0 0 0 0 0.11797492807677 0 0 0 0
"15" 0 0 0 0.116075602824623 0 0 0 0 0 0 0 0 0 0 0 0 0 0 0 0 0 0 0.115771847013156 0 0 0 0 0.148557749508148 0 0 0 0 0 0 0 0 0 0 0 0 0 0 0 0 0 0 0 0 0 0 0 0 0 0 0 0 0.11648369722938 0 0 0 0 0 0.180922235141416 0 0 0 0 0 0 0 0 0 0 0 0 0 0 0 0 0 0 0 0 0.231734963098374
"16" 0 0 0 0 0 0 0 0.0899616735999978 0.0696532986153223 0 0 0.0618959143035231 0 0.060566993749992 0 0 0.0852311805216398 0 0.0653756047420243 0 0 0.0737842790027666 0 0 0 0 0 0 0.0821725922080367 0 0.0430230884158423 0 0 0 0 0 0.0524758925418807 0 0 0 0 0 0 0 0 0 0.0575131303019056 0 0 0 0 0 0.0685874009571174 0 0 0 0 0 0 0 0 0.0602678789907994 0 0 0 0 0 0 0 0 0 0.0627412241090116 0 0 0 0 0.0766387853349347 0 0 0 0 0.0763600211104223 0.0933666756525201 0
"17" 0 0 0 0 0 0 0 0 0.0652081090094773 0 0 0.0635394244023207 0 0.0451280800492065 0 0.062789282434998 0 0 0.0684687236153041 0 0 0.05190767087171 0 0 0 0 0 0 0.0554400919689347 0 0.0497982158796203 0 0 0 0 0 0.0541952055609809 0 0 0 0 0 0 0 0.0503605480100639 0 0.0690922718569609 0 0 0 0 0 0.0792004198714592 0 0 0 0 0.0733602890074991 0 0 0 0.0557962269138851 0 0 0 0 0 0 0 0 0 0.0464027352345209 0 0 0 0 0 0 0 0 0 0 0.05079374035006 0
"18" 0 0 0 0 0.103870115677204 0 0 0 0 0 0 0 0 0.0342828883167961 0 0 0 0 0 0 0 0 0 0 0 0 0 0 0 0 0 0.0916549529822255 0 0 0 0 0 0 0 0 0.0882984722397998 0 0.152680756432266 0 0 0 0 0 0 0 0 0 0 0 0 0 0 0 0 0 0.0638791167102201 0 0 0 0.0865267701529627 0 0 0.0787418732543457 0 0 0 0 0 0 0 0 0 0 0.0922442895099141 0 0 0 0 0
"19" 0 0 0 0 0 0 0 0.097136955271038 0.0437448081545844 0 0 0.0584279217911202 0 0 0 0.0483526901854648 0.0580823292816781 0 0 0 0 0.0623381173443314 0 0 0 0 0 0 0 0 0.0479438672221243 0 0.119541276441189 0 0 0 0.0495717637832637 0 0 0 0 0.125074259407986 0 0 0 0 0.0612335822391978 0 0 0 0 0 0.0866960955143491 0 0 0 0 0 0 0 0 0 0 0 0 0 0 0 0 0 0 0 0 0 0 0 0.0750902449809543 0 0 0 0 0.0860808291029403 0 0
"20" 0 0 0 0 0 0 0 0 0 0 0 0 0 0 0 0 0 0 0 0 0 0 0 0 0.0679026834247835 0 0 0 0.0700730074806071 0 0 0 0 0 0 0 0 0 0 0 0.101268424980211 0 0 0 0.071304102842348 0.10044585050842 0 0.0698125237129492 0 0 0 0.0904674830167424 0 0 0 0 0 0.0947369372707695 0.0658536722243917 0.112644635253249 0.079140796514136 0.0722214344476953 0 0 0 0 0 0 0 0 0 0.0525322633465341 0 0 0 0 0 0 0 0 0.0938680613617788 0 0 0
"21" 0 0 0 0 0 0 0 0 0 0 0 0 0 0 0 0 0 0 0 0 0 0 0 0 0 0 0.156649582499601 0 0 0 0 0 0 0.195954578624178 0 0.148965764113057 0 0.160796979403454 0 0.205949599695206 0 0 0 0 0 0 0 0 0 0.232069379093513 0 0 0 0 0 0 0 0 0 0 0 0 0 0 0 0 0.128818724342089 0 0 0 0 0 0 0 0 0 0 0 0 0 0 0 0 0
"22" 0 0 0 0 0 0 0 0.13960506312731 0.0887131746251949 0 0 0.0487292178382955 0 0 0 0.0602762870905324 0.0782972840480992 0 0.098048867894064 0 0 0 0 0 0 0 0 0 0 0.0567995389765634 0.0665803960742418 0 0.170408112656018 0 0 0 0.0719997767768038 0 0 0 0 0.116711933630374 0 0 0 0 0.0769640180892046 0 0 0 0 0 0.0991993111854639 0 0 0 0 0 0 0 0 0 0 0 0 0 0 0 0 0 0 0 0 0 0 0 0.0826145732575528 0 0 0.0752721278134948 0 0.0921606782364206 0 0
"23" 0 0 0 0.117547146630964 0 0 0 0 0 0 0 0 0 0 0.227743175856204 0 0 0 0 0 0 0 0 0 0 0 0 0.0586975497122787 0 0.0736079901515267 0 0 0 0 0 0 0 0 0 0 0 0 0 0 0 0 0 0 0 0 0 0 0 0 0 0 0.122479071668244 0 0 0 0 0 0.0971562006745971 0 0 0 0 0 0 0.0637204164956088 0 0 0 0 0 0 0 0 0 0.1052009668498 0 0.0655849345850092 0 0
"24" 0 0 0 0.131921023552097 0 0 0 0 0 0 0 0 0 0 0 0 0 0 0 0 0 0 0 0 0 0.119669395269533 0 0 0 0 0 0 0 0 0 0 0 0 0 0 0 0 0 0 0 0 0 0 0 0 0 0 0 0 0 0 0.178274436805209 0 0 0 0 0 0 0 0 0 0 0 0 0 0 0 0 0.270985525170295 0 0 0 0 0 0 0 0 0 0.183197678664824
"25" 0.0784338888262597 0 0.13748473151659 0 0 0 0 0 0 0 0 0 0 0 0 0 0 0 0 0.075277130586765 0 0 0 0 0 0 0 0 0.0565488873234637 0 0 0 0 0 0 0.124542988711204 0 0 0 0 0 0 0 0 0.0724717304576118 0.0757408037997143 0 0.075956920791884 0 0 0 0.0860660984317742 0 0 0 0 0 0.0949944596395369 0.0873255766461493 0 0 0.0543034685902556 0 0 0 0 0 0 0.194997616089939 0 0 0 0 0 0 0 0 0 0 0 0 0 0.107931747334642 0
"26" 0 0 0 0 0 0 0.123215889672994 0 0 0 0.128375239466364 0 0.196922803330919 0 0 0 0 0 0 0 0 0 0 0.221578605456507 0 0 0 0 0 0 0 0 0 0 0 0 0 0 0 0 0 0 0.15029387394502 0 0 0 0 0 0 0 0 0 0 0 0 0 0 0 0 0 0 0 0 0 0.0681238738058183 0 0 0 0 0 0 0 0 0.267815437926028 0 0 0 0 0 0 0 0 0 0
"27" 0 0 0 0 0 0 0 0 0 0 0 0 0 0 0 0 0 0 0 0 0.191674718876724 0 0 0 0 0 0 0 0 0 0 0 0 0.184092607020466 0 0 0 0.117171309607798 0 0.128561707609212 0 0 0 0 0 0 0 0 0 0.164551215946109 0 0 0 0 0 0 0 0 0 0 0 0 0 0 0 0 0.164538275535393 0 0 0 0 0 0 0 0 0 0 0 0 0 0 0 0 0
"28" 0 0 0 0.0640257951116071 0 0 0 0 0 0 0 0 0 0 0.218132132503118 0 0 0 0 0 0 0 0.0786392075994487 0 0 0 0 0 0 0.0884202468761609 0 0 0 0 0 0 0 0 0 0 0 0 0 0 0 0 0 0 0 0 0 0 0 0 0 0 0.16094848790587 0 0 0 0 0 0.200354065267526 0 0 0 0 0 0 0.0728234966432033 0 0 0 0 0 0 0 0 0 0.0822729638831969 0 0 0 0
"29" 0.10122779348908 0 0 0 0 0 0 0 0 0 0 0.0468589911482197 0 0 0 0.0521090625388124 0.0725335756152239 0 0 0.0613184997192789 0 0 0 0 0.0668531094127081 0 0 0 0 0 0 0 0 0 0 0 0 0 0 0 0 0 0 0 0.0555549202619774 0.0729315853132393 0 0.0737774305885621 0 0 0 0 0 0 0 0 0 0.104251672895534 0.0926582176784696 0 0.0697102455141475 0.0640492350501842 0 0 0 0 0 0 0 0 0 0.0395342810034728 0 0 0 0 0 0 0 0 0.0850325456694515 0 0.080238287992137 0
"30" 0 0 0 0 0 0 0 0 0 0 0 0 0 0.0533920557842939 0 0 0 0 0 0 0 0.0562770386279826 0.103746666790012 0 0 0 0 0.12237469941672 0 0 0.038475074738117 0.0741321473264049 0 0 0 0 0.0556044183904049 0 0 0 0 0.118661724835469 0 0 0 0 0.0753193989883422 0 0 0 0 0 0 0 0 0 0 0 0 0 0 0 0 0 0 0 0 0 0 0.0777505857364645 0 0 0 0 0 0 0 0 0 0.0804554131091907 0 0.075731595116395 0 0
"31" 0 0 0 0 0 0 0 0 0.0730259129994927 0 0 0.0531534106803248 0 0.0559448111802837 0 0.0651426111691183 0.0644052325169628 0 0.0675945092187469 0 0 0.0593385642538143 0 0 0 0 0 0 0 0.0879095668117336 0 0 0 0 0 0 0.0353862147115942 0 0 0 0 0.115508678263034 0 0 0 0 0.0735924925706542 0 0 0 0 0 0.058492316739465 0 0 0 0 0 0 0 0 0 0 0 0 0 0 0 0 0.0942982099038424 0 0.0408461198227223 0 0 0 0 0.0745988637899278 0 0 0.0782473884931868 0 0.0981386653896683 0 0
"32" 0 0 0 0 0.0867384940277829 0 0 0 0 0 0 0.0480697433954001 0 0.0537962533127615 0 0 0 0.0900966358932965 0 0 0 0 0 0 0 0 0 0 0 0.101148485293057 0 0 0 0 0 0 0.0568628356300221 0 0 0 0 0 0.115504902131626 0 0 0 0 0 0 0 0 0 0 0 0 0 0 0 0 0 0.0546978971336335 0 0 0 0 0 0 0.0863408270297732 0 0.0916897622000412 0 0 0 0 0 0 0 0 0 0.0841637984600854 0 0 0 0
"33" 0 0 0 0 0 0 0 0.0859990377242718 0.0788103113684506 0 0 0 0 0 0 0 0 0 0.0677175940774642 0 0 0.057419336046891 0 0 0 0 0 0 0 0 0 0 0 0 0 0 0 0 0 0 0 0 0 0 0 0 0 0 0 0 0 0 0.0845026866710697 0 0 0 0 0 0 0 0 0 0 0 0 0 0 0 0 0 0 0 0.143255453756409 0 0 0 0.0735795938690416 0 0 0 0 0 0 0
"34" 0 0 0 0 0 0 0 0 0 0 0 0 0 0 0 0 0 0 0 0 0.0972998322490784 0 0 0 0 0 0.222062401637909 0 0 0 0 0 0 0 0 0 0 0.153119235689144 0 0.196290335643893 0 0 0 0 0 0 0 0 0 0 0 0 0 0 0 0 0 0 0 0 0 0 0 0 0 0 0.172793012343818 0 0 0 0 0 0 0 0 0 0 0 0 0 0 0 0 0
"35" 0 0 0 0 0 0 0 0 0 0.22738208970155 0 0 0 0 0 0 0 0 0 0 0 0 0 0 0 0 0 0 0 0 0 0 0 0 0 0 0 0 0 0 0 0 0 0 0 0 0 0 0.311083282131016 0 0.219116512753495 0 0 0 0.196732175503896 0 0 0 0 0 0 0 0 0 0 0 0 0 0 0 0 0 0 0 0 0 0 0.230988559072126 0 0 0 0 0 0
"36" 0 0 0 0 0 0 0 0 0 0 0 0 0 0 0 0 0 0 0 0 0.137043528471635 0 0 0 0.0698526725774481 0 0 0 0 0 0 0 0 0 0 0 0 0 0 0 0 0 0 0 0 0.0507874513008373 0 0.0431013729359146 0 0.164195997662 0 0.0752327934031286 0 0 0 0 0 0 0.0568529322748076 0 0 0 0 0 0 0 0 0 0 0 0 0 0 0 0 0 0 0 0 0 0 0 0 0
"37" 0 0 0 0 0 0 0 0 0.0822890923190404 0 0 0.0455745110753431 0 0.0746974917160122 0 0.0657862857737018 0.0684557174801731 0 0.0530808094626477 0 0 0.0533410831213602 0 0 0 0 0 0 0 0.103121798901671 0.0637627463822039 0.0485285407063071 0 0 0 0 0 0 0 0 0 0.104313973675522 0 0 0 0 0.0713226239821475 0 0 0 0 0 0.0740639532151914 0 0 0 0 0 0 0 0 0 0 0 0 0 0 0 0 0.0706253739528424 0 0.0580658323153917 0 0 0 0 0.0895731263895855 0 0 0.0705476642253302 0 0.0752739969753881 0 0
"38" 0 0 0 0 0 0 0 0 0 0 0 0 0 0 0 0 0 0 0 0 0.10993170186458 0 0 0 0 0 0.157010169330294 0 0 0 0 0 0 0.217822874002214 0 0 0 0 0 0.205899763442025 0 0 0 0 0 0 0 0 0 0.156945914737948 0 0 0 0 0 0 0 0 0 0 0 0 0 0 0 0 0.190061260110863 0 0 0 0 0 0 0 0 0 0 0 0 0 0 0 0 0
"39" 0 0.212011733770334 0 0 0 0.211463203869213 0 0 0 0 0 0 0 0 0 0 0 0 0 0 0 0 0 0 0 0 0 0 0 0 0 0 0 0 0 0 0 0 0 0 0 0 0 0 0 0 0 0 0 0 0 0 0 0 0 0 0 0 0 0.127617647779011 0 0 0 0.375998269395228 0 0.161362808418019 0 0 0 0 0 0 0 0 0.118971857184678 0 0 0 0 0 0 0 0 0
"40" 0 0 0 0 0 0 0 0 0 0 0 0 0 0 0 0 0 0 0 0 0.193045317599377 0 0 0 0 0 0.162577497668723 0 0 0 0 0 0 0.192083778218303 0 0 0 0.174082758135104 0 0 0 0 0 0 0 0 0 0 0 0 0 0 0 0 0 0 0 0 0 0 0 0 0 0 0 0 0.173474498033386 0 0 0 0 0 0 0 0 0 0 0 0 0 0 0 0 0
"41" 0 0 0 0 0.0691001593372187 0 0 0 0 0 0 0 0 0.0304096632074439 0 0 0 0.114851512693115 0 0.0861123986725194 0 0 0 0 0 0 0 0 0 0 0 0 0 0 0 0 0 0 0 0 0 0 0 0 0.0595960839356857 0 0 0 0 0 0 0 0 0 0 0 0 0 0 0.13494697363137 0.0679748964273978 0 0 0 0 0 0 0.114546542449968 0 0 0 0.0604903161636848 0 0 0.155866255378544 0 0 0 0.0875027461115823 0 0.100384690211019 0 0 0
"42" 0 0 0 0 0 0 0 0 0.0818429490252797 0 0 0 0 0 0 0 0 0 0.0838854850439146 0 0 0.0668933265957114 0 0 0 0 0 0 0 0.0751779960486979 0.0604126656585794 0 0 0 0 0 0.0560687018796679 0 0 0 0 0 0 0 0 0 0.0540697344078639 0 0 0 0 0 0 0 0 0 0 0 0 0 0 0 0 0 0 0 0 0 0 0 0 0 0 0 0 0 0.11511584862019 0 0 0 0 0.0811999322323076 0 0
"43" 0 0 0 0 0.101394604806818 0 0 0 0 0 0 0 0 0.0603466851755184 0 0 0 0.0916636793727761 0 0 0 0 0 0 0 0.076419627446239 0 0 0 0 0 0.0801402301849745 0 0 0 0 0 0 0 0 0 0 0 0 0 0 0 0 0 0 0 0 0 0 0 0 0 0 0 0 0 0 0 0 0 0 0 0.0823172462324939 0 0.067001109519532 0 0 0 0 0 0 0 0 0 0.0723606021995061 0 0 0 0
"44" 0 0 0 0 0 0 0.162575375829419 0 0 0 0.152846894997623 0 0.16905185553542 0 0 0 0 0 0 0 0 0 0 0 0 0 0 0 0 0 0 0 0 0 0 0 0 0 0 0 0 0 0 0 0 0 0 0 0 0 0 0 0 0 0.191848737619978 0 0 0 0 0 0 0 0 0 0.0972813207237025 0 0 0 0 0 0 0 0 0 0 0.103798286762608 0 0.122906184378322 0 0 0 0 0 0
"45" 0 0 0 0 0.0886451811298393 0 0 0 0 0 0 0.0753386168063654 0 0.043018423013814 0 0 0.062611831826723 0 0 0.0625319010318798 0 0 0 0 0.0892298283295711 0 0 0 0.041589972689125 0 0 0 0 0 0 0 0 0 0 0 0.0688164646453255 0 0 0 0 0 0 0.0455852828260965 0 0 0 0 0 0 0 0 0 0.0525585278994398 0.05981498394504 0.106955726566675 0.0705453498137344 0.0449617411398008 0 0 0 0 0 0.121164277103779 0 0 0 0.0596437461413093 0 0 0 0 0 0 0 0 0.068608987155489 0 0 0
"46" 0.0820522249958136 0 0.156654743188294 0 0 0 0 0 0 0 0 0 0 0 0 0 0 0 0 0.0641482949479582 0 0 0 0 0.0808726884959122 0 0 0 0.045783690964655 0 0 0 0 0 0 0.175961236161099 0 0 0 0 0 0 0 0 0 0 0 0.0708155898653824 0 0 0 0.130057830687274 0 0 0 0 0 0.0742404167009152 0.100830766876643 0 0 0.0738247560184205 0 0 0 0 0 0 0.124932926803496 0 0 0 0 0 0 0 0 0 0 0 0 0 0.0904916820368754 0
"47" 0 0 0 0 0 0 0 0.101134038182619 0.0662487385925278 0 0 0.0533536985637021 0 0 0 0.0714099486378659 0.0546576468122552 0 0.0936089243541192 0 0 0.0712201738518832 0 0 0 0 0 0 0 0.100204309918631 0.0672822127937916 0 0 0 0 0 0.0494732480317897 0 0 0 0 0.135556380416604 0 0 0 0 0 0 0 0 0 0 0.0670827632880465 0 0 0 0 0 0 0 0 0 0 0 0 0 0 0 0 0.0848690541731862 0 0 0 0 0 0 0.108216365798347 0 0 0.115663047787108 0 0.0869513151604002 0 0
"48" 0 0 0 0 0 0 0 0 0 0 0 0 0 0 0 0 0 0 0 0.0759840815957042 0 0 0 0 0.058045504830337 0 0 0 0.0430893636208537 0 0 0 0 0 0 0.14845724503758 0 0 0 0 0 0 0 0 0.0481166422271576 0.0650655758383392 0 0 0 0 0 0.0867994418176483 0 0 0 0 0 0.0644560429062538 0.0892685096439793 0.109096175194717 0 0.0767108740815028 0 0 0 0 0 0 0 0 0 0 0 0 0.142637406215066 0 0 0 0 0 0.0891992167188799 0 0 0
"49" 0 0 0 0 0 0 0 0 0 0.220214607949735 0 0 0 0 0 0 0 0 0 0 0 0 0 0 0 0 0 0 0 0 0 0 0 0 0.120086931127022 0 0 0 0 0 0 0 0 0 0 0 0 0 0 0 0.21939482820667 0 0 0 0.183204986514148 0 0 0 0 0 0 0 0 0 0 0 0 0 0 0 0 0 0 0 0 0 0 0 0 0 0 0 0 0
"50" 0 0 0 0 0 0 0 0 0 0 0 0 0 0 0 0 0 0 0 0 0.150230451212526 0 0 0 0 0 0.176663377413069 0 0 0 0 0 0 0 0 0.114806606216956 0 0.140485105437336 0 0 0 0 0 0 0 0 0 0 0 0 0 0.118075795090486 0 0 0 0 0 0 0 0 0 0 0 0 0 0 0.132490228720603 0 0 0 0 0 0 0 0 0 0 0 0 0 0 0 0 0
"51" 0 0 0 0 0 0 0 0 0 0.180775462524619 0 0 0 0 0 0 0 0 0 0 0 0 0 0 0 0 0 0 0 0 0 0 0 0 0.209974028509707 0 0 0 0 0 0 0 0 0 0 0 0 0 0.315044418843269 0 0 0 0 0 0.107897470947966 0 0 0 0 0 0 0 0 0 0 0 0 0 0 0 0 0 0 0 0 0 0 0.143410603772526 0 0 0 0 0 0
"52" 0 0 0 0 0 0 0 0 0 0 0 0 0 0 0 0 0 0 0 0.0575121744585416 0 0 0 0 0.0488932501839353 0 0 0 0 0 0 0 0 0 0 0.155440388799112 0 0 0 0 0 0 0 0 0 0.0793281923380836 0 0.0656529919356018 0 0.163855735284416 0 0 0 0 0 0 0 0.0743543427132281 0.0683063585079611 0 0 0 0 0 0 0 0 0 0 0 0 0 0 0 0 0 0 0 0 0 0.0703780292285262 0 0 0
"53" 0 0 0 0 0 0 0 0.115757317357946 0.0570487590300989 0 0 0 0 0 0 0.0673181330597175 0.0661722894525722 0 0.0593021185263008 0 0 0.0639521766555441 0 0 0 0 0 0 0 0 0.0579018958178944 0 0.16753238154712 0 0 0 0.0643112434904139 0 0 0 0 0 0 0 0 0 0.0652324121423302 0 0 0 0 0 0 0 0 0 0 0 0 0 0 0 0 0 0 0 0 0 0 0 0 0 0.0939747358943439 0 0 0 0.0718963626987362 0 0 0 0 0 0.0984081235028505 0
"54" 0 0.169556459722952 0 0 0 0 0 0 0 0 0 0 0 0 0 0 0 0 0 0 0 0 0 0 0 0 0 0 0 0 0 0 0 0 0 0 0 0 0 0 0 0 0 0 0 0 0 0 0 0 0 0 0 0 0 0.188156083027777 0 0 0 0 0 0 0 0 0.0874802243919088 0 0 0 0 0 0.151785728034635 0 0 0 0 0.145101992895155 0 0 0.0953879439975949 0 0 0 0 0
"55" 0 0 0 0 0 0 0 0 0 0.174261563939281 0 0 0 0 0 0 0 0 0 0 0 0 0 0 0 0 0 0 0 0 0 0 0 0 0.209091171267467 0 0 0 0 0 0 0 0 0.113786705815865 0 0 0 0 0.185208953951099 0 0.194447283923781 0 0 0 0 0 0 0 0 0 0 0 0 0 0 0 0 0 0 0 0 0 0 0 0 0 0 0.173492683628137 0 0 0 0 0 0
"56" 0 0.115278859969162 0 0 0 0 0 0 0 0 0 0 0 0 0 0 0 0 0 0 0 0 0 0 0 0 0 0 0 0 0 0 0 0 0 0 0 0 0 0 0 0 0 0 0 0 0 0 0 0 0 0 0 0.179602409247204 0 0 0 0 0 0 0 0 0 0 0.0674895244690471 0 0 0 0 0 0.123549001568584 0 0 0 0 0.0915767562960115 0 0 0.0865168028919135 0 0 0 0 0
"57" 0 0 0 0.11009106488032 0 0 0 0 0 0 0 0 0 0 0.173761875261432 0 0 0 0 0 0 0 0.122284707605494 0.200874444464148 0 0 0 0.101509230177436 0 0 0 0 0 0 0 0 0 0 0 0 0 0 0 0 0 0 0 0 0 0 0 0 0 0 0 0 0 0 0 0 0 0 0.197326717328296 0 0 0 0 0 0 0 0 0 0 0 0 0 0 0 0 0 0 0 0 0.201752961353433
"58" 0.143321674536804 0 0 0 0 0 0 0 0 0 0 0.054949737561327 0 0 0 0 0.0499434534133856 0 0 0.0351958719301024 0 0 0 0 0.0519027406182888 0 0 0 0.0863159650062763 0 0 0 0 0 0 0 0 0 0 0 0 0 0 0 0.0543679310892074 0.0770094583378849 0 0.0792364037962482 0 0 0 0.097013755723385 0 0 0 0 0 0 0.0584667445606165 0 0.0689389094520352 0.0761526225325341 0 0 0 0 0 0 0 0 0 0.0707689344498117 0 0 0 0 0 0 0 0 0.072360237932576 0 0 0
"59" 0.0682258147672733 0 0.128997553755399 0 0 0 0 0 0 0 0 0 0 0 0 0 0 0 0 0.0779439376644397 0 0 0 0 0.0492508110521276 0 0 0 0.0763471746698236 0 0 0 0 0 0 0.118258118214927 0 0 0 0 0 0 0 0 0.0596726580268308 0.087138456658763 0 0.0737994914725119 0 0 0 0.146676788039649 0 0 0 0 0 0.0408198409520856 0 0 0 0.0544226825407519 0 0 0 0 0 0 0 0 0 0 0 0 0 0 0 0 0 0 0.0563499490702537 0 0 0
"60" 0 0 0 0 0 0.129952443766357 0 0 0 0 0 0 0 0 0 0 0 0 0 0.0625415098030574 0 0 0 0 0 0 0 0 0 0 0 0 0 0 0 0 0 0 0.160542977571481 0 0.112144546487628 0 0 0 0.0619340169934852 0 0 0.0604621863912378 0 0 0 0 0 0 0 0 0 0 0 0 0.0721504488937961 0 0 0 0 0.225963492898434 0 0 0 0 0 0 0 0 0.110006853550474 0 0 0 0 0 0.0767649511100627 0 0 0
"61" 0 0 0 0 0.111608119847683 0 0 0 0 0 0 0.0714002305037284 0 0.0482043236183925 0 0 0 0.132036825934515 0 0.0634610846222628 0 0 0 0 0 0 0 0 0.060941451258883 0 0 0.0854903007920838 0 0 0 0 0 0 0 0 0.0769067970206919 0 0 0 0.0546532727554889 0 0 0 0 0 0 0 0 0 0 0 0 0.0655115005177028 0 0.107369777746008 0 0.069272403061782 0 0 0 0 0 0.0921696650488144 0 0 0 0.0630152963738166 0 0 0 0 0 0 0 0 0.0695280987074399 0 0 0
"62" 0.113223822785693 0 0 0 0 0 0 0 0 0 0 0.046955023020462 0 0 0 0.0558663967334355 0.0724239348330971 0 0 0.106604877614046 0 0 0 0 0.0957457442402319 0 0 0 0.0895241879697647 0 0 0 0 0 0 0 0 0 0 0 0 0 0 0 0.0491205308793233 0.0834744357600093 0 0.0848918380348792 0 0 0 0 0 0 0 0 0 0.067050096248152 0.0605439420916049 0 0.0573148258437971 0 0 0 0 0 0 0 0 0 0 0.0822482305353214 0 0 0 0 0 0 0 0 0.0705744358557348 0 0.0653873128217417 0
"63" 0 0 0 0.0891471575848959 0 0 0 0 0 0 0 0 0 0 0.173186914323963 0 0 0 0 0 0 0 0.102562526936207 0 0 0 0 0.105509284604114 0 0 0 0 0 0 0 0 0 0 0 0 0 0 0 0 0 0 0 0 0 0 0 0 0 0 0 0 0.140396651647704 0 0 0 0 0 0 0 0 0 0 0 0 0 0 0 0 0 0 0 0 0 0 0 0 0 0 0.19231276578801
"64" 0 0.173362108003638 0 0 0 0.104247657974408 0 0 0 0 0 0 0 0 0 0 0 0 0 0 0 0 0 0 0 0 0 0 0 0 0 0 0 0 0 0 0 0 0.187910041966398 0 0 0 0 0 0 0 0 0 0 0 0 0 0 0 0 0 0 0 0 0 0 0 0 0 0 0.134643071414669 0 0 0 0 0 0 0 0 0 0 0 0 0 0 0 0 0 0
"65" 0 0 0 0 0 0 0.155612891197256 0 0 0 0.0980920411455758 0 0.207877473865984 0 0 0 0 0.0911400059184155 0 0 0 0 0 0 0 0.194364808689107 0 0 0 0 0 0 0 0 0 0 0 0 0 0 0 0 0 0.121615402433866 0 0 0 0 0 0 0 0 0 0.183962717027316 0 0.134120798542146 0 0 0 0 0 0 0 0 0 0 0 0 0 0 0.255498619033964 0 0 0 0 0.105257304704433 0 0 0.0940396287905982 0 0 0 0 0
"66" 0 0.194900460807446 0 0 0 0.201935510419578 0 0 0 0 0 0 0 0 0 0 0 0 0 0 0 0 0 0 0 0 0 0 0 0 0 0 0 0 0 0 0 0 0.143394119806575 0 0 0 0 0 0 0 0 0 0 0 0 0 0 0 0 0 0 0 0 0.101235728267837 0 0 0 0.242431608821086 0 0 0 0 0 0 0 0 0 0 0.115614354201686 0 0 0 0 0 0 0 0 0
"67" 0 0 0 0 0 0 0 0 0 0 0 0 0 0 0 0 0 0 0 0 0.147010189323909 0 0 0 0 0 0.179668770245281 0 0 0 0 0 0 0.154745629618149 0 0 0 0.212105925362469 0 0.112336047867638 0 0 0 0 0 0 0 0 0 0.149334653434554 0 0 0 0 0 0 0 0 0 0 0 0 0 0 0 0 0 0 0 0 0 0 0 0 0 0 0 0 0 0 0 0 0 0
"68" 0 0 0 0 0.0897787266533286 0 0 0 0 0 0 0 0 0.0577328333074871 0 0 0 0.0778494490725335 0 0 0 0 0 0 0 0 0 0 0 0 0 0.0513585315376638 0 0 0 0 0 0 0 0 0.104796396237406 0 0.139607328736008 0 0.0516031294022704 0 0 0 0 0 0 0 0 0 0 0 0 0 0 0 0.0516502493280681 0 0 0 0 0 0 0 0 0 0 0.061428022697989 0 0 0 0 0 0 0.115721845912447 0 0 0 0 0
"69" 0.150390394296166 0 0.118223919339888 0 0 0 0 0 0 0 0 0 0 0 0 0 0 0 0 0 0 0 0 0 0.0830414435855161 0 0 0 0 0 0 0 0 0 0 0 0 0 0 0 0 0 0 0 0 0.101378583427336 0 0 0 0 0 0 0 0 0 0 0 0 0 0 0 0 0 0 0 0 0 0 0 0 0 0 0.171743201549451 0 0 0 0 0 0 0 0 0 0.0913684740891161 0
"70" 0 0 0 0.140696504410402 0 0 0 0 0 0 0 0 0 0.0338884742601228 0 0 0 0 0 0 0 0 0.143606257578647 0 0 0 0 0.169436591910016 0 0.0714333518818842 0.0473569506378807 0.0657425577590509 0 0 0 0 0.0599653881952649 0 0 0 0 0 0.106616409993859 0 0 0 0.0631503569307981 0 0 0 0 0 0 0 0 0 0 0 0 0 0 0 0 0 0 0 0 0 0 0 0 0 0 0 0 0 0 0 0 0.111258130810723 0 0.0787060675939859 0 0
"71" 0 0.152286214841172 0 0 0 0 0 0 0 0 0 0 0 0 0 0 0 0 0 0 0 0 0 0 0 0 0 0 0 0 0 0 0 0 0 0 0 0 0 0 0 0 0 0 0 0 0 0 0 0 0 0 0 0.169571909078431 0 0.116014852021386 0 0 0 0 0 0 0 0 0.0683719409986398 0 0 0 0 0 0 0 0 0 0 0.18383072681966 0 0 0.10738070469294 0 0 0 0 0
"72" 0 0 0 0 0.104988395323615 0 0 0 0 0 0 0.0617892013988845 0 0.0564721285242187 0 0.0713187641185257 0.0561995843337472 0 0 0.0713252427064903 0 0 0 0 0 0 0 0 0.0427326449498714 0 0.0358190453264438 0 0 0 0 0 0.0543066941308212 0 0 0 0.0736174384451909 0 0 0 0.0345891589796855 0 0 0 0 0 0 0 0 0 0 0 0 0.0759893680783078 0 0 0.0597902491597417 0.0543666546805259 0 0 0 0 0 0.109381718317213 0 0 0 0 0 0 0 0 0 0 0 0 0.0880280943754137 0 0 0
"73" 0.104101016752016 0 0.136212200987715 0 0 0 0 0.12196857878496 0.0522780874623496 0 0 0 0 0 0 0 0 0 0 0 0 0 0 0 0 0 0 0 0 0 0 0 0.181133806482414 0 0 0 0 0 0 0 0 0 0 0 0 0 0 0 0 0 0 0 0.0913576801372192 0 0 0 0 0 0 0 0 0 0 0 0 0 0 0 0.130728820494183 0 0 0 0 0 0 0 0 0 0 0 0 0 0.0802308486023192 0
"74" 0 0 0 0 0 0 0.198863655338037 0 0 0 0 0 0.157507281336658 0 0 0 0 0 0 0 0 0 0 0.22312546901627 0 0.0965156689026202 0 0 0 0 0 0 0 0 0 0 0 0 0 0 0 0 0 0 0 0 0 0 0 0 0 0 0 0 0 0 0 0 0 0 0 0 0 0 0 0 0 0 0 0 0 0 0 0 0 0 0 0 0 0 0 0 0 0
"75" 0 0 0 0 0 0.178685351074382 0 0 0 0 0 0 0 0 0 0 0 0 0 0 0 0 0 0 0 0 0 0 0 0 0 0 0 0 0 0 0 0 0.233862755678127 0 0.122548019535639 0 0 0 0 0 0 0.0694389994828232 0 0 0 0 0 0 0 0 0 0 0 0.0498147945550818 0 0 0 0 0 0.202762772646495 0 0 0 0 0 0 0 0 0 0 0 0 0 0 0.0842606668153057 0 0 0
"76" 0 0 0 0 0 0 0.158759780364416 0 0 0 0.164000634723 0 0 0 0 0 0 0 0 0 0 0 0 0 0 0 0 0 0 0 0 0 0 0 0 0 0 0 0 0 0 0 0 0.105701074016476 0 0 0 0 0 0 0 0 0 0.154455348429609 0 0.14622978210594 0 0 0 0 0 0 0 0 0.0967021838461679 0 0 0 0 0 0.168566254495207 0 0 0 0 0 0 0 0.0966358925162312 0 0 0 0 0
"77" 0 0 0 0 0 0 0 0.124561049626371 0.0708353027022135 0 0 0 0 0 0 0.0374133339688181 0 0 0.079130277353985 0 0 0.0525152233839355 0 0 0 0 0 0 0 0 0.0518932484832657 0 0.1500198637182 0 0 0 0.0509979647432023 0 0 0 0 0.141226601430275 0 0 0 0 0.0452445634342709 0 0 0 0 0 0.0925280626605059 0 0 0 0 0 0 0 0 0 0 0 0 0 0 0 0 0 0 0 0 0 0 0 0 0 0 0 0 0.106544905346354 0 0
"78" 0 0 0 0 0 0 0 0 0 0.161204463630789 0 0 0 0 0 0 0 0 0 0 0 0 0 0 0 0 0 0 0 0 0 0 0 0 0.204089238426507 0 0 0 0 0 0 0 0 0.167471834015799 0 0 0 0 0 0 0.203225934342024 0 0 0 0.156936333905438 0 0 0 0 0 0 0 0 0 0 0 0 0 0 0 0 0 0 0 0 0 0 0 0 0 0 0 0 0
"79" 0 0 0 0 0.0891946503374909 0 0 0 0 0 0.123575013218331 0 0 0 0 0 0 0.117229034129083 0 0 0 0 0 0 0 0 0 0 0 0 0 0 0 0 0 0 0 0 0 0 0.0662264838005135 0 0 0 0 0 0 0 0 0 0 0 0 0.19174894234511 0 0.189752204427043 0 0 0 0 0 0 0 0 0.0749086475000216 0 0 0.101450303449652 0 0 0.132454442938959 0 0 0 0 0.106528183196106 0 0 0 0 0 0 0 0
"80" 0 0 0 0 0 0 0 0 0 0 0 0 0 0.0667409942997808 0 0 0 0 0 0 0 0.0615894305805457 0.114604726646427 0 0 0 0 0.123711256888148 0 0.0713903226668713 0.051733813503631 0.136805430789312 0 0 0 0 0.0714369478279827 0 0 0 0 0 0.13710895168041 0 0 0 0.0706832001393403 0 0 0 0 0 0 0 0 0 0 0 0 0 0 0 0 0 0 0 0 0 0 0.062503551715442 0 0 0 0 0 0 0 0 0 0 0 0.0863928331466669 0 0
"81" 0 0 0 0 0 0 0 0 0 0 0 0 0 0 0 0 0 0 0 0.0843212427691451 0 0 0 0 0 0 0 0 0.0468283232729123 0 0 0 0 0 0 0 0 0 0 0 0.122477351338504 0 0 0 0.0492359973330396 0 0 0.0779133843005855 0 0 0 0.103981074514681 0 0 0 0 0 0.0537079724576855 0.0493545370324701 0.154215211547801 0.0511446692644857 0.0650182648074731 0 0 0 0 0 0 0 0 0 0.0487346536788034 0 0 0.175530908771941 0 0 0 0 0 0 0 0 0
"82" 0 0 0 0 0 0 0 0 0 0 0 0 0 0 0 0.0779390944629808 0 0 0.0692094029177156 0 0 0.0591866459330465 0.132619635547327 0 0 0 0 0 0 0.0871096396173369 0.0555846041004092 0 0 0 0 0 0.0666816747021382 0 0 0 0 0.0998611289647129 0 0 0 0 0.0416777275695889 0 0 0 0 0 0 0 0 0 0 0 0 0 0 0 0 0 0 0 0 0 0 0.0912252721344806 0 0 0 0 0 0 0.0912642158616067 0 0 0.0830392955072347 0 0 0 0
"83" 0.0775993124378837 0 0.171538392410232 0 0 0 0 0.122113692860262 0.0737770661390865 0 0 0 0 0 0 0.0592544042559889 0.0411109516869367 0 0 0 0 0 0 0 0.0785116815877692 0 0 0 0.0535548188066035 0 0 0 0 0 0 0 0 0 0 0 0 0 0 0 0 0.0615410209808065 0 0 0 0 0 0 0.05821543030435 0 0 0 0 0 0 0 0 0.0615941320002943 0 0 0 0 0 0 0.141061552607055 0 0 0 0.117036901456655 0 0 0 0 0 0 0 0 0 0 0
"84" 0 0 0 0.147863434534855 0 0 0 0 0 0 0 0 0 0 0.170055084383237 0 0 0 0 0 0 0 0 0.219231212495109 0 0 0 0 0 0 0 0 0 0 0 0 0 0 0 0 0 0 0 0 0 0 0 0 0 0 0 0 0 0 0 0 0.136272716502586 0 0 0 0 0 0.175938371926432 0 0 0 0 0 0 0 0 0 0 0 0 0 0 0 0 0 0 0 0 0
