"V1" "V2" "V3" "V4" "V5" "V6" "V7" "V8" "V9" "V10" "V11" "V12" "V13" "V14" "V15" "V16" "V17" "V18" "V19" "V20" "V21"
"1" 0 0 0 0 0 0.122129567456204 0 0 0 0 0 0.201738388513986 0 0.406404198549487 0 1.10681808336024 0 0 0 0 0
"2" 0 0 0 0 0 0 0 0 0 0 0 0 0 0 0.167772334528862 0 0 0.330925937403808 0 0 0
"3" 0 0 0 0 0.0946568598589626 0.157036811272908 0 0 0.154015397943559 0.583509416101184 0 0 0 0 0 0 0 0 0 0 0
"4" 0 0 0 0 0 0.132480160678112 0 0 0.1541131688355 0 0 0 0 0 0 0 0 0 0.187868092384039 0.232422228752568 0
"5" 0 0 0.191261073975256 0 0 0 0.240568970876258 0.206674158626285 0.166108091666192 0 0 0.210139990098488 0.445878475703183 0 0.19742298968479 0 0 0 0 0 0
"6" 0.265579372254204 0 0.334892549068908 0.241733360340215 0 0 0.254435801709578 0 0 0 0.21418598320067 0 0 0 0.159531634555203 0 0.270798543764861 0 0.17356898320869 0 0
"7" 0 0 0 0 0.137054683454572 0.142515463898479 0 0 0 0 0.174216275357268 0 0 0 0 0 0 0 0 0 0.348062224372866
"8" 0 0 0 0 0.136120288109998 0 0 0 0.181126952658887 0 0 0 0 0 0 0 0.220424502755711 0 0.126404219323255 0 0
"9" 0 0 0.310330685338075 0.29516484465816 0.1704847549165 0 0 0.338184917276382 0 0 0.265388356780323 0.212979856633771 0 0 0.174838335161197 0 0 0 0 0 0
"10" 0 0 0.217453200949208 0 0 0 0 0 0 0 0 0 0 0 0 0 0 0.329419417334421 0 0 0
"11" 0 0 0 0 0 0.0874376490185098 0.317273533985742 0 0.162212035689269 0 0 0 0 0 0 0 0.163055953850411 0 0 0.299766346427654 0
"12" 0.228523721275126 0 0 0 0.131442881228141 0 0 0 0.133222590313758 0 0 0 0 0 0 0 0 0 0.167033387708982 0 0.326925370342457
"13" 0 0 0 0 0.136226596986812 0 0 0 0 0 0 0 0 0.301495790528714 0 0 0 0 0 0 0
"14" 0.23191387976906 0 0 0 0 0 0 0 0 0 0 0 0.53968726012166 0 0 0 0 0 0 0.205897301014527 0
"15" 0 0.482504899649211 0 0 0.151712930034203 0.139055914192432 0 0 0.143330239124521 0 0 0 0 0 0 0 0 0.259316231412939 0 0 0
"16" 0.324020366649407 0 0 0 0 0 0 0 0 0 0 0 0 0 0 0 0 0 0 0 0
"17" 0 0 0 0 0 0.111743883708658 0 0.159889731310408 0 0 0.241547146139815 0 0 0 0 0 0 0 0 0.202670830925494 0
"18" 0 0.559094776318455 0 0 0 0 0 0 0 0.503594997260816 0 0 0 0 0.129373176683344 0 0 0 0 0 0
"19" 0 0 0 0.279378643877263 0 0.122189760128713 0 0.292279007835092 0 0 0 0.176264034091079 0 0 0 0 0 0 0 0.194427761512721 0.328739765547814
"20" 0 0 0 0.389195236053926 0 0 0 0 0 0 0.274257880821424 0 0 0.425127868786702 0 0 0.229793133846026 0 0.205275778173396 0 0
"21" 0 0 0 0 0 0 0.247711632395438 0 0 0 0 0.152016869522557 0 0 0 0 0 0 0.162355703630831 0 0
