"V1" "V2" "V3" "V4" "V5" "V6" "V7" "V8" "V9" "V10" "V11" "V12" "V13" "V14" "V15" "V16" "V17" "V18" "V19" "V20" "V21"
"1" 0 0 0.143176086704825 0 0 0.171032592704923 0 0 0 0 0 0 0.181427500460191 0 0 0.125294756953924 0 0 0 0 0
"2" 0 0 0 0 0 0 0.123121735163903 0 0.167876439611286 0 0 0.0842934985534798 0 0 0 0 0.3600222408959 0 0 0 0
"3" 0.218414874015159 0 0 0.190879252575883 0 0 0.10358907832154 0.201461333349634 0 0 0 0 0 0 0 0 0 0 0 0 0
"4" 0 0 0.292660288929052 0 0.141854489536447 0 0 0.206266749332868 0 0 0 0 0 0 0 0 0 0.182257588967281 0 0 0
"5" 0 0 0 0.245464099266807 0 0 0.141938409261772 0 0.17734725126169 0 0 0.224714895718133 0 0.198671282588083 0 0.155762326608879 0 0.244613053464503 0.123861103761011 0 0
"6" 0.325889072557836 0 0 0 0 0 0 0.196670662615455 0.202125908639319 0.512542045001072 0 0 0.189080132261474 0.220148096233763 0 0 0 0 0 0 0.160089620381533
"7" 0 0.283525168661817 0.287006250538982 0 0.0468915617448899 0 0 0 0 0 0.171615193397021 0 0 0 0 0.13384317461387 0 0.247203485306175 0.117536191806338 0 0.124669239541677
"8" 0 0 0.242463246347136 0.261758834246169 0 0.103649937881282 0 0 0 0 0 0 0.247177656327064 0 0 0 0 0 0.129440031548712 0 0
"9" 0 0.306312127302088 0 0 0.144262697957306 0.108764807014798 0 0 0 0 0.202014901049375 0 0 0 0 0 0 0 0.0695853039980573 0 0.143104712564466
"10" 0 0 0 0 0 0.167371565206244 0 0 0 0 0 0 0 0 0 0 0.302128305438445 0 0 0 0
"11" 0 0 0 0 0 0 0.102563728557625 0 0.156857095949379 0 0 0.161574877165198 0 0 0 0 0 0 0.0988184568557863 0.203820914452267 0
"12" 0 0.285542894672347 0 0 0.0913367437074101 0 0 0 0 0 0.189789141845512 0 0 0.167342409014113 0 0 0 0 0.0959782024608772 0.196453680999964 0
"13" 0.272659582318758 0 0 0 0 0.138066502750496 0 0.240665835015803 0 0 0 0 0 0.151131746843956 0 0.129489104155208 0 0 0 0 0
"14" 0 0 0 0 0.125680872605291 0.137441052950668 0 0 0 0 0 0.184836096261907 0.215340930147726 0 0 0 0 0 0 0 0.241573862157002
"15" 0 0 0 0 0 0 0 0 0 0 0 0 0 0 0 0.178453731067815 0 0 0.0738276551617056 0 0
"16" 0.205392927118357 0 0 0 0.0974373854150341 0 0.142628477351015 0 0 0 0 0 0.192308499567392 0 0.655583744813563 0 0 0 0.141983779693066 0 0
"17" 0 0.281964271523062 0 0 0 0 0 0 0 0.67281480056722 0 0 0 0 0 0 0 0 0 0 0
"18" 0 0 0 0.292616260568641 0.130965652912398 0 0.175000954681388 0 0 0 0 0 0 0 0 0 0 0 0.0801727793651308 0.226664283139337 0
"19" 0 0 0 0 0.130384560764082 0 0.142962270068933 0.163610574787743 0.144570851215094 0 0.176460865400408 0.162270435167346 0 0 0.380757741705335 0.165117097011141 0 0.184279207825189 0 0 0.151221558116815
"20" 0 0 0 0 0 0 0 0 0 0 0.218246925237355 0.174484483108387 0 0 0 0 0 0.152936136939816 0 0 0.182039358407437
"21" 0 0 0 0 0 0.16446618992512 0.14596775043652 0 0.142583850276686 0 0 0 0 0.194201390288418 0 0 0 0 0.142645496970326 0.27646695210521 0
