"V1" "V2" "V3" "V4" "V5" "V6" "V7" "V8" "V9" "V10" "V11" "V12" "V13" "V14" "V15" "V16" "V17" "V18" "V19" "V20" "V21"
"1" 0 0.290049124094375 0 0 0 0 0 0 0 0 0 0 0 0 0 0 0 0 0 0 0
"2" 0.790282934173184 0 0.275573152795366 0 0 0 0.192947696121159 0 0 0 0 0 0 0 0 0 0 0 0 0 0
"3" 0 0.420654539394732 0 0 0.896543188123773 0.28398865975858 0 0 0 0 0 0 0 0 0 0 0 0 0 0 0
"4" 0 0 0 0 0 0.245790413986032 0 0 0 0 0 0 0 0 0 0 0 0 0 0 0
"5" 0 0 0.366964426593108 0 0 0 0 0 0 0 0 0 0 0 0 0 0 0 0 0 0
"6" 0 0 0.338042601251728 0.96204436769389 0 0 0 0 0.737744679773538 0.405503679874533 0 0 0 0 0 0 0 0 0 0 0
"7" 0 0.41113076504881 0 0 0 0 0 1.03272488511286 0 0 0 0 0.342988965449478 0 0 0 0 0 0 0 0
"8" 0 0 0 0 0 0 0.36382799086827 0 0 0 0 0 0 0 0 0 0 0 0 0 0
"9" 0 0 0 0 0 0.294824304806384 0 0 0 0 0 0 0 0 0 0 0 0 0 0 0
"10" 0 0 0 0 0 0.262121976702271 0 0 0 0 0.770082815485383 0.382669971295628 0 0 0 0 0 0 0 0 0
"11" 0 0 0 0 0 0 0 0 0 0.260414676932036 0 0 0 0 0 0 0 0 0 0 0
"12" 0 0 0 0 0 0 0 0 0 0.435987707019176 0 0 0 0 0.331038369795639 0.305393885235857 0 0 0 0 0
"13" 0 0 0 0 0 0 0.477307508742114 0 0 0 0 0 0 1.2964198038326 0 0 0 0 1.20968011582457 0 0
"14" 0 0 0 0 0 0 0 0 0 0 0 0 0.287321620442302 0 0 0 0 0 0 0 0
"15" 0 0 0 0 0 0 0 0 0 0 0 0.333032867709151 0 0 0 0 0 0.880249556905363 0 0.783599395627896 0
"16" 0 0 0 0 0 0 0 0 0 0 0 0.330823915453143 0 0 0 0 1.10142777616522 0 0 0 0.957590628579523
"17" 0 0 0 0 0 0 0 0 0 0 0 0 0 0 0 0.307649136911948 0 0 0 0 0
"18" 0 0 0 0 0 0 0 0 0 0 0 0 0 0 0.414595394574203 0 0 0 0 0 0
"19" 0 0 0 0 0 0 0 0 0 0 0 0 0.368613237916759 0 0 0 0 0 0 0 0
"20" 0 0 0 0 0 0 0 0 0 0 0 0 0 0 0.280628812211087 0 0 0 0 0 0
"21" 0 0 0 0 0 0 0 0 0 0 0 0 0 0 0 0.349849159509584 0 0 0 0 0
