"V1" "V2" "V3" "V4" "V5" "V6" "V7" "V8" "V9" "V10" "V11" "V12" "V13" "V14" "V15" "V16" "V17" "V18" "V19" "V20" "V21"
"1" 0 0 0 0 0 0 0 0.26389009395149 0 0 0 0 0 0 0 0 0 0 0 0 0
"2" 0 0 0 0 0.393070074720988 0 0 0 0 0 0 0 0 0 0 0 0 0 0 0 0
"3" 0 0 0 0.928908727439531 0 0 0.317961703972462 0.280824269383028 0 0 0 0 0 0 0 0 0 0 0 0 0
"4" 0 0 0.369685227031679 0 0 0 0 0 0 0 0 0 0 0 0 0 0 0 0 0 0
"5" 0 1.17521137578755 0 0 0 1.06810999795474 0.405734077236821 0 0 0 0 0 0 0 0 0 0 0 0 0 0
"6" 0 0 0 0 0.240654892552712 0 0 0 0 0 0 0 0 0 0 0 0 0 0 0 0
"7" 0 0 0.318802134731511 0 0.237944497526531 0 0 0 0.325890399325967 0 0 0 0 0 0 0 0 0 0 0 0
"8" 1.05506854556273 0 0.247327781094793 0 0 0 0 0 0 0.881667964998457 0 0 0.473571648475538 0 0 0 0 0 0 0 0
"9" 0 0 0 0 0 0 0.370458663764697 0 0 0 0.35616307079997 1.00045181263343 0 0 0 0 0 0 0 0 0
"10" 0 0 0 0 0 0 0 0.281019204696648 0 0 0 0 0 0 0 0 0 0 0 0 0
"11" 0 0 0 0 0 0 0 0 0.196559508544465 0 0 0 0 0 0 0 0.335448149658722 0 1.0254094094508 0 0
"12" 0 0 0 0 0 0 0 0 0.388720938245017 0 0 0 0 0 0 0 0 0 0 0 0
"13" 0 0 0 0 0 0 0 0.259704129692047 0 0 0 0 0 0.378052688393163 1.39544667522921 0 0 0 0 0 0
"14" 0 0 0 0 0 0 0 0 0 0 0 0 0.342658157395968 0 0 1.46227728956993 0 1.22024658226298 0 0 0
"15" 0 0 0 0 0 0 0 0 0 0 0 0 0.256972103129361 0 0 0 0 0 0 0 0
"16" 0 0 0 0 0 0 0 0 0 0 0 0 0 0.223836100272871 0 0 0 0 0 0 0
"17" 0 0 0 0 0 0 0 0 0 0 0.256107799494503 0 0 0 0 0 0 0 0 0.704292507666277 1.0502545577027
"18" 0 0 0 0 0 0 0 0 0 0 0 0 0 0.402894839959986 0 0 0 0 0 0 0
"19" 0 0 0 0 0 0 0 0 0 0 0.353119254586427 0 0 0 0 0 0 0 0 0 0
"20" 0 0 0 0 0 0 0 0 0 0 0 0 0 0 0 0 0.240078934880118 0 0 0 0
"21" 0 0 0 0 0 0 0 0 0 0 0 0 0 0 0 0 0.292788335755268 0 0 0 0
