"V1" "V2" "V3" "V4" "V5" "V6" "V7" "V8" "V9" "V10" "V11" "V12" "V13" "V14" "V15" "V16" "V17" "V18" "V19" "V20" "V21"
"1" 0 0.218694765127452 0 0 0 0 0.150136460978377 0.26380248404898 0 0.162233991231051 0 0 0.215347394726344 0.148063414005042 0.146883034066224 0 0 0.117485717870688 0 0 0.176711641550555
"2" 0.122178928302742 0 0 0 0 0 0 0 0 0 0 0.312924333938151 0 0 0 0 0 0 0.157225906673479 0 0
"3" 0 0 0 0 0 0 0 0.209189771201571 0 0 0 0 0.194528558458891 0.192372349669108 0 0.431855011079073 0 0.076302183897622 0 0 0
"4" 0 0 0 0 0 0 0 0 0 0 0 0 0 0 0 0 0 0.0873881941312792 0 0.11181047701952 0
"5" 0 0 0 0 0 0 0 0 0 0 0 0 0 0.196080116550384 0.238922417570299 0 0 0 0 0.0857594158105452 0
"6" 0 0 0 0 0 0 0.121878244377288 0 0 0 0 0 0 0 0 0 0.279440836469359 0.0750066913320732 0 0.148693375216088 0
"7" 0.14726528377191 0 0 0 0 0.298476842858445 0 0 0 0 0.108151008235248 0 0 0.168616974010723 0 0 0 0 0 0.0976018386410722 0.207279467271663
"8" 0.120396429146852 0 0.251900684640382 0 0 0 0 0 0 0 0.104176717077154 0.258899961699693 0 0 0 0 0 0 0 0.0978453936052316 0
"9" 0 0 0 0 0 0 0 0 0 0 0 0 0.160655991289047 0 0 0 0 0.0810811667165381 0.22662814158975 0 0
"10" 0.107548380825641 0 0 0 0 0 0 0 0 0 0.199573315371533 0.251797190579938 0 0 0 0 0 0 0.179270239490166 0 0
"11" 0 0 0 0 0 0 0.175471043261442 0.209827013960677 0 0.220366015556545 0 0 0 0.15839572773601 0 0 0 0.119242773353718 0 0.121069729341005 0.240668405797018
"12" 0 0.297824826853824 0 0 0 0 0 0.179739389105068 0 0.342802412388142 0 0 0 0 0 0 0 0 0 0 0
"13" 0.133534459182398 0 0.210417538853817 0 0 0 0 0 0.355687006988035 0 0 0 0 0 0 0 0 0 0.215078499695872 0 0.248593119401628
"14" 0.12869759587199 0 0.234200829449764 0 0.319701795158024 0 0.209174280260296 0 0 0 0.148404835014391 0 0 0 0 0 0 0.143364426236606 0 0 0
"15" 0.100584248191195 0 0 0 0.238792917752551 0 0 0 0 0 0 0 0 0 0 0 0.317728736133301 0.121484888625767 0.186658883466501 0 0
"16" 0 0 0.181286607963293 0 0 0 0 0 0 0 0 0 0 0 0 0 0.190686362020801 0 0 0 0
"17" 0 0 0 0 0 0.310817286553494 0 0 0 0 0 0 0 0 0.21277889675682 0.527945433888267 0 0 0 0.153297885480347 0
"18" 0.0843584275558172 0 0.184024294787407 0.474437355058957 0 0.319398085137419 0 0 0.363435308449603 0 0.175749407273995 0 0 0.118418614741531 0.258065896419174 0 0 0 0 0 0
"19" 0 0.440383095895541 0 0 0 0 0 0 0.394522060191493 0.300776109518349 0 0 0.173302488936206 0 0.214221874048097 0 0 0 0 0 0
"20" 0 0 0 0.418849610432309 0.322829777417991 0.205010257133687 0.156510461128794 0.199178182988772 0 0 0.0997353986112311 0 0 0 0 0 0.194841938357721 0 0 0 0.172911335743009
"21" 0.118213482511589 0 0 0 0 0 0.19508163195205 0 0 0 0.0854052703345925 0 0.250642054639342 0 0 0 0 0 0 0.106456448433391 0
