"V1" "V2" "V3" "V4" "V5" "V6" "V7" "V8" "V9" "V10" "V11" "V12" "V13" "V14" "V15" "V16" "V17" "V18" "V19" "V20" "V21"
"1" 0 0 0 0 0.153156141286635 0 0 0.128775802482399 0.408304122897091 0 0 0 0.221997364437357 0 0 0 0 0.120124236084593 0 0.197465777528314 0
"2" 0 0 0 0 0 0 0 0.168820281504827 0 0 0 0 0 0 0 0 0 0 0 0 0.109280141555424
"3" 0 0 0 0 0 0 0 0.249170526802016 0 0.142517424250766 0 0 0.225951989337592 0 0 0 0 0.184785008363639 0.199787580029228 0.121292107368571 0
"4" 0 0 0 0 0.140139486801704 0 0.141764498792878 0 0 0.115075994092217 0 0.181088566087742 0 0 0 0.17333752658504 0.0917828293713494 0 0 0 0
"5" 0.207948230450142 0 0 0.138689463285772 0 0 0.198139649084412 0 0 0 0 0 0 0.162655011490143 0 0.219702971071156 0.170398299776817 0 0 0 0.160221206910682
"6" 0 0 0 0 0 0 0 0.12255119805087 0 0 0 0 0.236025740838918 0 0.120549530654376 0 0 0 0 0 0
"7" 0 0 0 0.195324813014158 0.161193634044157 0 0 0 0 0 0 0 0 0.210442283749969 0.167446206046415 0 0 0 0.166436981962938 0 0.194916665201442
"8" 0.179289025833259 0.738380371167502 0.179335589146361 0 0 0.393562649359946 0 0 0 0.130318845830603 0 0 0 0 0 0 0 0.122091694527477 0 0 0
"9" 0.180419719543263 0 0 0 0 0 0 0 0 0 0 0 0.172332724178648 0 0 0 0.138278164607068 0 0 0 0
"10" 0 0 0.198904038586062 0.157179819649642 0 0 0 0.153625661676558 0 0 0.241146484650662 0 0 0 0 0.228727672155322 0 0 0.157797925871346 0.175260587360241 0
"11" 0 0 0 0 0 0 0 0 0 0.175422241450669 0 0 0 0.197349529407165 0.164316941343231 0 0 0 0 0.123792081710246 0
"12" 0 0 0 0.194676918010606 0 0 0 0 0 0 0 0 0 0 0.178173618268071 0 0.0665083069681796 0.104590611711019 0 0 0
"13" 0.175037671802892 0 0.104250869430718 0 0 0.400713568961483 0 0 0.399780085302403 0 0 0 0 0 0 0 0 0 0 0 0.212309847494316
"14" 0 0 0 0 0.147939974653607 0 0.200227979859589 0 0 0 0.197112978302898 0 0 0 0.17025918798067 0 0 0 0.134277007806069 0 0
"15" 0 0 0 0 0 0.303723684072269 0.18634484259342 0 0 0 0.334187911864524 0.243629697334474 0 0.251286043625011 0 0 0 0.163090324521339 0 0 0
"16" 0 0 0 0.19089025942225 0.148308168632804 0 0 0 0 0.144318109203687 0 0 0 0 0 0 0 0 0.180659619619415 0.0924961030748204 0
"17" 0 0 0 0.125998899494577 0.175464471003836 0 0 0 0.335574819252805 0 0 0.266983299047479 0 0 0 0 0 0.213736478379307 0.155867285746701 0.184882987818149 0.153370094761232
"18" 0.127501103208841 0 0.109673539375907 0 0 0 0 0.169538036727668 0 0 0 0.26861321603445 0 0 0.190844827283546 0 0.101925887817157 0 0 0 0.134230009065995
"19" 0 0 0.171403553358429 0 0 0 0.197543409334315 0 0 0.172721478012264 0 0 0 0.20726461755798 0 0.210069630681335 0.10172209292298 0 0 0 0
"20" 0.143394262316395 0 0.176007977659084 0 0 0 0 0 0 0.106013485889648 0.257697849364963 0 0 0 0 0.157474020444501 0.138425621708111 0 0 0 0
"21" 0 0.485649164249264 0 0 0.120747818095035 0 0.141366230074091 0 0 0 0 0 0.21084018689164 0 0 0 0.130723611102513 0.136863951337235 0 0 0
