"V1" "V2" "V3" "V4" "V5" "V6" "V7" "V8" "V9" "V10" "V11" "V12" "V13" "V14" "V15" "V16" "V17" "V18" "V19" "V20" "V21"
"1" 0 1 0 0 1 1 0 1 1 0 0 0 1 1 0 0 0 1 0 0 0
"2" 1 0 1 1 1 0 0 1 1 0 1 1 0 1 1 1 1 1 1 1 1
"3" 0 1 0 1 1 0 1 1 0 1 1 1 0 1 1 1 1 1 1 1 0
"4" 0 1 1 0 0 0 0 0 1 1 0 1 0 1 0 1 1 1 1 0 1
"5" 1 1 1 0 0 0 1 1 0 0 1 0 0 1 1 0 1 1 0 1 0
"6" 1 0 0 0 0 0 0 1 1 0 0 0 1 0 0 0 0 0 0 0 0
"7" 0 0 1 0 1 0 0 0 0 0 1 0 0 1 1 0 1 0 0 1 0
"8" 1 1 1 0 1 1 0 0 1 0 0 0 1 1 0 0 0 1 0 1 1
"9" 1 1 0 1 0 1 0 1 0 0 0 0 1 1 0 0 0 1 0 0 1
"10" 0 0 1 1 0 0 0 0 0 0 0 1 0 0 0 1 1 1 1 0 1
"11" 0 1 1 0 1 0 1 0 0 0 0 1 0 1 1 0 1 0 1 1 0
"12" 0 1 1 1 0 0 0 0 0 1 1 0 0 1 1 1 1 1 1 0 0
"13" 1 0 0 0 0 1 0 1 1 0 0 0 0 0 0 0 0 0 0 0 0
"14" 1 1 1 1 1 0 1 1 1 0 1 1 0 0 1 1 1 1 1 1 1
"15" 0 1 1 0 1 0 1 0 0 0 1 1 0 1 0 1 1 0 1 1 0
"16" 0 1 1 1 0 0 0 0 0 1 0 1 0 1 1 0 1 1 1 0 1
"17" 0 1 1 1 1 0 1 0 0 1 1 1 0 1 1 1 0 1 1 1 0
"18" 1 1 1 1 1 0 0 1 1 1 0 1 0 1 0 1 1 0 1 0 1
"19" 0 1 1 1 0 0 0 0 0 1 1 1 0 1 1 1 1 1 0 0 0
"20" 0 1 1 0 1 0 1 1 0 0 1 0 0 1 1 0 1 0 0 0 0
"21" 0 1 0 1 0 0 0 1 1 1 0 0 0 1 0 1 0 1 0 0 0
