"V1" "V2" "V3" "V4" "V5" "V6" "V7" "V8" "V9" "V10" "V11" "V12" "V13" "V14" "V15" "V16" "V17" "V18" "V19" "V20" "V21"
"1" 0 0.0714418086585938 0 0 0.0790949356715164 0.227082520334009 0 0.077641818231847 0.10656831330528 0 0 0 0.31088691477179 0.0640047178813089 0 0 0 0.0682957642337029 0 0 0
"2" 0.162827438528287 0 0.0781966078071958 0.0831045390803515 0.0805615879938105 0 0 0.0772153111468345 0.150271229838881 0 0.071251211148199 0.09770769797977 0 0.0548273421169475 0.0675996664225379 0.0877079185248617 0.0817168768850602 0.0626589575285047 0.0882007028710361 0.0989753706419451 0.12696525342315
"3" 0 0.0870777794090809 0 0.0714501198262358 0.084121866310202 0 0.1305741203196 0.0866368992558117 0 0.14710508920498 0.0890578170506846 0.101430140233107 0 0.06284191339563 0.0771160164903224 0.113330333000839 0.0767888880379645 0.0655377499492301 0.0705023163940004 0.10423936939984 0
"4" 0 0.0502677924041711 0.0701333555249987 0 0 0 0 0 0.117384211963088 0.0891317375202227 0 0.0822391338691018 0 0.0663296552983389 0 0.0882989927072699 0.065138831410024 0.0726840951865098 0.0810929593441663 0 0.114702101857436
"5" 0.114199487003625 0.07757237441009 0.0613256082892901 0 0 0 0.1978066841737 0.0665794804529536 0 0 0.120364825516757 0 0 0.0611476811008887 0.0954165108080455 0 0.0857739025216441 0.0588908493694881 0 0.129798629510166 0
"6" 0.163606422555103 0 0 0 0 0 0 0.0752496857433152 0.103687401396089 0 0 0 0.267323069198315 0 0 0 0 0 0 0 0
"7" 0 0 0.101608502397453 0 0.0722995510130068 0 0 0 0 0 0.0439044135879451 0 0 0.0637879618239693 0.109511320924343 0 0.0809350539975712 0 0 0.120538204138529 0
"8" 0.11276503495843 0.0483009664745369 0.0701221434288233 0 0.10535724710867 0.265734619152541 0 0 0.148767474857036 0 0 0 0.234223260608285 0.0485878337641594 0 0 0 0.04574392384211 0 0.135886990796296 0.127955265113927
"9" 0.120708439445102 0.0584625536010563 0 0.117489141923023 0 0.241011339965466 0 0.0774650253310851 0 0 0 0 0.2634442307063 0.0526109479646763 0 0 0 0.0783943993547412 0 0 0.0986270080187881
"10" 0 0 0.0684262335205184 0.0805567525405085 0 0 0 0 0 0 0 0.101262326602212 0 0 0 0.0983507773286123 0.0742707865716023 0.0717486554708694 0.0913545224774709 0 0.15248898868562
"11" 0 0.0606179541944619 0.0697145959013352 0 0.0966338143183284 0 0.110414875705143 0 0 0 0 0.0798236469893445 0 0.0548100672508532 0.107891909552399 0 0.0787863845567137 0 0.0717284200938055 0.156585940145107 0
"12" 0 0.0723396817542141 0.0754295239777012 0.0663930021315141 0 0 0 0 0 0.137843414787456 0.119062397654641 0 0 0.0428802596277809 0.113545143901665 0.0776179380581802 0.0935646715587219 0.0868864702631642 0.0943099960751572 0 0
"13" 0.157085356021398 0 0 0 0 0.28495201892383 0 0.0880496002662319 0.0960132959053085 0 0 0 0 0 0 0 0 0 0 0 0
"14" 0.115098080868578 0.0851352282210006 0.0607147618951363 0.0805308713028428 0.0910414799882972 0 0.124943322449564 0.135742218765457 0.11649062997843 0 0.087815818638693 0.0652168597391714 0 0 0.0545623693327198 0.0705429510152627 0.0697823072171014 0.0574793441130263 0.0849504140279123 0.157182866063398 0.139738972120897
"15" 0 0.0652143737506902 0.0951811452126835 0 0.101598390520461 0 0.115901634432873 0 0 0 0.0875759546694231 0.10332851585248 0 0.0729602188029326 0 0.104814663254546 0.0668611831530228 0 0.125658975756734 0.132954079518058 0
"16" 0 0.0581664171254493 0.0579488094204562 0.0985992982491732 0 0 0 0 0 0.132291740322787 0 0.0534584788249992 0 0.0640770385643168 0.128343355732194 0 0.0616476048356543 0.0828009300523274 0.118183073495243 0 0.144041421818366
"17" 0 0.0525575375368868 0.0659406201913992 0.0852469285395293 0.113666702864847 0 0.12473651692211 0 0 0.0828633127434422 0.0756216891299536 0.106526390234136 0 0.0793906471868836 0.106441739685112 0.0919846244279238 0 0.0931795303226944 0.117188719712142 0.116880993311859 0
"18" 0.127768480077378 0.0642007017560913 0.0729912262161468 0.0702515294690802 0.108130341207623 0 0 0.0871796140808667 0.136122379404175 0.212001297378921 0 0.0651349136334449 0 0.0426444172013338 0 0.0940579379249995 0.0706572068954009 0 0.0907588184175713 0 0.10036951209541
"19" 0 0.0668823874383127 0.0608288030004775 0.0449330727875959 0 0 0 0 0 0.135821203809472 0.101174576056077 0.0957323969415841 0 0.0324542560053512 0.0802784047736956 0.0938150179827205 0.0748323022633984 0.0647107046307016 0 0 0
"20" 0 0.0520603812314028 0.0902537899136959 0 0.0734382403087369 0 0.152838066809781 0.0988518734229704 0 0 0.117734227717524 0 0 0.0672378435653709 0.0908665578216907 0 0.0849955934672471 0 0 0 0
"21" 0 0.0596786980734709 0 0.0839881414957165 0 0 0 0.0660206349144571 0.178621932955694 0.155526269893666 0 0 0 0.0615842240309305 0 0.0845698876981771 0 0.0936836362928594 0 0 0
